{
  "config": {
    "symbols": [
      "H",
      "H"
    ],
    "geometry": [
      [
        0.0,
        0.0,
        0.0
      ],
      [
        0.0,
        0.0,
        0.7414
      ]
    ],
    "basis": "STO-3G",
    "ansatz": "RY-CZ",
    "optimizer": {
      "name": "Adagrad",
      "stepsize": 0.1,
      "iterations_planned": 50
    },
    "seed": 2,
    "noisy": true,
    "depolarizing_prob": 0.1,
    "amplitude_damping_prob": 0.0
  },
  "energies": [
    1.1542886018643606,
    1.1542886018643606,
    1.1474936963082982,
    1.129106706593452,
    1.1034055941078018,
    1.0737175921389728,
    1.0418810590479048,
    1.0089410075708916,
    0.9755252946722276,
    0.9420160774008897,
    0.9086518831326965,
    0.8756177396127289,
    0.8430438527136079,
    0.8110123341505704,
    0.7795773977383693,
    0.7487748791476989,
    0.7186262282455529,
    0.6891428350053661,
    0.6603347022598619,
    0.6322240879514918,
    0.6048263886187959,
    0.578025132959818,
    0.5518268833112583,
    0.5262875231321281,
    0.5013980767270514,
    0.47713831149534447,
    0.4534899979970862,
    0.43043693927381343,
    0.4079639033354887,
    0.386056070930073,
    0.3646988432053104,
    0.34387780754040875,
    0.3235787656579633,
    0.303787789727875,
    0.28449129338621454,
    0.26567610662416696,
    0.24732951519866953,
    0.22943914789217554,
    0.21199248927418454,
    0.1949759029339771,
    0.17837389229054726,
    0.16217035841991978,
    0.146351885328918,
    0.13090930623665412,
    0.11583556711408849,
    0.10112300418631706,
    0.08676257658335118,
    0.07274442937868322,
    0.059058570481181405,
    0.045695242462075056,
    0.03264505098530529
  ],
  "final_params": [
    -1.685483447354313,
    1.6860770522494428,
    0.004391497829618368,
    -0.0043544230235986504
  ],
  "final_state_real": [
    [
      0.17662064017046564,
      -0.0003570735104383335,
      0.00030064749005282804,
      6.078191156619102e-07,
      0.14103288345299103,
      -0.0002851262236624594,
      -0.0002875536814544995,
      -5.813473591157834e-07,
      -0.14093208431550447,
      0.00028492204552853467,
      -0.0003441836552091217,
      -6.958361930702709e-07,
      0.16142058556750483,
      -0.0003263440472702711,
      -0.00032912241816249015,
      -6.653868858738286e-07
    ],
    [
      -0.0003570735104383335,
      0.012616592968952614,
      -6.078191156619102e-07,
      2.147340283999384e-05,
      -0.0002851262236624594,
      0.01007444251162703,
      5.813473591157834e-07,
      -2.0538192548724553e-05,
      0.00028492204552853467,
      -0.010067242097858501,
      6.958361930702709e-07,
      -2.4582923602483237e-05,
      -0.0003263440472702711,
      0.011530803098378471,
      6.653868858738286e-07,
      -2.350719198631665e-05
    ],
    [
      0.00030064749005282804,
      -6.078191156619102e-07,
      0.01261660721344263,
      -2.550353795972969e-05,
      0.0002875536814544995,
      -5.813473591157834e-07,
      0.010073100892581227,
      -2.0367526506129066e-05,
      -0.0003441836552091217,
      6.958361930702709e-07,
      -0.010067253464059338,
      2.0350207985970833e-05,
      0.00032912241816249015,
      -6.653868858738286e-07,
      0.011529267534992975,
      -2.3311854474541e-05
    ],
    [
      6.078191156619102e-07,
      2.147340283999384e-05,
      -2.550353795972969e-05,
      0.0009012457304396908,
      5.813473591157834e-07,
      2.0538192548724553e-05,
      -2.0367526506129066e-05,
      0.0007195547121459376,
      -6.958361930702709e-07,
      -2.4582923602483237e-05,
      2.0350207985970833e-05,
      -0.000719137011103157,
      6.653868858738286e-07,
      2.350719198631665e-05,
      -2.3311854474541e-05,
      0.0008235734825713177
    ],
    [
      0.141032883452991,
      -0.00028512622366245934,
      0.00028755368145449945,
      5.813473591157834e-07,
      0.21573401007581533,
      -0.0004361489134246244,
      -0.00039266519342354134,
      -7.938513325887807e-07,
      -0.16142058556750483,
      0.0003263440472702711,
      -0.00032912241816249015,
      -6.653868858738286e-07,
      0.18406647644923468,
      -0.0003721267391869276,
      -0.0004204045465419617,
      -8.499319906328878e-07
    ],
    [
      -0.00028512622366245934,
      0.010074442511627027,
      -5.813473591157834e-07,
      2.0538192548724546e-05,
      -0.0004361489134246244,
      0.015410589566765852,
      7.938513325887807e-07,
      -2.8045661974913548e-05,
      0.0003263440472702711,
      -0.011530803098378471,
      6.653868858738286e-07,
      -2.350719198631665e-05,
      -0.0003721267391869276,
      0.013148473532583351,
      8.499319906328878e-07,
      -3.002691351946499e-05
    ],
    [
      -0.00028755368145449945,
      5.813473591157834e-07,
      0.010073100892581224,
      -2.036752650612906e-05,
      -0.00039266519342354134,
      7.938513325887807e-07,
      0.01541060696575699,
      -3.1151401726678236e-05,
      0.00032912241816249015,
      -6.653868858738286e-07,
      -0.011529267534992975,
      2.3311854474541e-05,
      -0.0004204045465419617,
      8.499319906328878e-07,
      0.01314848837758156,
      -2.6578696378328102e-05
    ],
    [
      -5.813473591157834e-07,
      -2.0538192548724546e-05,
      -2.036752650612906e-05,
      0.0007195547121459371,
      -7.938513325887807e-07,
      -2.8045661974913548e-05,
      -3.1151401726678236e-05,
      0.0011008303180410177,
      6.653868858738286e-07,
      2.350719198631665e-05,
      2.3311854474541e-05,
      -0.0008235734825713177,
      -8.499319906328878e-07,
      -3.002691351946499e-05,
      -2.6578696378328102e-05,
      0.0009392397505571408
    ],
    [
      -0.14093208431550447,
      0.00028492204552853467,
      -0.0003441836552091217,
      -6.958361930702709e-07,
      -0.16142058556750483,
      0.0003263440472702711,
      0.00032912241816249015,
      6.653868858738286e-07,
      0.2155114168495883,
      -0.000435698897250909,
      0.00036684821485768847,
      7.416571397212405e-07,
      -0.18394317317915918,
      0.0003718779695413732,
      0.0003750439991799511,
      7.582265592032997e-07
    ],
    [
      0.00028492204552853467,
      -0.010067242097858501,
      6.958361930702709e-07,
      -2.4582923602483237e-05,
      0.0003263440472702711,
      -0.011530803098378471,
      -6.653868858738286e-07,
      2.350719198631665e-05,
      -0.000435698897250909,
      0.015394689000839682,
      -7.416571397212405e-07,
      2.6201713832327594e-05,
      0.00037187796954137324,
      -0.013139665574641508,
      -7.582265592032997e-07,
      2.6787088346216698e-05
    ],
    [
      -0.0003441836552091217,
      6.958361930702709e-07,
      -0.010067253464059338,
      2.0350207985970833e-05,
      -0.00032912241816249015,
      6.653868858738286e-07,
      -0.011529267534992975,
      2.3311854474541e-05,
      0.00036684821485768847,
      -7.416571397212405e-07,
      0.015394706381878627,
      -3.111925987287689e-05,
      -0.0003750439991799512,
      7.582265592032997e-07,
      -0.013137915758155871,
      2.6564495907770193e-05
    ],
    [
      -6.958361930702709e-07,
      -2.4582923602483237e-05,
      2.0350207985970833e-05,
      -0.000719137011103157,
      -6.653868858738286e-07,
      -2.350719198631665e-05,
      2.3311854474541e-05,
      -0.0008235734825713177,
      7.416571397212405e-07,
      2.6201713832327594e-05,
      -3.111925987287689e-05,
      0.0010996944870613067,
      -7.582265592032997e-07,
      -2.67870883462167e-05,
      2.6564495907770206e-05,
      -0.0009384845135940043
    ],
    [
      0.16142058556750483,
      -0.0003263440472702711,
      0.00032912241816249015,
      6.653868858738286e-07,
      0.18406647644923468,
      -0.0003721267391869276,
      -0.0004204045465419617,
      -8.499319906328878e-07,
      -0.18394317317915918,
      0.0003718779695413732,
      -0.0003750439991799511,
      -7.582265592032997e-07,
      0.26323730980257687,
      -0.0005321862167345209,
      -0.00047912764952357895,
      -9.686525045375208e-07
    ],
    [
      -0.0003263440472702711,
      0.011530803098378471,
      -6.653868858738286e-07,
      2.350719198631665e-05,
      -0.0003721267391869276,
      0.013148473532583351,
      8.499319906328878e-07,
      -3.002691351946499e-05,
      0.00037187796954137324,
      -0.013139665574641508,
      7.582265592032997e-07,
      -2.6787088346216698e-05,
      -0.0005321862167345209,
      0.018803906433674866,
      9.686525045375212e-07,
      -3.422114393235532e-05
    ],
    [
      -0.00032912241816249015,
      6.653868858738286e-07,
      0.011529267534992975,
      -2.3311854474541e-05,
      -0.0004204045465419617,
      8.499319906328878e-07,
      0.01314848837758156,
      -2.6578696378328102e-05,
      0.0003750439991799512,
      -7.582265592032997e-07,
      -0.013137915758155871,
      2.6564495907770193e-05,
      -0.00047912764952357895,
      9.686525045375208e-07,
      0.01880392766381664,
      -3.8010748440768966e-05
    ],
    [
      -6.653868858738286e-07,
      -2.350719198631665e-05,
      -2.3311854474541e-05,
      0.0008235734825713177,
      -8.499319906328878e-07,
      -3.002691351946499e-05,
      -2.6578696378328102e-05,
      0.0009392397505571408,
      7.582265592032997e-07,
      2.67870883462167e-05,
      2.6564495907770206e-05,
      -0.0009384845135940043,
      -9.686525045375212e-07,
      -3.422114393235532e-05,
      -3.8010748440768966e-05,
      0.0013432263710686843
    ]
  ],
  "final_state_imag": [
    [
      0.0,
      0.0,
      0.0,
      0.0,
      0.0,
      0.0,
      0.0,
      0.0,
      0.0,
      0.0,
      0.0,
      0.0,
      0.0,
      0.0,
      0.0,
      0.0
    ],
    [
      0.0,
      0.0,
      0.0,
      0.0,
      0.0,
      0.0,
      0.0,
      0.0,
      0.0,
      0.0,
      0.0,
      0.0,
      0.0,
      0.0,
      0.0,
      0.0
    ],
    [
      0.0,
      0.0,
      0.0,
      0.0,
      0.0,
      0.0,
      0.0,
      0.0,
      0.0,
      0.0,
      0.0,
      0.0,
      0.0,
      0.0,
      0.0,
      0.0
    ],
    [
      0.0,
      0.0,
      0.0,
      0.0,
      0.0,
      0.0,
      0.0,
      0.0,
      0.0,
      0.0,
      0.0,
      0.0,
      0.0,
      0.0,
      0.0,
      0.0
    ],
    [
      0.0,
      0.0,
      0.0,
      0.0,
      0.0,
      0.0,
      0.0,
      0.0,
      0.0,
      0.0,
      0.0,
      0.0,
      0.0,
      0.0,
      0.0,
      0.0
    ],
    [
      0.0,
      0.0,
      0.0,
      0.0,
      0.0,
      0.0,
      0.0,
      0.0,
      0.0,
      0.0,
      0.0,
      0.0,
      0.0,
      0.0,
      0.0,
      0.0
    ],
    [
      0.0,
      0.0,
      0.0,
      0.0,
      0.0,
      0.0,
      0.0,
      0.0,
      0.0,
      0.0,
      0.0,
      0.0,
      0.0,
      0.0,
      0.0,
      0.0
    ],
    [
      0.0,
      0.0,
      0.0,
      0.0,
      0.0,
      0.0,
      0.0,
      0.0,
      0.0,
      0.0,
      0.0,
      0.0,
      0.0,
      0.0,
      0.0,
      0.0
    ],
    [
      0.0,
      0.0,
      0.0,
      0.0,
      0.0,
      0.0,
      0.0,
      0.0,
      0.0,
      0.0,
      0.0,
      0.0,
      0.0,
      0.0,
      0.0,
      0.0
    ],
    [
      0.0,
      0.0,
      0.0,
      0.0,
      0.0,
      0.0,
      0.0,
      0.0,
      0.0,
      0.0,
      0.0,
      0.0,
      0.0,
      0.0,
      0.0,
      0.0
    ],
    [
      0.0,
      0.0,
      0.0,
      0.0,
      0.0,
      0.0,
      0.0,
      0.0,
      0.0,
      0.0,
      0.0,
      0.0,
      0.0,
      0.0,
      0.0,
      0.0
    ],
    [
      0.0,
      0.0,
      0.0,
      0.0,
      0.0,
      0.0,
      0.0,
      0.0,
      0.0,
      0.0,
      0.0,
      0.0,
      0.0,
      0.0,
      0.0,
      0.0
    ],
    [
      0.0,
      0.0,
      0.0,
      0.0,
      0.0,
      0.0,
      0.0,
      0.0,
      0.0,
      0.0,
      0.0,
      0.0,
      0.0,
      0.0,
      0.0,
      0.0
    ],
    [
      0.0,
      0.0,
      0.0,
      0.0,
      0.0,
      0.0,
      0.0,
      0.0,
      0.0,
      0.0,
      0.0,
      0.0,
      0.0,
      0.0,
      0.0,
      0.0
    ],
    [
      0.0,
      0.0,
      0.0,
      0.0,
      0.0,
      0.0,
      0.0,
      0.0,
      0.0,
      0.0,
      0.0,
      0.0,
      0.0,
      0.0,
      0.0,
      0.0
    ],
    [
      0.0,
      0.0,
      0.0,
      0.0,
      0.0,
      0.0,
      0.0,
      0.0,
      0.0,
      0.0,
      0.0,
      0.0,
      0.0,
      0.0,
      0.0,
      0.0
    ]
  ]
}