{
  "config": {
    "symbols": [
      "H",
      "H"
    ],
    "geometry": [
      [
        0.0,
        0.0,
        0.0
      ],
      [
        0.0,
        0.0,
        0.7414
      ]
    ],
    "basis": "STO-3G",
    "ansatz": "RY-CZ",
    "optimizer": {
      "name": "GradientDescent",
      "stepsize": 0.1,
      "iterations_planned": 50
    },
    "seed": 3,
    "noisy": true,
    "depolarizing_prob": 0.08,
    "amplitude_damping_prob": 0.0
  },
  "energies": [
    1.1903174042238722,
    1.1903174042238722,
    1.190316751290178,
    1.1903160154099899,
    1.1903151860483256,
    1.1903142513345308,
    1.1903131978805317,
    1.190312010605144,
    1.1903106725084327,
    1.1903091644311155,
    1.1903074647815801,
    1.1903055492237116,
    1.1903033903293805,
    1.1903009571926328,
    1.1902982149772248,
    1.190295124418946,
    1.1902916412688882,
    1.1902877156532992,
    1.190283291382056,
    1.1902783051067656,
    1.190272685447434,
    1.1902663519480114,
    1.190259213951051,
    1.190251169272775,
    1.1902421027640684,
    1.1902318846372497,
    1.1902203686404802,
    1.190207389943762,
    1.190192762797094,
    1.1901762779014304,
    1.1901576993258882,
    1.1901367612587304,
    1.190113164115886,
    1.1900865703135337,
    1.1900565994477044,
    1.1900228228636907,
    1.1899847575393672,
    1.1899418592248876,
    1.1898935146645382,
    1.189839032909796,
    1.189777635431686,
    1.1897084451826931,
    1.189630474073569,
    1.1895426089500105,
    1.1894435959192613,
    1.189332022595043,
    1.1892062981779061,
    1.1890646311406383,
    1.1889050039719709,
    1.1887251448788185,
    1.188522496258454
  ],
  "final_params": [
    0.08058471314657538,
    -0.0096564598397127,
    0.0006510974982238383,
    -0.011251380430629154
  ],
  "final_state_real": [
    [
      0.8018631951420121,
      -0.0042569284416134785,
      0.0002463372497230943,
      1.3077589830824455e-06,
      -0.003652817259771859,
      1.9392063572346802e-05,
      1.1221706362184322e-06,
      5.957396746596931e-09,
      0.030502371752939378,
      -0.00016193088127552618,
      9.370563316770495e-06,
      4.9746590772709185e-08,
      0.0001389766845027526,
      -7.377989396380823e-07,
      -4.2694595260898065e-08,
      -2.266577244987165e-10
    ],
    [
      -0.0042569284416134785,
      0.04520068889563403,
      -1.3077589830824453e-06,
      1.3870383303564227e-05,
      1.9392063572346802e-05,
      -0.00020590776276034067,
      -5.957396746596931e-09,
      6.318547793259286e-08,
      -0.00016193088127552618,
      0.0017194057845982213,
      -4.97465907727092e-08,
      5.276234313731555e-07,
      -7.377989396380823e-07,
      7.8340568790454e-06,
      2.266577244987165e-10,
      -2.403982353155559e-09
    ],
    [
      0.00024633724972309437,
      -1.3077589830824457e-06,
      0.045175475988949804,
      -0.00023982650473137337,
      -1.1221706362184322e-06,
      5.957396746596931e-09,
      -0.0002057921357732471,
      1.0925126724809848e-06,
      9.370563316770495e-06,
      -4.9746590772709185e-08,
      0.0017184467014811583,
      -9.122849443450104e-06,
      4.2694595260898065e-08,
      -2.266577244987165e-10,
      7.829657684078199e-06,
      -4.156621538963379e-08
    ],
    [
      1.3077589830824455e-06,
      1.3870383303564228e-05,
      -0.00023982650473137337,
      0.002546522459516387,
      -5.957396746596931e-09,
      -6.318547793259286e-08,
      1.0925126724809848e-06,
      -1.1600415585363312e-05,
      4.97465907727092e-08,
      5.276234313731555e-07,
      -9.122849443450104e-06,
      9.686811317436995e-05,
      2.266577244987165e-10,
      2.403982353155559e-09,
      -4.156621538963379e-08,
      4.4135448949574413e-07
    ],
    [
      -0.003652817259771859,
      1.9392063572346802e-05,
      -1.1221706362184322e-06,
      -5.957396746596931e-09,
      0.04519402508781167,
      -0.00023992587757220378,
      1.3872430478527985e-05,
      7.3646172456154e-08,
      -0.0001389766845027526,
      7.377989396380823e-07,
      -4.2694595260898065e-08,
      -2.266577244987165e-10,
      0.0017177346586783675,
      -9.119103567757769e-06,
      5.281368145972226e-07,
      2.8037808506932996e-09
    ],
    [
      1.9392063572346802e-05,
      -0.00020590776276034067,
      5.957396746596931e-09,
      -6.318547793259286e-08,
      -0.00023992587757220378,
      0.0025475680643677247,
      -7.3646172456154e-08,
      7.811077224639119e-07,
      7.377989396380823e-07,
      -7.8340568790454e-06,
      2.266577244987165e-10,
      -2.403982353155559e-09,
      -9.119103567757769e-06,
      9.682797562297179e-05,
      -2.8037808506933013e-09,
      2.97375247284826e-08
    ],
    [
      1.1221706362184322e-06,
      -5.957396746596931e-09,
      -0.0002057921357732471,
      1.0925126724809848e-06,
      1.3872430478527989e-05,
      -7.364617245615403e-08,
      0.0025461470330195753,
      -1.3516925502026952e-05,
      4.2694595260898065e-08,
      -2.266577244987165e-10,
      -7.829657684078199e-06,
      4.156621538963379e-08,
      5.281368145972226e-07,
      -2.8037808506932996e-09,
      9.677396505867614e-05,
      -5.13751350283402e-07
    ],
    [
      5.957396746596931e-09,
      6.318547793259286e-08,
      1.0925126724809848e-06,
      -1.1600415585363312e-05,
      7.3646172456154e-08,
      7.811077224639122e-07,
      -1.3516925502026952e-05,
      0.000143525230512266,
      2.266577244987165e-10,
      2.403982353155559e-09,
      4.156621538963379e-08,
      -4.4135448949574413e-07,
      2.8037808506933013e-09,
      2.97375247284826e-08,
      -5.13751350283402e-07,
      5.455107447648206e-06
    ],
    [
      0.030502371752939378,
      -0.00016193088127552618,
      9.370563316770495e-06,
      4.9746590772709185e-08,
      -0.0001389766845027526,
      7.377989396380823e-07,
      4.2694595260898065e-08,
      2.266577244987165e-10,
      0.04647435028033459,
      -0.0002467228633418274,
      1.4277203019272899e-05,
      7.579503515093238e-08,
      -0.0001998741444753053,
      1.0610911634751829e-06,
      6.140271464975418e-08,
      3.259756766754869e-10
    ],
    [
      -0.00016193088127552618,
      0.0017194057845982213,
      -4.97465907727092e-08,
      5.276234313731555e-07,
      7.377989396380823e-07,
      -7.8340568790454e-06,
      -2.266577244987165e-10,
      2.403982353155559e-09,
      -0.0002467228633418274,
      0.002619739453531212,
      -7.579503515093238e-08,
      8.038990392347232e-07,
      1.0610911634751829e-06,
      -1.1266820920879477e-05,
      -3.259756766754869e-10,
      3.4573706941554084e-09
    ],
    [
      9.370563316770495e-06,
      -4.9746590772709185e-08,
      0.0017184467014811583,
      -9.122849443450104e-06,
      -4.2694595260898065e-08,
      2.266577244987165e-10,
      -7.829657684078199e-06,
      4.156621538963379e-08,
      1.4277203019272899e-05,
      -7.579503515093238e-08,
      0.0026182781650421942,
      -1.3899853559708806e-05,
      -6.140271464975418e-08,
      3.259756766754869e-10,
      -1.126049406588509e-05,
      5.977989595740264e-08
    ],
    [
      4.97465907727092e-08,
      5.276234313731555e-07,
      -9.122849443450104e-06,
      9.686811317436995e-05,
      -2.266577244987165e-10,
      -2.403982353155559e-09,
      4.156621538963379e-08,
      -4.4135448949574413e-07,
      7.579503515093238e-08,
      8.038990392347232e-07,
      -1.3899853559708806e-05,
      0.00014759123189254749,
      -3.259756766754869e-10,
      -3.4573706941554084e-09,
      5.977989595740264e-08,
      -6.347492841257826e-07
    ],
    [
      0.0001389766845027526,
      -7.377989396380823e-07,
      4.2694595260898065e-08,
      2.266577244987165e-10,
      0.0017177346586783675,
      -9.119103567757769e-06,
      5.281368145972226e-07,
      2.8037808506932996e-09,
      -0.0001998741444753053,
      1.0610911634751829e-06,
      -6.140271464975418e-08,
      -3.259756766754869e-10,
      0.002619353232863131,
      -1.390561300625915e-05,
      8.040176893073631e-07,
      4.268381484857986e-09
    ],
    [
      -7.377989396380823e-07,
      7.8340568790454e-06,
      -2.266577244987165e-10,
      2.403982353155559e-09,
      -9.119103567757769e-06,
      9.682797562297179e-05,
      -2.8037808506933013e-09,
      2.97375247284826e-08,
      1.0610911634751829e-06,
      -1.1266820920879477e-05,
      3.259756766754869e-10,
      -3.4573706941554084e-09,
      -1.390561300625915e-05,
      0.00014765183301055648,
      -4.268381484857986e-09,
      4.5271405546968835e-08
    ],
    [
      -4.2694595260898065e-08,
      2.266577244987165e-10,
      7.829657684078199e-06,
      -4.156621538963379e-08,
      5.281368145972226e-07,
      -2.8037808506932996e-09,
      9.677396505867614e-05,
      -5.13751350283402e-07,
      6.140271464975418e-08,
      -3.259756766754869e-10,
      -1.126049406588509e-05,
      5.977989595740264e-08,
      8.040176893073631e-07,
      -4.268381484857986e-09,
      0.0001475694729408671,
      -7.834133481873228e-07
    ],
    [
      -2.266577244987165e-10,
      -2.403982353155559e-09,
      -4.156621538963379e-08,
      4.4135448949574413e-07,
      2.8037808506933013e-09,
      2.97375247284826e-08,
      -5.13751350283402e-07,
      5.455107447648206e-06,
      3.259756766754869e-10,
      3.4573706941554084e-09,
      5.977989595740264e-08,
      -6.347492841257826e-07,
      4.268381484857986e-09,
      4.5271405546968835e-08,
      -7.834133481873228e-07,
      8.318428726126407e-06
    ]
  ],
  "final_state_imag": [
    [
      0.0,
      0.0,
      0.0,
      0.0,
      0.0,
      0.0,
      0.0,
      0.0,
      0.0,
      0.0,
      0.0,
      0.0,
      0.0,
      0.0,
      0.0,
      0.0
    ],
    [
      0.0,
      0.0,
      0.0,
      0.0,
      0.0,
      0.0,
      0.0,
      0.0,
      0.0,
      0.0,
      0.0,
      0.0,
      0.0,
      0.0,
      0.0,
      0.0
    ],
    [
      0.0,
      0.0,
      0.0,
      0.0,
      0.0,
      0.0,
      0.0,
      0.0,
      0.0,
      0.0,
      0.0,
      0.0,
      0.0,
      0.0,
      0.0,
      0.0
    ],
    [
      0.0,
      0.0,
      0.0,
      0.0,
      0.0,
      0.0,
      0.0,
      0.0,
      0.0,
      0.0,
      0.0,
      0.0,
      0.0,
      0.0,
      0.0,
      0.0
    ],
    [
      0.0,
      0.0,
      0.0,
      0.0,
      0.0,
      0.0,
      0.0,
      0.0,
      0.0,
      0.0,
      0.0,
      0.0,
      0.0,
      0.0,
      0.0,
      0.0
    ],
    [
      0.0,
      0.0,
      0.0,
      0.0,
      0.0,
      0.0,
      0.0,
      0.0,
      0.0,
      0.0,
      0.0,
      0.0,
      0.0,
      0.0,
      0.0,
      0.0
    ],
    [
      0.0,
      0.0,
      0.0,
      0.0,
      0.0,
      0.0,
      0.0,
      0.0,
      0.0,
      0.0,
      0.0,
      0.0,
      0.0,
      0.0,
      0.0,
      0.0
    ],
    [
      0.0,
      0.0,
      0.0,
      0.0,
      0.0,
      0.0,
      0.0,
      0.0,
      0.0,
      0.0,
      0.0,
      0.0,
      0.0,
      0.0,
      0.0,
      0.0
    ],
    [
      0.0,
      0.0,
      0.0,
      0.0,
      0.0,
      0.0,
      0.0,
      0.0,
      0.0,
      0.0,
      0.0,
      0.0,
      0.0,
      0.0,
      0.0,
      0.0
    ],
    [
      0.0,
      0.0,
      0.0,
      0.0,
      0.0,
      0.0,
      0.0,
      0.0,
      0.0,
      0.0,
      0.0,
      0.0,
      0.0,
      0.0,
      0.0,
      0.0
    ],
    [
      0.0,
      0.0,
      0.0,
      0.0,
      0.0,
      0.0,
      0.0,
      0.0,
      0.0,
      0.0,
      0.0,
      0.0,
      0.0,
      0.0,
      0.0,
      0.0
    ],
    [
      0.0,
      0.0,
      0.0,
      0.0,
      0.0,
      0.0,
      0.0,
      0.0,
      0.0,
      0.0,
      0.0,
      0.0,
      0.0,
      0.0,
      0.0,
      0.0
    ],
    [
      0.0,
      0.0,
      0.0,
      0.0,
      0.0,
      0.0,
      0.0,
      0.0,
      0.0,
      0.0,
      0.0,
      0.0,
      0.0,
      0.0,
      0.0,
      0.0
    ],
    [
      0.0,
      0.0,
      0.0,
      0.0,
      0.0,
      0.0,
      0.0,
      0.0,
      0.0,
      0.0,
      0.0,
      0.0,
      0.0,
      0.0,
      0.0,
      0.0
    ],
    [
      0.0,
      0.0,
      0.0,
      0.0,
      0.0,
      0.0,
      0.0,
      0.0,
      0.0,
      0.0,
      0.0,
      0.0,
      0.0,
      0.0,
      0.0,
      0.0
    ],
    [
      0.0,
      0.0,
      0.0,
      0.0,
      0.0,
      0.0,
      0.0,
      0.0,
      0.0,
      0.0,
      0.0,
      0.0,
      0.0,
      0.0,
      0.0,
      0.0
    ]
  ]
}