{
  "config": {
    "symbols": [
      "H",
      "H"
    ],
    "geometry": [
      [
        0.0,
        0.0,
        0.0
      ],
      [
        0.0,
        0.0,
        0.7414
      ]
    ],
    "basis": "STO-3G",
    "ansatz": "RY-CZ",
    "optimizer": {
      "name": "Adagrad",
      "stepsize": 0.1,
      "iterations_planned": 50
    },
    "seed": 4,
    "noisy": true,
    "depolarizing_prob": 0.06,
    "amplitude_damping_prob": 0.0
  },
  "energies": [
    1.2277296570675162,
    1.2277296570675162,
    1.2204053225417815,
    1.200326796999607,
    1.1722392582254448,
    1.1398791401680126,
    1.1048723049976374,
    1.0684617425348555,
    1.031376403599187,
    0.9942453961657923,
    0.9573447547503969,
    0.9208500863054334,
    0.8848895974114478,
    0.8495531365123619,
    0.8148725031722026,
    0.7808832136402174,
    0.7476233144497741,
    0.715110950369296,
    0.6833533464758329,
    0.6523507594963789,
    0.6220985769598824,
    0.5925887186346916,
    0.56381052649293,
    0.5357513646696073,
    0.508397081168486,
    0.4817324385290443,
    0.4557415488640646,
    0.4304082723361857,
    0.4057164878079788,
    0.38165019181197446,
    0.35819347942352275,
    0.3353305069797075,
    0.31304549361857886,
    0.2913227654922378,
    0.2701468204010148,
    0.24950239041223474,
    0.22937449206046193,
    0.20974846073187456,
    0.190609973648222,
    0.1719450624315279,
    0.15374011939771556,
    0.13598190020993337,
    0.11865752335669147,
    0.10175446997268528,
    0.08526058291479247,
    0.06916406615572404,
    0.05345348447937823,
    0.038117762596657834,
    0.023146180930839116,
    0.008528369174815253,
    -0.005745703173254568
  ],
  "final_params": [
    1.6843301713420449,
    -1.6851653988190096,
    0.008312260465384143,
    -0.008313701651216043
  ],
  "final_state_real": [
    [
      0.1847114649632598,
      -0.0007358282379830091,
      0.0006624358844783653,
      2.6389289549548188e-06,
      -0.16987369140790962,
      0.0006767214959536944,
      0.000676603210353058,
      2.695366970076005e-06,
      0.16971541977192312,
      -0.0006760890468502352,
      0.000750733705046438,
      2.9906787330333064e-06,
      0.1924826168595914,
      -0.0007667880961833241,
      -0.0007666540676486016,
      -3.054100275900527e-06
    ],
    [
      -0.0007358282379830091,
      0.007699497238305549,
      -2.6389289549548188e-06,
      2.7590068418707367e-05,
      0.0006767214959536944,
      -0.007081000727898115,
      -2.695366970076005e-06,
      2.818012928248543e-05,
      -0.0006760890468502352,
      0.007074403346276878,
      -2.9906787330333064e-06,
      3.126762117177752e-05,
      -0.0007667880961833241,
      0.008023429283217653,
      3.054100275900527e-06,
      -3.193069499331452e-05
    ],
    [
      0.0006624358844783653,
      -2.6389289549548184e-06,
      0.007699496133730139,
      -3.064682155806005e-05,
      -0.000676603210353058,
      2.695366970076005e-06,
      -0.0070751412343968475,
      2.8208398123765243e-05,
      0.000750733705046438,
      -2.9906787330333064e-06,
      0.007074402331377885,
      -2.8158718715353928e-05,
      0.0007666540676486016,
      -3.054100275900527e-06,
      0.008016789934692006,
      -3.1962726207212505e-05
    ],
    [
      2.638928954954819e-06,
      2.7590068418707367e-05,
      -3.064682155806005e-05,
      0.00032094515210407255,
      -2.695366970076005e-06,
      -2.818012928248543e-05,
      2.8208398123765243e-05,
      -0.0002949195947620019,
      2.9906787330333064e-06,
      3.126762117177752e-05,
      -2.8158718715353928e-05,
      0.0002948887943904331,
      3.054100275900527e-06,
      3.193069499331452e-05,
      -3.1962726207212505e-05,
      0.0003341712003340689
    ],
    [
      -0.16987369140790962,
      0.0006767214959536944,
      -0.000676603210353058,
      -2.695366970076005e-06,
      0.22804711758728413,
      -0.0009084628761118456,
      -0.0008500497012275696,
      -3.3863213365721415e-06,
      -0.1924826168595914,
      0.0007667880961833241,
      -0.0007666540676486014,
      -3.054100275900526e-06,
      -0.21778189444618845,
      0.0008675696859792392,
      0.0009268653548144173,
      3.6923298985988417e-06
    ],
    [
      0.0006767214959536944,
      -0.007081000727898115,
      2.695366970076005e-06,
      -2.818012928248543e-05,
      -0.0009084628761118456,
      0.009505896953478685,
      3.3863213365721407e-06,
      -3.540407451603923e-05,
      0.000766788096183324,
      -0.008023429283217653,
      3.054100275900527e-06,
      -3.193069499331452e-05,
      0.0008675696859792392,
      -0.009078002251646412,
      -3.6923298985988417e-06,
      3.860340170791943e-05
    ],
    [
      0.000676603210353058,
      -2.695366970076005e-06,
      -0.0070751412343968475,
      2.8208398123765243e-05,
      -0.0008500497012275698,
      3.386321336572142e-06,
      0.009505895589755868,
      -3.783695463038839e-05,
      0.0007666540676486014,
      -3.054100275900526e-06,
      -0.008016789934692006,
      3.1962726207212505e-05,
      0.0009268653548144173,
      -3.6923298985988417e-06,
      -0.00907800094930968,
      3.6133776855682296e-05
    ],
    [
      2.695366970076005e-06,
      2.818012928248543e-05,
      2.8208398123765243e-05,
      -0.0002949195947620019,
      -3.3863213365721415e-06,
      -3.540407451603924e-05,
      -3.783695463038839e-05,
      0.0003962429557661961,
      3.054100275900527e-06,
      3.193069499331452e-05,
      3.196272620721249e-05,
      -0.0003341712003340689,
      3.6923298985988417e-06,
      3.860340170791943e-05,
      3.6133776855682296e-05,
      -0.00037840663140454114
    ],
    [
      0.16971541977192312,
      -0.0006760890468502352,
      0.000750733705046438,
      2.9906787330333064e-06,
      -0.1924826168595914,
      0.0007667880961833241,
      0.0007666540676486016,
      3.054100275900527e-06,
      0.22769534263625726,
      -0.0009070615232373385,
      0.0008165901652117548,
      3.253029435453262e-06,
      0.2175860261718634,
      -0.0008667919082070831,
      -0.0008666403997917272,
      -3.4524132797318316e-06
    ],
    [
      -0.0006760890468502352,
      0.007074403346276878,
      -2.9906787330333064e-06,
      3.126762117177752e-05,
      0.0007667880961833241,
      -0.008023429283217653,
      -3.054100275900527e-06,
      3.193069499331452e-05,
      -0.0009070615232373385,
      0.009491233595876735,
      -3.253029435453262e-06,
      3.401050434635937e-05,
      -0.0008667919082070831,
      0.00906983769490091,
      3.4524132797318316e-06,
      -3.609506743961809e-05
    ],
    [
      0.000750733705046438,
      -2.9906787330333064e-06,
      0.007074402331377885,
      -2.8158718715353928e-05,
      -0.0007666540676486016,
      3.054100275900527e-06,
      -0.008016789934692006,
      3.1962726207212505e-05,
      0.000816590165211755,
      -3.253029435453262e-06,
      0.009491232234257536,
      -3.777858909170968e-05,
      0.0008666403997917274,
      -3.452413279731832e-06,
      0.009062332448527834,
      -3.6131276135547266e-05
    ],
    [
      2.9906787330333064e-06,
      3.126762117177752e-05,
      -2.8158718715353928e-05,
      0.0002948887943904331,
      -3.054100275900527e-06,
      -3.193069499331452e-05,
      3.1962726207212505e-05,
      -0.0003341712003340689,
      3.253029435453262e-06,
      3.401050434635938e-05,
      -3.777858909170968e-05,
      0.0003956317296834723,
      3.452413279731832e-06,
      3.6095067439618105e-05,
      -3.6131276135547266e-05,
      0.0003777535069299873
    ],
    [
      0.1924826168595914,
      -0.0007667880961833241,
      0.0007666540676486014,
      3.054100275900526e-06,
      -0.21778189444618845,
      0.0008675696859792392,
      0.0009268653548144173,
      3.6923298985988417e-06,
      0.2175860261718634,
      -0.0008667919082070831,
      0.0008666403997917272,
      3.4524132797318316e-06,
      0.2811155581846304,
      -0.001119869662068626,
      -0.0010478632607746274,
      -4.174346173696524e-06
    ],
    [
      -0.000766788096183324,
      0.008023429283217653,
      -3.054100275900527e-06,
      3.193069499331452e-05,
      0.0008675696859792392,
      -0.009078002251646412,
      -3.6923298985988417e-06,
      3.860340170791943e-05,
      -0.0008667919082070831,
      0.00906983769490091,
      -3.4524132797318316e-06,
      3.609506743961809e-05,
      -0.001119869662068626,
      0.011717997387535239,
      4.174346173696524e-06,
      -4.3642893954918235e-05
    ],
    [
      -0.0007666540676486014,
      3.054100275900526e-06,
      0.008016789934692006,
      -3.1962726207212505e-05,
      0.0009268653548144173,
      -3.6923298985988417e-06,
      -0.00907800094930968,
      3.6133776855682296e-05,
      -0.0008666403997917274,
      3.452413279731832e-06,
      0.009062332448527834,
      -3.6131276135547266e-05,
      -0.0010478632607746274,
      4.174346173696524e-06,
      0.011717995706462904,
      -4.66419252892204e-05
    ],
    [
      -3.054100275900527e-06,
      -3.193069499331452e-05,
      -3.196272620721249e-05,
      0.0003341712003340689,
      3.6923298985988417e-06,
      3.860340170791943e-05,
      3.6133776855682296e-05,
      -0.00037840663140454114,
      -3.452413279731832e-06,
      -3.6095067439618105e-05,
      -3.6131276135547266e-05,
      0.0003777535069299873,
      -4.174346173696524e-06,
      -4.3642893954918235e-05,
      -4.66419252892204e-05,
      0.0004884519517959174
    ]
  ],
  "final_state_imag": [
    [
      0.0,
      0.0,
      0.0,
      0.0,
      0.0,
      0.0,
      0.0,
      0.0,
      0.0,
      0.0,
      0.0,
      0.0,
      0.0,
      0.0,
      0.0,
      0.0
    ],
    [
      0.0,
      0.0,
      0.0,
      0.0,
      0.0,
      0.0,
      0.0,
      0.0,
      0.0,
      0.0,
      0.0,
      0.0,
      0.0,
      0.0,
      0.0,
      0.0
    ],
    [
      0.0,
      0.0,
      0.0,
      0.0,
      0.0,
      0.0,
      0.0,
      0.0,
      0.0,
      0.0,
      0.0,
      0.0,
      0.0,
      0.0,
      0.0,
      0.0
    ],
    [
      0.0,
      0.0,
      0.0,
      0.0,
      0.0,
      0.0,
      0.0,
      0.0,
      0.0,
      0.0,
      0.0,
      0.0,
      0.0,
      0.0,
      0.0,
      0.0
    ],
    [
      0.0,
      0.0,
      0.0,
      0.0,
      0.0,
      0.0,
      0.0,
      0.0,
      0.0,
      0.0,
      0.0,
      0.0,
      0.0,
      0.0,
      0.0,
      0.0
    ],
    [
      0.0,
      0.0,
      0.0,
      0.0,
      0.0,
      0.0,
      0.0,
      0.0,
      0.0,
      0.0,
      0.0,
      0.0,
      0.0,
      0.0,
      0.0,
      0.0
    ],
    [
      0.0,
      0.0,
      0.0,
      0.0,
      0.0,
      0.0,
      0.0,
      0.0,
      0.0,
      0.0,
      0.0,
      0.0,
      0.0,
      0.0,
      0.0,
      0.0
    ],
    [
      0.0,
      0.0,
      0.0,
      0.0,
      0.0,
      0.0,
      0.0,
      0.0,
      0.0,
      0.0,
      0.0,
      0.0,
      0.0,
      0.0,
      0.0,
      0.0
    ],
    [
      0.0,
      0.0,
      0.0,
      0.0,
      0.0,
      0.0,
      0.0,
      0.0,
      0.0,
      0.0,
      0.0,
      0.0,
      0.0,
      0.0,
      0.0,
      0.0
    ],
    [
      0.0,
      0.0,
      0.0,
      0.0,
      0.0,
      0.0,
      0.0,
      0.0,
      0.0,
      0.0,
      0.0,
      0.0,
      0.0,
      0.0,
      0.0,
      0.0
    ],
    [
      0.0,
      0.0,
      0.0,
      0.0,
      0.0,
      0.0,
      0.0,
      0.0,
      0.0,
      0.0,
      0.0,
      0.0,
      0.0,
      0.0,
      0.0,
      0.0
    ],
    [
      0.0,
      0.0,
      0.0,
      0.0,
      0.0,
      0.0,
      0.0,
      0.0,
      0.0,
      0.0,
      0.0,
      0.0,
      0.0,
      0.0,
      0.0,
      0.0
    ],
    [
      0.0,
      0.0,
      0.0,
      0.0,
      0.0,
      0.0,
      0.0,
      0.0,
      0.0,
      0.0,
      0.0,
      0.0,
      0.0,
      0.0,
      0.0,
      0.0
    ],
    [
      0.0,
      0.0,
      0.0,
      0.0,
      0.0,
      0.0,
      0.0,
      0.0,
      0.0,
      0.0,
      0.0,
      0.0,
      0.0,
      0.0,
      0.0,
      0.0
    ],
    [
      0.0,
      0.0,
      0.0,
      0.0,
      0.0,
      0.0,
      0.0,
      0.0,
      0.0,
      0.0,
      0.0,
      0.0,
      0.0,
      0.0,
      0.0,
      0.0
    ],
    [
      0.0,
      0.0,
      0.0,
      0.0,
      0.0,
      0.0,
      0.0,
      0.0,
      0.0,
      0.0,
      0.0,
      0.0,
      0.0,
      0.0,
      0.0,
      0.0
    ]
  ]
}