{
  "config": {
    "symbols": [
      "H",
      "H"
    ],
    "geometry": [
      [
        0.0,
        0.0,
        0.0
      ],
      [
        0.0,
        0.0,
        0.7414
      ]
    ],
    "basis": "STO-3G",
    "ansatz": "RY-CZ",
    "optimizer": {
      "name": "Adam",
      "stepsize": 0.1,
      "iterations_planned": 50
    },
    "seed": 0,
    "noisy": true,
    "depolarizing_prob": 0.08,
    "amplitude_damping_prob": 0.0
  },
  "energies": [
    1.1902980880098875,
    1.1902980880098875,
    1.1834002273066713,
    1.169480171362325,
    1.1460089628256995,
    1.1126049910034057,
    1.0692965373453789,
    1.0162551463855585,
    0.9537005463242838,
    0.8823483825708313,
    0.8027239393151008,
    0.7160022142175291,
    0.6230893620620821,
    0.5254910885549239,
    0.4244583584937747,
    0.3216679988379706,
    0.21856098529793488,
    0.11680880991791477,
    0.01779942396139042,
    -0.07698266671107865,
    -0.1664541415161498,
    -0.24947947167629222,
    -0.3254494405951832,
    -0.39368328545922315,
    -0.4540728025989105,
    -0.5064176677263397,
    -0.551002663192905,
    -0.588055324827379,
    -0.6180872786946568,
    -0.6416443184015787,
    -0.6593316052142337,
    -0.6718747255992958,
    -0.6799095628721834,
    -0.6842063553337553,
    -0.6854076117225258,
    -0.6842269324089805,
    -0.6812782462845032,
    -0.6771605329187915,
    -0.6724012038030535,
    -0.6674572250567292,
    -0.6627151765550894,
    -0.6584781323955908,
    -0.6549695825452793,
    -0.6523379479676359,
    -0.6506594672098788,
    -0.6499426282467787,
    -0.6501548259126001,
    -0.6511999168181013,
    -0.6529755702287269,
    -0.655333624160494,
    -0.6581319423637716
  ],
  "final_params": [
    -3.4155960381045687,
    3.4155390946626283,
    0.0008796133669445965,
    0.0004535775695901005
  ],
  "final_state_real": [
    [
      0.0043903463743154075,
      9.395865897675774e-07,
      -9.030966507213805e-07,
      1.9327348080263107e-10,
      0.0037556858330682168,
      8.037616846348994e-07,
      -1.5587180512308725e-06,
      3.335842992116551e-10,
      -0.0037572813299708335,
      -8.041031050027727e-07,
      3.1462618693259115e-06,
      -6.733376571770903e-10,
      0.013088474921408239,
      2.801090165611209e-06,
      -5.432094970098912e-06,
      1.1625332704786938e-09
    ],
    [
      9.395865897675776e-07,
      0.0002473436828006506,
      -1.93273480802631e-10,
      -5.0878638246020275e-08,
      8.037616846348994e-07,
      0.0002115881268111047,
      -3.335842992116551e-10,
      -8.781502156249742e-08,
      -8.041031050027727e-07,
      -0.00021167801404234896,
      6.733376571770904e-10,
      1.7725402851268792e-07,
      2.8010901656112096e-06,
      0.0007373795398568922,
      -1.1625332704786938e-09,
      -3.060332409392975e-07
    ],
    [
      -9.030966507213805e-07,
      -1.932734808026311e-10,
      0.00024734430423702737,
      5.293427459424086e-08,
      1.5587180512308725e-06,
      3.335842992116551e-10,
      0.00021158721010110506,
      4.5282503408264745e-08,
      3.1462618693259115e-06,
      6.733376571770903e-10,
      -0.00021167854587084188,
      -4.5301428336506523e-08,
      5.432094970098912e-06,
      1.1625332704786938e-09,
      0.0007373763451445619,
      1.5780843674921178e-07
    ],
    [
      1.93273480802631e-10,
      -5.0878638246020275e-08,
      5.293427459424087e-08,
      1.3934903060875385e-05,
      -3.335842992116551e-10,
      8.781502156249742e-08,
      4.5282503408264745e-08,
      1.1920417050940084e-05,
      -6.733376571770904e-10,
      1.7725402851268792e-07,
      -4.5301428336506523e-08,
      -1.1925562732791131e-05,
      -1.1625332704786938e-09,
      3.060332409392975e-07,
      1.578084367492118e-07,
      4.1542367109150746e-05
    ],
    [
      0.0037556858330682168,
      8.037616846348996e-07,
      1.5587180512308725e-06,
      -3.335842992116552e-10,
      0.05833856886880696,
      1.248515089744155e-05,
      -2.4160413858032916e-05,
      5.170617430863201e-09,
      -0.013088474921408242,
      -2.8010901656112096e-06,
      -5.432094970098913e-06,
      1.1625332704786942e-09,
      -0.100518003073806,
      -2.1512053871396707e-05,
      4.180727420888106e-05,
      -8.947256534243732e-09
    ],
    [
      8.037616846348996e-07,
      0.0002115881268111047,
      3.335842992116552e-10,
      8.781502156249742e-08,
      1.2485150897441554e-05,
      0.0032866829272850118,
      -5.170617430863199e-09,
      -1.3611488378072103e-06,
      -2.8010901656112096e-06,
      -0.0007373795398568924,
      -1.1625332704786942e-09,
      -3.0603324093929754e-07,
      -2.1512053871396707e-05,
      -0.0056629912422158585,
      8.947256534243734e-09,
      2.3553372485954165e-06
    ],
    [
      -1.558718051230873e-06,
      -3.335842992116552e-10,
      0.00021158721010110506,
      4.528250340826475e-08,
      -2.4160413858032916e-05,
      -5.170617430863201e-09,
      0.0032866911848815124,
      7.033863756177991e-07,
      5.432094970098913e-06,
      1.1625332704786942e-09,
      -0.000737376345144562,
      -1.578084367492118e-07,
      4.180727420888106e-05,
      8.947256534243732e-09,
      -0.005663005470146481,
      -1.2119425491122633e-06
    ],
    [
      3.335842992116552e-10,
      -8.781502156249743e-08,
      4.528250340826475e-08,
      1.1920417050940084e-05,
      5.170617430863199e-09,
      -1.3611488378072103e-06,
      7.033863756177992e-07,
      0.0001851658690651237,
      -1.1625332704786942e-09,
      3.0603324093929754e-07,
      -1.5780843674921186e-07,
      -4.1542367109150746e-05,
      -8.947256534243734e-09,
      2.3553372485954165e-06,
      -1.2119425491122633e-06,
      -0.00031904285204027326
    ],
    [
      -0.0037572813299708335,
      -8.041031050027727e-07,
      3.1462618693259115e-06,
      -6.733376571770903e-10,
      -0.013088474921408239,
      -2.801090165611209e-06,
      5.432094970098912e-06,
      -1.1625332704786938e-09,
      0.05833240170790574,
      1.2483831051309685e-05,
      -1.1999006939209498e-05,
      2.5679309467746215e-09,
      0.10049680225737138,
      2.1507517580834365e-05,
      -4.170907438271318e-05,
      8.926240597353127e-09
    ],
    [
      -8.041031050027727e-07,
      -0.00021167801404234896,
      6.733376571770904e-10,
      1.7725402851268792e-07,
      -2.8010901656112096e-06,
      -0.0007373795398568922,
      1.1625332704786938e-09,
      3.060332409392975e-07,
      1.2483831051309685e-05,
      0.0032863354812842456,
      -2.5679309467746203e-09,
      -6.759997757536516e-07,
      2.1507517580834365e-05,
      0.005661796828935394,
      -8.926240597353127e-09,
      -2.3498048690572727e-06
    ],
    [
      3.1462618693259115e-06,
      6.733376571770903e-10,
      -0.00021167854587084188,
      -4.5301428336506523e-08,
      -5.432094970098912e-06,
      -1.1625332704786938e-09,
      -0.0007373763451445619,
      -1.5780843674921178e-07,
      -1.1999006939209498e-05,
      -2.5679309467746215e-09,
      0.00328634373800781,
      7.033120183437304e-07,
      4.170907438271318e-05,
      8.926240597353127e-09,
      0.005661772299081818,
      1.2116952783085652e-06
    ],
    [
      -6.733376571770904e-10,
      1.7725402851268792e-07,
      -4.5301428336506523e-08,
      -1.1925562732791131e-05,
      1.1625332704786938e-09,
      -3.060332409392975e-07,
      -1.578084367492118e-07,
      -4.1542367109150746e-05,
      2.5679309467746203e-09,
      -6.759997757536516e-07,
      7.033120183437304e-07,
      0.00018514629457555226,
      -8.926240597353127e-09,
      2.3498048690572727e-06,
      1.2116952783085652e-06,
      0.00031897337755087057
    ],
    [
      0.013088474921408242,
      2.8010901656112096e-06,
      5.432094970098913e-06,
      -1.1625332704786942e-09,
      -0.100518003073806,
      -2.1512053871396707e-05,
      4.180727420888106e-05,
      -8.947256534243732e-09,
      0.1004968022573714,
      2.1507517580834368e-05,
      4.170907438271319e-05,
      -8.926240597353127e-09,
      0.7751162537489334,
      0.00016588414112245157,
      -0.0003210076942541438,
      6.869948458270404e-08
    ],
    [
      2.8010901656112096e-06,
      0.0007373795398568924,
      1.1625332704786942e-09,
      3.0603324093929754e-07,
      -2.1512053871396707e-05,
      -0.0056629912422158585,
      8.947256534243734e-09,
      2.3553372485954165e-06,
      2.1507517580834368e-05,
      0.005661796828935395,
      8.926240597353127e-09,
      2.349804869057273e-06,
      0.0001658841411224516,
      0.04366856107812222,
      -6.869948458270401e-08,
      -1.8084924063332036e-05
    ],
    [
      -5.432094970098913e-06,
      -1.1625332704786942e-09,
      0.000737376345144562,
      1.578084367492118e-07,
      4.180727420888106e-05,
      8.947256534243732e-09,
      -0.005663005470146481,
      -1.2119425491122633e-06,
      -4.170907438271319e-05,
      -8.926240597353127e-09,
      0.00566177229908182,
      1.2116952783085652e-06,
      -0.0003210076942541438,
      -6.869948458270404e-08,
      0.04366867079279965,
      9.345553430235497e-06
    ],
    [
      1.1625332704786942e-09,
      -3.0603324093929754e-07,
      1.5780843674921186e-07,
      4.1542367109150746e-05,
      -8.947256534243734e-09,
      2.3553372485954165e-06,
      -1.2119425491122633e-06,
      -0.00031904285204027326,
      8.926240597353127e-09,
      -2.349804869057273e-06,
      1.2116952783085652e-06,
      0.0003189733775508706,
      6.869948458270401e-08,
      -1.8084924063332036e-05,
      9.345553430235497e-06,
      0.0024602090441177356
    ]
  ],
  "final_state_imag": [
    [
      0.0,
      0.0,
      0.0,
      0.0,
      0.0,
      0.0,
      0.0,
      0.0,
      0.0,
      0.0,
      0.0,
      0.0,
      0.0,
      0.0,
      0.0,
      0.0
    ],
    [
      0.0,
      0.0,
      0.0,
      0.0,
      0.0,
      0.0,
      0.0,
      0.0,
      0.0,
      0.0,
      0.0,
      0.0,
      0.0,
      0.0,
      0.0,
      0.0
    ],
    [
      0.0,
      0.0,
      0.0,
      0.0,
      0.0,
      0.0,
      0.0,
      0.0,
      0.0,
      0.0,
      0.0,
      0.0,
      0.0,
      0.0,
      0.0,
      0.0
    ],
    [
      0.0,
      0.0,
      0.0,
      0.0,
      0.0,
      0.0,
      0.0,
      0.0,
      0.0,
      0.0,
      0.0,
      0.0,
      0.0,
      0.0,
      0.0,
      0.0
    ],
    [
      0.0,
      0.0,
      0.0,
      0.0,
      0.0,
      0.0,
      0.0,
      0.0,
      0.0,
      0.0,
      0.0,
      0.0,
      0.0,
      0.0,
      0.0,
      0.0
    ],
    [
      0.0,
      0.0,
      0.0,
      0.0,
      0.0,
      0.0,
      0.0,
      0.0,
      0.0,
      0.0,
      0.0,
      0.0,
      0.0,
      0.0,
      0.0,
      0.0
    ],
    [
      0.0,
      0.0,
      0.0,
      0.0,
      0.0,
      0.0,
      0.0,
      0.0,
      0.0,
      0.0,
      0.0,
      0.0,
      0.0,
      0.0,
      0.0,
      0.0
    ],
    [
      0.0,
      0.0,
      0.0,
      0.0,
      0.0,
      0.0,
      0.0,
      0.0,
      0.0,
      0.0,
      0.0,
      0.0,
      0.0,
      0.0,
      0.0,
      0.0
    ],
    [
      0.0,
      0.0,
      0.0,
      0.0,
      0.0,
      0.0,
      0.0,
      0.0,
      0.0,
      0.0,
      0.0,
      0.0,
      0.0,
      0.0,
      0.0,
      0.0
    ],
    [
      0.0,
      0.0,
      0.0,
      0.0,
      0.0,
      0.0,
      0.0,
      0.0,
      0.0,
      0.0,
      0.0,
      0.0,
      0.0,
      0.0,
      0.0,
      0.0
    ],
    [
      0.0,
      0.0,
      0.0,
      0.0,
      0.0,
      0.0,
      0.0,
      0.0,
      0.0,
      0.0,
      0.0,
      0.0,
      0.0,
      0.0,
      0.0,
      0.0
    ],
    [
      0.0,
      0.0,
      0.0,
      0.0,
      0.0,
      0.0,
      0.0,
      0.0,
      0.0,
      0.0,
      0.0,
      0.0,
      0.0,
      0.0,
      0.0,
      0.0
    ],
    [
      0.0,
      0.0,
      0.0,
      0.0,
      0.0,
      0.0,
      0.0,
      0.0,
      0.0,
      0.0,
      0.0,
      0.0,
      0.0,
      0.0,
      0.0,
      0.0
    ],
    [
      0.0,
      0.0,
      0.0,
      0.0,
      0.0,
      0.0,
      0.0,
      0.0,
      0.0,
      0.0,
      0.0,
      0.0,
      0.0,
      0.0,
      0.0,
      0.0
    ],
    [
      0.0,
      0.0,
      0.0,
      0.0,
      0.0,
      0.0,
      0.0,
      0.0,
      0.0,
      0.0,
      0.0,
      0.0,
      0.0,
      0.0,
      0.0,
      0.0
    ],
    [
      0.0,
      0.0,
      0.0,
      0.0,
      0.0,
      0.0,
      0.0,
      0.0,
      0.0,
      0.0,
      0.0,
      0.0,
      0.0,
      0.0,
      0.0,
      0.0
    ]
  ]
}