{
  "config": {
    "symbols": [
      "H",
      "H"
    ],
    "geometry": [
      [
        0.0,
        0.0,
        0.0
      ],
      [
        0.0,
        0.0,
        0.7414
      ]
    ],
    "basis": "STO-3G",
    "ansatz": "RY-CZ",
    "optimizer": {
      "name": "GradientDescent",
      "stepsize": 0.1,
      "iterations_planned": 50
    },
    "seed": 8,
    "noisy": true,
    "depolarizing_prob": 0.1,
    "amplitude_damping_prob": 0.0
  },
  "energies": [
    1.1542131557483122,
    1.1542131557483122,
    1.1541986126631951,
    1.1541823155521138,
    1.1541640529116686,
    1.1541435876951518,
    1.1541206543264535,
    1.1540949552274762,
    1.1540661569247757,
    1.1540338858204868,
    1.1539977232861665,
    1.1539572002757963,
    1.153911791342456,
    1.1538609077310313,
    1.153803889844373,
    1.1537399988281958,
    1.1536684068812373,
    1.1535881868219717,
    1.153498299993506,
    1.1533975830581915,
    1.1532847332139222,
    1.1531582912201446,
    1.1530166230625623,
    1.152857899160049,
    1.1526800710370813,
    1.1524808453892432,
    1.1522576553383557,
    1.1520076280016747,
    1.1517275484918932,
    1.1514138200519426,
    1.1510624193179746,
    1.1506688468521422,
    1.1502280720056515,
    1.1497344714440731,
    1.1491817619290647,
    1.1485629250064229,
    1.1478701240561557,
    1.1470946126895627,
    1.1462266342356136,
    1.1452553109489192,
    1.1441685228442828,
    1.1429527756274425,
    1.1415930557203584,
    1.140072675304078,
    1.1383731033427238,
    1.1364737852301803,
    1.1343519504536514,
    1.13198240981412,
    1.1293373425652142,
    1.1263860771723593,
    1.1230948676207348
  ],
  "final_params": [
    -0.32990267983147337,
    -0.10687727503816188,
    0.009765123696624065,
    0.003243328006047322
  ],
  "final_state_real": [
    [
      0.7378574301140827,
      0.001111085469765886,
      0.0033439560638794906,
      -5.035437595233636e-06,
      -0.03649617921516664,
      -5.495729795138028e-05,
      0.00016546818300391703,
      -2.491673615311442e-07,
      -0.11378144812958624,
      -0.00017133515037743514,
      -0.0005160770968984771,
      7.771256458276465e-07,
      -0.0056525331034986215,
      -8.511793635096982e-06,
      2.5627734248321598e-05,
      -3.859107417964742e-08
    ],
    [
      0.001111085469765886,
      0.05270603266712084,
      5.035437595233635e-06,
      0.00023884525549676893,
      -5.495729795138028e-05,
      -0.002606965431848072,
      2.491673615311442e-07,
      1.1818723000895546e-05,
      -0.00017133515037743514,
      -0.008127543990582402,
      -7.771256458276465e-07,
      -3.6861299523697855e-05,
      -8.511793635096984e-06,
      -0.0004037671537154778,
      3.859107417964742e-08,
      1.8304853943691823e-06
    ],
    [
      0.0033439560638794906,
      5.035437595233636e-06,
      0.052721602739967,
      7.933689489539042e-05,
      -0.00016546818300391703,
      -2.491673615311442e-07,
      -0.0026060043203400976,
      -3.926824765872033e-06,
      -0.0005160770968984771,
      -7.771256458276465e-07,
      -0.0081299449766857,
      -1.2234161265959737e-05,
      -2.5627734248321598e-05,
      -3.859107417964742e-08,
      -0.0004036182966369615,
      -6.08187143368305e-07
    ],
    [
      -5.035437595233635e-06,
      0.00023884525549676893,
      7.933689489539042e-05,
      0.0037659667069369182,
      2.491673615311442e-07,
      -1.1818723000895546e-05,
      -3.926824765872033e-06,
      -0.00018614998403860593,
      7.771256458276465e-07,
      -3.6861299523697855e-05,
      -1.2234161265959737e-05,
      -0.000580731626510612,
      3.859107417964742e-08,
      -1.8304853943691823e-06,
      -6.081871433683052e-07,
      -2.883093435042899e-05
    ],
    [
      -0.03649617921516664,
      -5.495729795138028e-05,
      -0.00016546818300391703,
      2.491673615311442e-07,
      0.054804010595045305,
      8.25253461873194e-05,
      0.00022933336818902728,
      -3.453376306268961e-07,
      0.0056525331034986215,
      8.511793635096982e-06,
      2.5627734248321598e-05,
      -3.859107417964742e-08,
      -0.0078032971242780825,
      -1.1750413694025946e-05,
      -3.833138155417289e-05,
      5.7720638689014565e-08
    ],
    [
      -5.495729795138028e-05,
      -0.002606965431848072,
      -2.491673615311442e-07,
      -1.1818723000895546e-05,
      8.25253461873194e-05,
      0.0039147155735290125,
      3.4533763062689605e-07,
      1.6380354846975882e-05,
      8.511793635096984e-06,
      0.0004037671537154778,
      3.859107417964742e-08,
      1.8304853943691823e-06,
      -1.1750413694025946e-05,
      -0.0005573987824177109,
      -5.7720638689014565e-08,
      -2.737855535765945e-06
    ],
    [
      0.00016546818300391703,
      2.491673615311442e-07,
      -0.0026060043203400976,
      -3.926824765872033e-06,
      0.00022933336818902728,
      3.453376306268961e-07,
      0.003915872033303491,
      5.892710232317801e-06,
      -2.5627734248321598e-05,
      -3.859107417964742e-08,
      0.0004036182966369615,
      6.08187143368305e-07,
      -3.8331381554172896e-05,
      -5.7720638689014565e-08,
      -0.0005575634455351463,
      -8.39036565221866e-07
    ],
    [
      -2.491673615311442e-07,
      1.1818723000895546e-05,
      -3.926824765872033e-06,
      -0.00018614998403860593,
      -3.4533763062689605e-07,
      1.6380354846975882e-05,
      5.892710232317801e-06,
      0.0002797153906489063,
      3.859107417964742e-08,
      -1.8304853943691823e-06,
      6.081871433683052e-07,
      2.883093435042899e-05,
      5.7720638689014565e-08,
      -2.737855535765946e-06,
      -8.39036565221866e-07,
      -3.982741919373808e-05
    ],
    [
      -0.11378144812958624,
      -0.00017133515037743514,
      -0.0005160770968984771,
      7.771256458276465e-07,
      0.0056525331034986215,
      8.511793635096982e-06,
      -2.5627734248321598e-05,
      3.859107417964742e-08,
      0.07300578957125939,
      0.00010993407220805596,
      0.00033086087199444127,
      -4.982210417261734e-07,
      -0.001598717322564399,
      -2.4074077376212674e-06,
      7.248343694884231e-06,
      -1.091479123743358e-08
    ],
    [
      -0.00017133515037743514,
      -0.008127543990582402,
      -7.771256458276465e-07,
      -3.6861299523697855e-05,
      8.511793635096984e-06,
      0.0004037671537154778,
      -3.859107417964742e-08,
      -1.8304853943691823e-06,
      0.00010993407220805596,
      0.005214890266046136,
      4.982210417261732e-07,
      2.3632053769784215e-05,
      -2.4074077376212674e-06,
      -0.00011419827732241326,
      1.091479123743358e-08,
      5.177198709137729e-07
    ],
    [
      -0.0005160770968984771,
      -7.771256458276465e-07,
      -0.0081299449766857,
      -1.2234161265959737e-05,
      2.5627734248321598e-05,
      3.859107417964742e-08,
      0.0004036182966369615,
      6.08187143368305e-07,
      0.00033086087199444127,
      4.982210417261734e-07,
      0.005216430814959006,
      7.849826291068817e-06,
      -7.248343694884231e-06,
      -1.091479123743358e-08,
      -0.0001141561757750799,
      -1.7201479472310418e-07
    ],
    [
      7.771256458276465e-07,
      -3.6861299523697855e-05,
      -1.2234161265959737e-05,
      -0.000580731626510612,
      -3.859107417964742e-08,
      1.8304853943691823e-06,
      6.081871433683052e-07,
      2.883093435042899e-05,
      -4.982210417261732e-07,
      2.3632053769784215e-05,
      7.849826291068817e-06,
      0.0003726158492386479,
      1.091479123743358e-08,
      -5.177198709137729e-07,
      -1.7201479472310418e-07,
      -8.154311231405077e-06
    ],
    [
      -0.0056525331034986215,
      -8.511793635096982e-06,
      -2.5627734248321598e-05,
      3.859107417964742e-08,
      -0.0078032971242780825,
      -1.1750413694025946e-05,
      -3.833138155417289e-05,
      5.7720638689014565e-08,
      -0.001598717322564399,
      -2.4074077376212674e-06,
      -7.248343694884231e-06,
      1.091479123743358e-08,
      0.005422470387733764,
      8.1653010624495e-06,
      2.2690919595520824e-05,
      -3.416872333817447e-08
    ],
    [
      -8.511793635096984e-06,
      -0.0004037671537154778,
      -3.859107417964742e-08,
      -1.8304853943691823e-06,
      -1.1750413694025946e-05,
      -0.0005573987824177109,
      -5.7720638689014565e-08,
      -2.737855535765945e-06,
      -2.4074077376212674e-06,
      -0.00011419827732241326,
      -1.091479123743358e-08,
      -5.177198709137729e-07,
      8.1653010624495e-06,
      0.0003873335006577127,
      3.416872333817446e-08,
      1.6207206029977677e-06
    ],
    [
      2.5627734248321598e-05,
      3.859107417964742e-08,
      -0.0004036182966369615,
      -6.08187143368305e-07,
      -3.8331381554172896e-05,
      -5.7720638689014565e-08,
      -0.0005575634455351463,
      -8.39036565221866e-07,
      7.248343694884231e-06,
      1.091479123743358e-08,
      -0.0001141561757750799,
      -1.7201479472310418e-07,
      2.2690919595520824e-05,
      3.416872333817447e-08,
      0.0003874479241974065,
      5.830421239486408e-07
    ],
    [
      -3.859107417964742e-08,
      1.8304853943691823e-06,
      -6.081871433683052e-07,
      -2.883093435042899e-05,
      5.7720638689014565e-08,
      -2.737855535765946e-06,
      -8.39036565221866e-07,
      -3.982741919373808e-05,
      -1.091479123743358e-08,
      5.177198709137729e-07,
      -1.7201479472310418e-07,
      -8.154311231405077e-06,
      -3.416872333817446e-08,
      1.6207206029977677e-06,
      5.830421239486408e-07,
      2.767586543974943e-05
    ]
  ],
  "final_state_imag": [
    [
      0.0,
      0.0,
      0.0,
      0.0,
      0.0,
      0.0,
      0.0,
      0.0,
      0.0,
      0.0,
      0.0,
      0.0,
      0.0,
      0.0,
      0.0,
      0.0
    ],
    [
      0.0,
      0.0,
      0.0,
      0.0,
      0.0,
      0.0,
      0.0,
      0.0,
      0.0,
      0.0,
      0.0,
      0.0,
      0.0,
      0.0,
      0.0,
      0.0
    ],
    [
      0.0,
      0.0,
      0.0,
      0.0,
      0.0,
      0.0,
      0.0,
      0.0,
      0.0,
      0.0,
      0.0,
      0.0,
      0.0,
      0.0,
      0.0,
      0.0
    ],
    [
      0.0,
      0.0,
      0.0,
      0.0,
      0.0,
      0.0,
      0.0,
      0.0,
      0.0,
      0.0,
      0.0,
      0.0,
      0.0,
      0.0,
      0.0,
      0.0
    ],
    [
      0.0,
      0.0,
      0.0,
      0.0,
      0.0,
      0.0,
      0.0,
      0.0,
      0.0,
      0.0,
      0.0,
      0.0,
      0.0,
      0.0,
      0.0,
      0.0
    ],
    [
      0.0,
      0.0,
      0.0,
      0.0,
      0.0,
      0.0,
      0.0,
      0.0,
      0.0,
      0.0,
      0.0,
      0.0,
      0.0,
      0.0,
      0.0,
      0.0
    ],
    [
      0.0,
      0.0,
      0.0,
      0.0,
      0.0,
      0.0,
      0.0,
      0.0,
      0.0,
      0.0,
      0.0,
      0.0,
      0.0,
      0.0,
      0.0,
      0.0
    ],
    [
      0.0,
      0.0,
      0.0,
      0.0,
      0.0,
      0.0,
      0.0,
      0.0,
      0.0,
      0.0,
      0.0,
      0.0,
      0.0,
      0.0,
      0.0,
      0.0
    ],
    [
      0.0,
      0.0,
      0.0,
      0.0,
      0.0,
      0.0,
      0.0,
      0.0,
      0.0,
      0.0,
      0.0,
      0.0,
      0.0,
      0.0,
      0.0,
      0.0
    ],
    [
      0.0,
      0.0,
      0.0,
      0.0,
      0.0,
      0.0,
      0.0,
      0.0,
      0.0,
      0.0,
      0.0,
      0.0,
      0.0,
      0.0,
      0.0,
      0.0
    ],
    [
      0.0,
      0.0,
      0.0,
      0.0,
      0.0,
      0.0,
      0.0,
      0.0,
      0.0,
      0.0,
      0.0,
      0.0,
      0.0,
      0.0,
      0.0,
      0.0
    ],
    [
      0.0,
      0.0,
      0.0,
      0.0,
      0.0,
      0.0,
      0.0,
      0.0,
      0.0,
      0.0,
      0.0,
      0.0,
      0.0,
      0.0,
      0.0,
      0.0
    ],
    [
      0.0,
      0.0,
      0.0,
      0.0,
      0.0,
      0.0,
      0.0,
      0.0,
      0.0,
      0.0,
      0.0,
      0.0,
      0.0,
      0.0,
      0.0,
      0.0
    ],
    [
      0.0,
      0.0,
      0.0,
      0.0,
      0.0,
      0.0,
      0.0,
      0.0,
      0.0,
      0.0,
      0.0,
      0.0,
      0.0,
      0.0,
      0.0,
      0.0
    ],
    [
      0.0,
      0.0,
      0.0,
      0.0,
      0.0,
      0.0,
      0.0,
      0.0,
      0.0,
      0.0,
      0.0,
      0.0,
      0.0,
      0.0,
      0.0,
      0.0
    ],
    [
      0.0,
      0.0,
      0.0,
      0.0,
      0.0,
      0.0,
      0.0,
      0.0,
      0.0,
      0.0,
      0.0,
      0.0,
      0.0,
      0.0,
      0.0,
      0.0
    ]
  ]
}