{
  "config": {
    "symbols": [
      "H",
      "H"
    ],
    "geometry": [
      [
        0.0,
        0.0,
        0.0
      ],
      [
        0.0,
        0.0,
        0.7414
      ]
    ],
    "basis": "STO-3G",
    "ansatz": "RY-CZ",
    "optimizer": {
      "name": "Adam",
      "stepsize": 0.1,
      "iterations_planned": 50
    },
    "seed": 2,
    "noisy": true,
    "depolarizing_prob": 0.04,
    "amplitude_damping_prob": 0.0
  },
  "energies": [
    1.2666217306868723,
    1.2666217306868723,
    1.2587623612677281,
    1.2431183640787964,
    1.2169502144055035,
    1.1805770393481738,
    1.134613511358737,
    1.0780009553068426,
    1.010222142403351,
    0.9317653520455671,
    0.8434967737235297,
    0.7466903085689239,
    0.6431027554943483,
    0.5349845795719705,
    0.42477098423353754,
    0.3138969131960413,
    0.2022372831513931,
    0.09044599620579687,
    -0.01939548973920069,
    -0.12463755131325613,
    -0.2227444883321079,
    -0.31225916137927434,
    -0.3936403321976747,
    -0.46785217484916014,
    -0.5345401422661753,
    -0.5924947259511187,
    -0.6408529660249327,
    -0.6800973360607308,
    -0.711929622192987,
    -0.7376921139313163,
    -0.7575987707192051,
    -0.7715028915798514,
    -0.7798716953680606,
    -0.784005297426853,
    -0.785276059504578,
    -0.7843946180923991,
    -0.781568398971827,
    -0.7771103205283907,
    -0.7717329303598898,
    -0.7662796792957037,
    -0.7612936699262747,
    -0.7569270589402475,
    -0.7532029201685573,
    -0.7502617662124222,
    -0.7483375195745512,
    -0.7475645765586326,
    -0.7478685532843174,
    -0.7490481649174325,
    -0.7509289629676887,
    -0.7534127079286037,
    -0.7564096128250393
  ],
  "final_params": [
    3.4155752904310503,
    -3.4167545067754848,
    0.019096575748239794,
    0.0018185440980978095
  ],
  "final_state_real": [
    [
      0.001867215754153583,
      1.6512839999176501e-06,
      -3.0636895246327e-06,
      2.7094067652073345e-09,
      -0.0009767042592823813,
      -8.637631872283407e-07,
      9.070648506207717e-06,
      -8.02172551426646e-09,
      0.0009532344967558796,
      8.429989245544178e-07,
      -5.010668549024736e-05,
      4.431238595094534e-08,
      0.015602212636064886,
      1.3798052774176951e-05,
      -0.00014489768565649385,
      1.2814182593376757e-07
    ],
    [
      1.6512839999176501e-06,
      5.1158138614828966e-05,
      -2.7094067652073353e-09,
      -8.393416822097158e-08,
      -8.637631872283411e-07,
      -2.6759827711882116e-05,
      8.02172551426646e-09,
      2.4850342421189637e-07,
      8.429989245544182e-07,
      2.6116801129701117e-05,
      -4.431238595094534e-08,
      -1.3727445079272342e-06,
      1.3798052774176951e-05,
      0.00042747077029438524,
      -1.2814182593376757e-07,
      -3.969679899003369e-06
    ],
    [
      -3.0636895246326986e-06,
      -2.7094067652073345e-09,
      5.1326711829106275e-05,
      4.509021378041002e-08,
      -9.070648506207717e-06,
      -8.02172551426646e-09,
      -2.6670036077062372e-05,
      -2.3743439450336178e-08,
      -5.010668549024737e-05,
      -4.4312385950945355e-08,
      2.620285963832321e-05,
      2.3019057731262493e-08,
      0.00014489768565649383,
      1.2814182593376754e-07,
      0.0004260364075729337,
      3.792859378824246e-07
    ],
    [
      2.7094067652073345e-09,
      -8.393416822097155e-08,
      4.509021378041002e-08,
      1.4062536868360326e-06,
      8.02172551426646e-09,
      -2.4850342421189637e-07,
      -2.3743439450336188e-08,
      -7.307079535173105e-07,
      4.431238595094535e-08,
      -1.3727445079272347e-06,
      2.3019057731262503e-08,
      7.179082130709076e-07,
      -1.2814182593376754e-07,
      3.969679899003368e-06,
      3.792859378824246e-07,
      1.1672582316798084e-05
    ],
    [
      -0.0009767042592823813,
      -8.637631872283407e-07,
      -9.070648506207717e-06,
      8.02172551426646e-09,
      0.04011827409459621,
      3.547884810277178e-05,
      -0.0003721852358901735,
      3.2914601428224684e-07,
      -0.015602212636064886,
      -1.3798052774176955e-05,
      -0.00014489768565649388,
      1.281418259337676e-07,
      0.11580148810159603,
      0.0001024097745766402,
      -0.0010765728266794213,
      9.520787522336514e-07
    ],
    [
      -8.637631872283411e-07,
      -2.6759827711882116e-05,
      -8.02172551426646e-09,
      -2.4850342421189637e-07,
      3.547884810277178e-05,
      0.0010991639410462266,
      -3.2914601428224684e-07,
      -1.019654829492326e-05,
      -1.3798052774176955e-05,
      -0.00042747077029438524,
      -1.281418259337676e-07,
      -3.96967989900337e-06,
      0.0001024097745766402,
      0.0031727391796725585,
      -9.520787522336514e-07,
      -2.9494256519831485e-05
    ],
    [
      9.070648506207717e-06,
      8.02172551426646e-09,
      -2.6670036077062372e-05,
      -2.3743439450336178e-08,
      -0.0003721852358901735,
      -3.2914601428224684e-07,
      0.0011027858398012793,
      9.68790859547149e-07,
      0.00014489768565649385,
      1.2814182593376757e-07,
      -0.0004260364075729337,
      -3.792859378824247e-07,
      -0.0010765728266794213,
      -9.520787522336516e-07,
      0.0031831937985477244,
      2.7964169876863037e-06
    ],
    [
      -8.02172551426646e-09,
      2.4850342421189637e-07,
      -2.3743439450336188e-08,
      -7.307079535173105e-07,
      3.2914601428224684e-07,
      -1.019654829492326e-05,
      9.68790859547149e-07,
      3.0214221752107188e-05,
      -1.2814182593376757e-07,
      3.969679899003369e-06,
      -3.792859378824247e-07,
      -1.1672582316798084e-05,
      9.520787522336516e-07,
      -2.9494256519831485e-05,
      2.7964169876863037e-06,
      8.72134188144676e-05
    ],
    [
      0.0009532344967558796,
      8.429989245544178e-07,
      -5.010668549024736e-05,
      4.431238595094534e-08,
      -0.015602212636064886,
      -1.3798052774176951e-05,
      0.00014489768565649385,
      -1.2814182593376757e-07,
      0.04026163503454351,
      3.5605630251980605e-05,
      -6.606046956573084e-05,
      5.8421286398341e-08,
      -0.1163061756247954,
      -0.00010285712588765064,
      0.0010801349826905714,
      -9.552289831946333e-07
    ],
    [
      8.429989245544182e-07,
      2.6116801129701117e-05,
      -4.431238595094534e-08,
      -1.3727445079272342e-06,
      -1.3798052774176951e-05,
      -0.00042747077029438524,
      1.2814182593376757e-07,
      3.969679899003369e-06,
      3.5605630251980605e-05,
      0.0011030917564695177,
      -5.8421286398341e-08,
      -1.8098213022911233e-06,
      -0.00010285712588765065,
      -0.003186566652053066,
      9.552289831946333e-07,
      2.959184689231059e-05
    ],
    [
      -5.010668549024737e-05,
      -4.4312385950945355e-08,
      2.620285963832321e-05,
      2.3019057731262493e-08,
      -0.00014489768565649383,
      -1.2814182593376754e-07,
      -0.0004260364075729337,
      -3.792859378824246e-07,
      -6.606046956573081e-05,
      -5.8421286398341e-08,
      0.001106726597925163,
      9.722527923289421e-07,
      -0.0010801349826905714,
      -9.552289831946333e-07,
      -0.003175874242810728,
      -2.8273744200485746e-06
    ],
    [
      4.431238595094535e-08,
      -1.3727445079272347e-06,
      2.3019057731262503e-08,
      7.179082130709076e-07,
      1.2814182593376754e-07,
      -3.969679899003368e-06,
      -3.792859378824246e-07,
      -1.1672582316798084e-05,
      5.8421286398341e-08,
      -1.8098213022911225e-06,
      9.722527923289421e-07,
      3.0322190983783132e-05,
      9.552289831946333e-07,
      -2.959184689231059e-05,
      -2.827374420048575e-06,
      -8.701287699375983e-05
    ],
    [
      0.015602212636064886,
      1.3798052774176955e-05,
      0.00014489768565649388,
      -1.281418259337676e-07,
      0.11580148810159603,
      0.0001024097745766402,
      -0.0010765728266794213,
      9.520787522336514e-07,
      -0.1163061756247954,
      -0.00010285712588765064,
      -0.0010801349826905714,
      9.552289831946333e-07,
      0.8650458878248926,
      0.000765008773400865,
      -0.00802520335388254,
      7.097174855464753e-06
    ],
    [
      1.3798052774176955e-05,
      0.00042747077029438524,
      1.281418259337676e-07,
      3.96967989900337e-06,
      0.0001024097745766402,
      0.0031727391796725585,
      -9.520787522336514e-07,
      -2.9494256519831485e-05,
      -0.00010285712588765065,
      -0.003186566652053066,
      -9.552289831946333e-07,
      -2.959184689231059e-05,
      0.000765008773400865,
      0.02370060200011232,
      -7.097174855464753e-06,
      -0.00021986195497177146
    ],
    [
      -0.00014489768565649385,
      -1.2814182593376757e-07,
      0.0004260364075729337,
      3.792859378824247e-07,
      -0.0010765728266794213,
      -9.520787522336516e-07,
      0.0031831937985477244,
      2.7964169876863037e-06,
      0.0010801349826905714,
      9.552289831946333e-07,
      -0.003175874242810728,
      -2.8273744200485746e-06,
      -0.00802520335388254,
      -7.097174855464753e-06,
      0.023778698795024002,
      2.0889446720403337e-05
    ],
    [
      1.2814182593376757e-07,
      -3.969679899003369e-06,
      3.792859378824247e-07,
      1.1672582316798084e-05,
      9.520787522336516e-07,
      -2.9494256519831485e-05,
      2.7964169876863037e-06,
      8.72134188144676e-05,
      -9.552289831946333e-07,
      2.959184689231059e-05,
      -2.827374420048575e-06,
      -8.701287699375983e-05,
      7.097174855464753e-06,
      -0.00021986195497177146,
      2.0889446720403337e-05,
      0.0006514908447671797
    ]
  ],
  "final_state_imag": [
    [
      0.0,
      0.0,
      0.0,
      0.0,
      0.0,
      0.0,
      0.0,
      0.0,
      0.0,
      0.0,
      0.0,
      0.0,
      0.0,
      0.0,
      0.0,
      0.0
    ],
    [
      0.0,
      0.0,
      0.0,
      0.0,
      0.0,
      0.0,
      0.0,
      0.0,
      0.0,
      0.0,
      0.0,
      0.0,
      0.0,
      0.0,
      0.0,
      0.0
    ],
    [
      0.0,
      0.0,
      0.0,
      0.0,
      0.0,
      0.0,
      0.0,
      0.0,
      0.0,
      0.0,
      0.0,
      0.0,
      0.0,
      0.0,
      0.0,
      0.0
    ],
    [
      0.0,
      0.0,
      0.0,
      0.0,
      0.0,
      0.0,
      0.0,
      0.0,
      0.0,
      0.0,
      0.0,
      0.0,
      0.0,
      0.0,
      0.0,
      0.0
    ],
    [
      0.0,
      0.0,
      0.0,
      0.0,
      0.0,
      0.0,
      0.0,
      0.0,
      0.0,
      0.0,
      0.0,
      0.0,
      0.0,
      0.0,
      0.0,
      0.0
    ],
    [
      0.0,
      0.0,
      0.0,
      0.0,
      0.0,
      0.0,
      0.0,
      0.0,
      0.0,
      0.0,
      0.0,
      0.0,
      0.0,
      0.0,
      0.0,
      0.0
    ],
    [
      0.0,
      0.0,
      0.0,
      0.0,
      0.0,
      0.0,
      0.0,
      0.0,
      0.0,
      0.0,
      0.0,
      0.0,
      0.0,
      0.0,
      0.0,
      0.0
    ],
    [
      0.0,
      0.0,
      0.0,
      0.0,
      0.0,
      0.0,
      0.0,
      0.0,
      0.0,
      0.0,
      0.0,
      0.0,
      0.0,
      0.0,
      0.0,
      0.0
    ],
    [
      0.0,
      0.0,
      0.0,
      0.0,
      0.0,
      0.0,
      0.0,
      0.0,
      0.0,
      0.0,
      0.0,
      0.0,
      0.0,
      0.0,
      0.0,
      0.0
    ],
    [
      0.0,
      0.0,
      0.0,
      0.0,
      0.0,
      0.0,
      0.0,
      0.0,
      0.0,
      0.0,
      0.0,
      0.0,
      0.0,
      0.0,
      0.0,
      0.0
    ],
    [
      0.0,
      0.0,
      0.0,
      0.0,
      0.0,
      0.0,
      0.0,
      0.0,
      0.0,
      0.0,
      0.0,
      0.0,
      0.0,
      0.0,
      0.0,
      0.0
    ],
    [
      0.0,
      0.0,
      0.0,
      0.0,
      0.0,
      0.0,
      0.0,
      0.0,
      0.0,
      0.0,
      0.0,
      0.0,
      0.0,
      0.0,
      0.0,
      0.0
    ],
    [
      0.0,
      0.0,
      0.0,
      0.0,
      0.0,
      0.0,
      0.0,
      0.0,
      0.0,
      0.0,
      0.0,
      0.0,
      0.0,
      0.0,
      0.0,
      0.0
    ],
    [
      0.0,
      0.0,
      0.0,
      0.0,
      0.0,
      0.0,
      0.0,
      0.0,
      0.0,
      0.0,
      0.0,
      0.0,
      0.0,
      0.0,
      0.0,
      0.0
    ],
    [
      0.0,
      0.0,
      0.0,
      0.0,
      0.0,
      0.0,
      0.0,
      0.0,
      0.0,
      0.0,
      0.0,
      0.0,
      0.0,
      0.0,
      0.0,
      0.0
    ],
    [
      0.0,
      0.0,
      0.0,
      0.0,
      0.0,
      0.0,
      0.0,
      0.0,
      0.0,
      0.0,
      0.0,
      0.0,
      0.0,
      0.0,
      0.0,
      0.0
    ]
  ]
}