{
  "config": {
    "symbols": [
      "H",
      "H"
    ],
    "geometry": [
      [
        0.0,
        0.0,
        0.0
      ],
      [
        0.0,
        0.0,
        0.7414
      ]
    ],
    "basis": "STO-3G",
    "ansatz": "RY-CZ",
    "optimizer": {
      "name": "Nesterov",
      "stepsize": 0.1,
      "iterations_planned": 50
    },
    "seed": 0,
    "noisy": true,
    "depolarizing_prob": 0.1,
    "amplitude_damping_prob": 0.0
  },
  "energies": [
    1.1542632330698288,
    1.1542632330698288,
    1.1542466236437994,
    1.1542176678157894,
    1.1541704787258273,
    1.1540954933525536,
    1.1539775920475015,
    1.1537931047454828,
    1.1535051169020623,
    1.153056155272611,
    1.1523568300543496,
    1.1512682498765734,
    1.1495748965755086,
    1.1469430163608818,
    1.1428573414880514,
    1.1365261832917337,
    1.1267422508449632,
    1.1116861162974034,
    1.0886666913627479,
    1.0538211456365323,
    1.0018696167621723,
    0.9261712712424851,
    0.819565334962787,
    0.6766640575713292,
    0.49789825087533096,
    0.2939359601364139,
    0.08645405170822493,
    -0.09873450519088667,
    -0.2436777895921484,
    -0.3456933239639476,
    -0.414143303995653,
    -0.46130482744790413,
    -0.4955270678017382,
    -0.519858590475393,
    -0.5343882702993592,
    -0.5392600985136792,
    -0.5363459890142519,
    -0.529161955727,
    -0.5217410443640258,
    -0.51742125877548,
    -0.5181281988839354,
    -0.5242557021254312,
    -0.5349758893755792,
    -0.5487463538814334,
    -0.5638216597903434,
    -0.5786450029417924,
    -0.5920670929037908,
    -0.6034019047105762,
    -0.6123703997634584,
    -0.6189951281892124,
    -0.6234947230448377
  ],
  "final_params": [
    3.3987731171560807,
    3.0525523827233427,
    0.00026444920711791547,
    -0.00019757123700323625
  ],
  "final_state_real": [
    [
      0.004820275158625155,
      -4.4216144414044376e-07,
      -5.598339112327406e-07,
      -5.135328658362431e-11,
      -0.0016857900051452852,
      1.5463667993770225e-07,
      2.069812794963013e-07,
      1.8986289951628033e-11,
      0.0062107687836793395,
      -5.697107331518616e-07,
      -8.061450153433587e-07,
      -7.394728181029601e-11,
      0.0036997303282581945,
      -3.3937442556931415e-07,
      -4.5425285165820855e-07,
      -4.16683884355384e-11
    ],
    [
      -4.4216144414044376e-07,
      0.00034430541527245866,
      5.135328658362431e-11,
      -3.9988131081314904e-08,
      1.5463667993770225e-07,
      -0.00012041358816314079,
      -1.8986289951628033e-11,
      1.4784375097341057e-08,
      -5.697107331518616e-07,
      0.0004436264019906813,
      7.394728181029601e-11,
      -5.758177898354791e-08,
      -3.3937442556931415e-07,
      0.00026426648793849623,
      4.16683884355384e-11,
      -3.244662785105543e-08
    ],
    [
      -5.598339112327406e-07,
      5.135328658362431e-11,
      0.00034430545231789065,
      -3.1582952604734676e-08,
      -2.069812794963013e-07,
      1.8986289951628033e-11,
      -0.00012041354247325013,
      1.1045479828183345e-08,
      -8.061450153433587e-07,
      7.394728181029601e-11,
      0.00044362644972252324,
      -4.0693613886941996e-08,
      4.5425285165820855e-07,
      -4.16683884355384e-11,
      0.00026426638766487176,
      -2.4241036300943173e-08
    ],
    [
      -5.135328658362431e-11,
      -3.9988131081314904e-08,
      -3.1582952604734676e-08,
      2.4593249936938228e-05,
      -1.8986289951628033e-11,
      -1.4784375097341057e-08,
      1.1045479828183345e-08,
      -8.600968488592511e-06,
      -7.394728181029601e-11,
      -5.758177898354791e-08,
      -4.0693613886941996e-08,
      3.16876078587027e-05,
      4.16683884355384e-11,
      3.244662785105543e-08,
      -2.4241036300943173e-08,
      1.8876173113208335e-05
    ],
    [
      -0.0016857900051452852,
      1.5463667993770225e-07,
      -2.069812794963013e-07,
      -1.8986289951628033e-11,
      0.06566879166843384,
      -6.023765615769197e-06,
      -8.060527872644068e-06,
      -7.393882177442742e-10,
      -0.0036997303282581945,
      3.3937442556931415e-07,
      -4.5425285165820855e-07,
      -4.16683884355384e-11,
      0.08942308403783465,
      -8.2027350465484e-06,
      -1.098247866045651e-05,
      -1.0074173120507778e-09
    ],
    [
      1.5463667993770225e-07,
      -0.00012041358816314079,
      1.8986289951628033e-11,
      -1.4784375097341057e-08,
      -6.023765615769198e-06,
      0.004690628613883853,
      7.393882177442742e-10,
      -5.757519126451819e-07,
      3.3937442556931415e-07,
      -0.00026426648793849623,
      4.16683884355384e-11,
      -3.244662785105543e-08,
      -8.2027350465484e-06,
      0.00638736401375316,
      1.0074173120507778e-09,
      -7.84462654834609e-07
    ],
    [
      2.069812794963013e-07,
      -1.8986289951628033e-11,
      -0.00012041354247325013,
      1.1045479828183345e-08,
      -8.060527872644068e-06,
      7.393882177442742e-10,
      0.004690629118570549,
      -4.3026886777681224e-07,
      4.5425285165820855e-07,
      -4.16683884355384e-11,
      -0.00026426638766487176,
      2.4241036300943173e-08,
      -1.098247866045651e-05,
      1.0074173120507778e-09,
      0.006387364700999564,
      -5.859095035026319e-07
    ],
    [
      1.8986289951628033e-11,
      1.4784375097341057e-08,
      1.1045479828183345e-08,
      -8.600968488592511e-06,
      -7.393882177442742e-10,
      -5.757519126451819e-07,
      -4.3026886777681224e-07,
      0.0003350449825812753,
      4.16683884355384e-11,
      3.244662785105543e-08,
      2.4241036300943173e-08,
      -1.8876173113208335e-05,
      -1.0074173120507778e-09,
      -7.84462654834609e-07,
      -5.859095035026319e-07,
      0.00045624039779952277
    ],
    [
      0.0062107687836793395,
      -5.697107331518616e-07,
      -8.061450153433587e-07,
      -7.394728181029601e-11,
      -0.0036997303282581945,
      3.3937442556931415e-07,
      4.5425285165820855e-07,
      4.16683884355384e-11,
      0.054749177695329665,
      -5.022114854159771e-06,
      -6.358650756919627e-06,
      -5.832758753149577e-10,
      -0.03077689331982751,
      2.823149139127094e-06,
      3.778786645321261e-06,
      3.466262218883004e-10
    ],
    [
      -5.697107331518616e-07,
      0.0004436264019906813,
      7.394728181029601e-11,
      -5.758177898354791e-08,
      3.3937442556931415e-07,
      -0.00026426648793849623,
      -4.16683884355384e-11,
      3.244662785105543e-08,
      -5.022114854159771e-06,
      0.003910656081216876,
      5.832758753149578e-10,
      -4.541892780451737e-07,
      2.823149139127094e-06,
      -0.002198349821652455,
      -3.466262218883005e-10,
      2.6991329512121857e-07
    ],
    [
      -8.061450153433587e-07,
      7.394728181029601e-11,
      0.00044362644972252324,
      -4.0693613886941996e-08,
      -4.5425285165820855e-07,
      4.16683884355384e-11,
      -0.00026426638766487176,
      2.4241036300943173e-08,
      -6.358650756919627e-06,
      5.832758753149577e-10,
      0.003910656501982677,
      -3.587224022275486e-07,
      -3.778786645321261e-06,
      3.466262218883004e-10,
      -0.002198348987507701,
      2.016535590439737e-07
    ],
    [
      -7.394728181029601e-11,
      -5.758177898354791e-08,
      -4.0693613886941996e-08,
      3.16876078587027e-05,
      -4.16683884355384e-11,
      -3.244662785105543e-08,
      2.4241036300943173e-08,
      -1.8876173113208335e-05,
      -5.832758753149578e-10,
      -4.541892780451737e-07,
      -3.587224022275486e-07,
      0.00027933264525237706,
      -3.466262218883005e-10,
      -2.6991329512121857e-07,
      2.016535590439737e-07,
      -0.00015702494902251863
    ],
    [
      0.0036997303282581945,
      -3.3937442556931415e-07,
      4.5425285165820855e-07,
      4.16683884355384e-11,
      0.08942308403783465,
      -8.2027350465484e-06,
      -1.098247866045651e-05,
      -1.0074173120507778e-09,
      -0.03077689331982751,
      2.823149139127094e-06,
      -3.778786645321261e-06,
      -3.466262218883004e-10,
      0.7458728445531569,
      -6.841854525724408e-05,
      -9.155229904830117e-05,
      -8.398046913707799e-09
    ],
    [
      -3.3937442556931415e-07,
      0.00026426648793849623,
      -4.16683884355384e-11,
      3.244662785105543e-08,
      -8.2027350465484e-06,
      0.00638736401375316,
      1.0074173120507778e-09,
      -7.84462654834609e-07,
      2.823149139127094e-06,
      -0.002198349821652455,
      3.466262218883005e-10,
      -2.6991329512121857e-07,
      -6.841854525724408e-05,
      0.05327663899534977,
      8.3980469137078e-09,
      -6.539449043159542e-06
    ],
    [
      -4.5425285165820855e-07,
      4.16683884355384e-11,
      0.00026426638766487176,
      -2.4241036300943173e-08,
      -1.098247866045651e-05,
      1.0074173120507778e-09,
      0.006387364700999564,
      -5.859095035026319e-07,
      3.778786645321261e-06,
      -3.466262218883004e-10,
      -0.002198348987507701,
      2.016535590439737e-07,
      -9.155229904830117e-05,
      8.398046913707799e-09,
      0.05327664472763283,
      -4.887037756865296e-06
    ],
    [
      -4.16683884355384e-11,
      -3.244662785105543e-08,
      -2.4241036300943173e-08,
      1.8876173113208335e-05,
      -1.0074173120507778e-09,
      -7.84462654834609e-07,
      -5.859095035026319e-07,
      0.00045624039779952277,
      3.466262218883005e-10,
      2.6991329512121857e-07,
      2.016535590439737e-07,
      -0.00015702494902251863,
      -8.3980469137078e-09,
      -6.539449043159542e-06,
      -4.887037756865296e-06,
      0.003805475140656245
    ]
  ],
  "final_state_imag": [
    [
      0.0,
      0.0,
      0.0,
      0.0,
      0.0,
      0.0,
      0.0,
      0.0,
      0.0,
      0.0,
      0.0,
      0.0,
      0.0,
      0.0,
      0.0,
      0.0
    ],
    [
      0.0,
      0.0,
      0.0,
      0.0,
      0.0,
      0.0,
      0.0,
      0.0,
      0.0,
      0.0,
      0.0,
      0.0,
      0.0,
      0.0,
      0.0,
      0.0
    ],
    [
      0.0,
      0.0,
      0.0,
      0.0,
      0.0,
      0.0,
      0.0,
      0.0,
      0.0,
      0.0,
      0.0,
      0.0,
      0.0,
      0.0,
      0.0,
      0.0
    ],
    [
      0.0,
      0.0,
      0.0,
      0.0,
      0.0,
      0.0,
      0.0,
      0.0,
      0.0,
      0.0,
      0.0,
      0.0,
      0.0,
      0.0,
      0.0,
      0.0
    ],
    [
      0.0,
      0.0,
      0.0,
      0.0,
      0.0,
      0.0,
      0.0,
      0.0,
      0.0,
      0.0,
      0.0,
      0.0,
      0.0,
      0.0,
      0.0,
      0.0
    ],
    [
      0.0,
      0.0,
      0.0,
      0.0,
      0.0,
      0.0,
      0.0,
      0.0,
      0.0,
      0.0,
      0.0,
      0.0,
      0.0,
      0.0,
      0.0,
      0.0
    ],
    [
      0.0,
      0.0,
      0.0,
      0.0,
      0.0,
      0.0,
      0.0,
      0.0,
      0.0,
      0.0,
      0.0,
      0.0,
      0.0,
      0.0,
      0.0,
      0.0
    ],
    [
      0.0,
      0.0,
      0.0,
      0.0,
      0.0,
      0.0,
      0.0,
      0.0,
      0.0,
      0.0,
      0.0,
      0.0,
      0.0,
      0.0,
      0.0,
      0.0
    ],
    [
      0.0,
      0.0,
      0.0,
      0.0,
      0.0,
      0.0,
      0.0,
      0.0,
      0.0,
      0.0,
      0.0,
      0.0,
      0.0,
      0.0,
      0.0,
      0.0
    ],
    [
      0.0,
      0.0,
      0.0,
      0.0,
      0.0,
      0.0,
      0.0,
      0.0,
      0.0,
      0.0,
      0.0,
      0.0,
      0.0,
      0.0,
      0.0,
      0.0
    ],
    [
      0.0,
      0.0,
      0.0,
      0.0,
      0.0,
      0.0,
      0.0,
      0.0,
      0.0,
      0.0,
      0.0,
      0.0,
      0.0,
      0.0,
      0.0,
      0.0
    ],
    [
      0.0,
      0.0,
      0.0,
      0.0,
      0.0,
      0.0,
      0.0,
      0.0,
      0.0,
      0.0,
      0.0,
      0.0,
      0.0,
      0.0,
      0.0,
      0.0
    ],
    [
      0.0,
      0.0,
      0.0,
      0.0,
      0.0,
      0.0,
      0.0,
      0.0,
      0.0,
      0.0,
      0.0,
      0.0,
      0.0,
      0.0,
      0.0,
      0.0
    ],
    [
      0.0,
      0.0,
      0.0,
      0.0,
      0.0,
      0.0,
      0.0,
      0.0,
      0.0,
      0.0,
      0.0,
      0.0,
      0.0,
      0.0,
      0.0,
      0.0
    ],
    [
      0.0,
      0.0,
      0.0,
      0.0,
      0.0,
      0.0,
      0.0,
      0.0,
      0.0,
      0.0,
      0.0,
      0.0,
      0.0,
      0.0,
      0.0,
      0.0
    ],
    [
      0.0,
      0.0,
      0.0,
      0.0,
      0.0,
      0.0,
      0.0,
      0.0,
      0.0,
      0.0,
      0.0,
      0.0,
      0.0,
      0.0,
      0.0,
      0.0
    ]
  ]
}