{
  "config": {
    "symbols": [
      "H",
      "H"
    ],
    "geometry": [
      [
        0.0,
        0.0,
        0.0
      ],
      [
        0.0,
        0.0,
        0.7414
      ]
    ],
    "basis": "STO-3G",
    "ansatz": "RY-CZ",
    "optimizer": {
      "name": "Momentum",
      "stepsize": 0.1,
      "iterations_planned": 50
    },
    "seed": 2,
    "noisy": true,
    "depolarizing_prob": 0.02,
    "amplitude_damping_prob": 0.0
  },
  "energies": [
    1.3069685371732824,
    1.3069685371732824,
    1.3069637148445643,
    1.3069532429160289,
    1.3069349410258546,
    1.3069049286429213,
    1.306856876836545,
    1.3067807294700304,
    1.3066606436297459,
    1.3064717331038112,
    1.3061749514830807,
    1.3057090737275592,
    1.304978153618378,
    1.303831945739738,
    1.3020354381241015,
    1.2992216642188437,
    1.2948191653390357,
    1.2879418308904502,
    1.2772248927714513,
    1.2605887860477623,
    1.2349187052806267,
    1.195677370935626,
    1.1365541444851768,
    1.049449798164582,
    0.9254531125326013,
    0.7578865532749488,
    0.5483724345760601,
    0.3147479700616305,
    0.09462122397870862,
    -0.06505014356197705,
    -0.13282268098032382,
    -0.11296293559756898,
    -0.04081346110326145,
    0.04015041306203404,
    0.09709558996921051,
    0.11272225265627464,
    0.0818900604666663,
    0.007414101367478082,
    -0.1022720688995582,
    -0.23443128727952522,
    -0.373951842580837,
    -0.5063492611951237,
    -0.6205952141442156,
    -0.7101796816433289,
    -0.7723436766367624,
    -0.806947800846534,
    -0.8161494308891631,
    -0.8046244862436617,
    -0.7793344725845404,
    -0.7483706944487436,
    -0.7193032322846649
  ],
  "final_params": [
    -2.587931188918399,
    -3.8182713544009146,
    -0.00016777457571957535,
    0.000146337845363253
  ],
  "final_state_real": [
    [
      0.010098670635079436,
      7.28923597253074e-07,
      -6.712278250305802e-07,
      4.844932750474335e-11,
      0.018205609991426796,
      1.3140837254448007e-06,
      1.5065811515539678e-06,
      -1.0874525891531119e-10,
      -0.024123722131769818,
      -1.7412539680560575e-06,
      2.4854965450123013e-06,
      -1.7940352236697415e-10,
      0.07591837716852608,
      5.479800124594549e-06,
      6.2825247905743315e-06,
      -4.534736043180834e-10
    ],
    [
      7.289235972530741e-07,
      0.00013646857615116296,
      -4.8449327504743365e-11,
      -9.07064269132023e-09,
      1.3140837254448007e-06,
      0.00024602185409068524,
      1.0874525891531116e-10,
      2.0359196686462195e-08,
      -1.7412539680560575e-06,
      -0.0003259963741517775,
      1.7940352236697415e-10,
      3.358777784471374e-08,
      5.479800124594549e-06,
      0.001025924422161751,
      4.534736043180834e-10,
      8.489895002798043e-08
    ],
    [
      -6.712278250305799e-07,
      -4.844932750474335e-11,
      0.00013646859314801754,
      9.850313753258139e-09,
      -1.5065811515539678e-06,
      -1.0874525891531119e-10,
      0.00024602162855038353,
      1.775789742733273e-08,
      2.4854965450123013e-06,
      1.7940352236697415e-10,
      -0.00032599641475389366,
      -2.3530446776718836e-08,
      -6.282524790574331e-06,
      -4.534736043180833e-10,
      0.0010259234816465082,
      7.405139158990574e-08
    ],
    [
      4.844932750474335e-11,
      -9.070642691320226e-09,
      9.850313753258139e-09,
      1.844170908155954e-06,
      1.0874525891531116e-10,
      -2.0359196686462195e-08,
      1.775789742733273e-08,
      3.3246179189204774e-06,
      -1.7940352236697415e-10,
      3.358777784471374e-08,
      -2.3530446776718836e-08,
      -4.4053587011057e-06,
      4.534736043180833e-10,
      -8.489895002798041e-08,
      7.405139158990574e-08,
      1.3863836324556145e-05
    ],
    [
      0.018205609991426792,
      1.3140837254448003e-06,
      -1.5065811515539674e-06,
      1.0874525891531114e-10,
      0.07366114831032658,
      5.316872996891548e-06,
      6.075366885558162e-06,
      -4.3852091491658607e-10,
      -0.07591837716852608,
      -5.479800124594549e-06,
      6.2825247905743315e-06,
      -4.534736043180834e-10,
      0.21834682224188756,
      1.5760307160080216e-05,
      1.8129567370083385e-05,
      -1.308594957297043e-09
    ],
    [
      1.3140837254448003e-06,
      0.00024602185409068513,
      -1.0874525891531111e-10,
      -2.0359196686462192e-08,
      5.316872996891547e-06,
      0.000995421317401034,
      4.3852091491658607e-10,
      8.209951998796602e-08,
      -5.479800124594549e-06,
      -0.001025924422161751,
      4.534736043180834e-10,
      8.489895002798043e-08,
      1.576030716008022e-05,
      0.00295063390175088,
      1.308594957297043e-09,
      2.4499405660775844e-07
    ],
    [
      1.5065811515539674e-06,
      1.0874525891531114e-10,
      0.0002460216285503834,
      1.7757897427332724e-08,
      6.075366885558162e-06,
      4.3852091491658607e-10,
      0.0009954214413785232,
      7.184959768482342e-08,
      -6.282524790574331e-06,
      -4.534736043180833e-10,
      -0.0010259234816465082,
      -7.405139158990574e-08,
      1.8129567370083385e-05,
      1.308594957297043e-09,
      0.0029506342692457053,
      2.129770128989416e-07
    ],
    [
      -1.0874525891531111e-10,
      2.0359196686462192e-08,
      1.7757897427332724e-08,
      3.3246179189204757e-06,
      -4.3852091491658607e-10,
      8.209951998796602e-08,
      7.18495976848234e-08,
      1.3451646427935696e-05,
      4.534736043180833e-10,
      -8.489895002798041e-08,
      -7.405139158990574e-08,
      -1.3863836324556145e-05,
      -1.308594957297043e-09,
      2.4499405660775844e-07,
      2.129770128989416e-07,
      3.987345186484748e-05
    ],
    [
      -0.024123722131769818,
      -1.7412539680560575e-06,
      2.4854965450123013e-06,
      -1.7940352236697415e-10,
      -0.07591837716852608,
      -5.479800124594549e-06,
      -6.2825247905743315e-06,
      4.534736043180834e-10,
      0.107274648389657,
      7.74310059451032e-06,
      -7.13021857247088e-06,
      5.146602716928593e-10,
      -0.270564361085237,
      -1.9529377140063407e-05,
      -2.2390195488380547e-05,
      1.6161277492665842e-09
    ],
    [
      -1.7412539680560575e-06,
      -0.0003259963741517775,
      1.7940352236697415e-10,
      3.358777784471374e-08,
      -5.479800124594549e-06,
      -0.001025924422161751,
      -4.534736043180834e-10,
      -8.489895002798043e-08,
      7.743100594510319e-06,
      0.0014496579848836694,
      -5.146602716928593e-10,
      -9.635426686751586e-08,
      -1.9529377140063407e-05,
      -0.003656276598059481,
      -1.6161277492665842e-09,
      -3.025700894545865e-07
    ],
    [
      2.4854965450123013e-06,
      1.7940352236697415e-10,
      -0.00032599641475389366,
      -2.3530446776718836e-08,
      6.282524790574331e-06,
      4.534736043180833e-10,
      -0.0010259234816465082,
      -7.405139158990574e-08,
      -7.130218572470878e-06,
      -5.146602716928591e-10,
      0.0014496581654353151,
      1.046364400417202e-07,
      2.2390195488380547e-05,
      1.6161277492665842e-09,
      -0.003656273246171372,
      -2.639106392977777e-07
    ],
    [
      -1.7940352236697415e-10,
      3.358777784471374e-08,
      -2.3530446776718836e-08,
      -4.4053587011057e-06,
      -4.534736043180833e-10,
      8.489895002798041e-08,
      -7.405139158990574e-08,
      -1.3863836324556145e-05,
      5.146602716928591e-10,
      -9.635426686751583e-08,
      1.0463644004172018e-07,
      1.9589982968219487e-05,
      -1.6161277492665842e-09,
      3.025700894545865e-07,
      -2.639106392977777e-07,
      -4.9409117492291884e-05
    ],
    [
      0.07591837716852608,
      5.479800124594549e-06,
      -6.2825247905743315e-06,
      4.534736043180834e-10,
      0.21834682224188756,
      1.5760307160080216e-05,
      1.8129567370083385e-05,
      -1.308594957297043e-09,
      -0.270564361085237,
      -1.9529377140063407e-05,
      2.2390195488380547e-05,
      -1.6161277492665842e-09,
      0.7824766318766573,
      5.6479283450708955e-05,
      6.453649891526452e-05,
      -4.658254403879512e-09
    ],
    [
      5.479800124594549e-06,
      0.001025924422161751,
      -4.534736043180834e-10,
      -8.489895002798043e-08,
      1.576030716008022e-05,
      0.00295063390175088,
      1.308594957297043e-09,
      2.4499405660775844e-07,
      -1.9529377140063407e-05,
      -0.003656276598059481,
      1.6161277492665842e-09,
      3.025700894545865e-07,
      5.6479283450708955e-05,
      0.010574012727262804,
      4.658254403879511e-09,
      8.721145047621805e-07
    ],
    [
      6.282524790574331e-06,
      4.534736043180833e-10,
      0.0010259234816465082,
      7.405139158990574e-08,
      1.8129567370083385e-05,
      1.308594957297043e-09,
      0.0029506342692457053,
      2.129770128989416e-07,
      -2.2390195488380547e-05,
      -1.6161277492665842e-09,
      -0.003656273246171372,
      -2.639106392977777e-07,
      6.453649891526451e-05,
      4.6582544038795104e-09,
      0.010574014044232336,
      7.632331627693604e-07
    ],
    [
      -4.534736043180833e-10,
      8.489895002798041e-08,
      7.405139158990574e-08,
      1.3863836324556145e-05,
      -1.308594957297043e-09,
      2.4499405660775844e-07,
      2.129770128989416e-07,
      3.987345186484748e-05,
      1.6161277492665842e-09,
      -3.025700894545865e-07,
      -2.639106392977777e-07,
      -4.9409117492291884e-05,
      -4.65825440387951e-09,
      8.721145047621804e-07,
      7.632331627693604e-07,
      0.000142892138278697
    ]
  ],
  "final_state_imag": [
    [
      0.0,
      0.0,
      0.0,
      0.0,
      0.0,
      0.0,
      0.0,
      0.0,
      0.0,
      0.0,
      0.0,
      0.0,
      0.0,
      0.0,
      0.0,
      0.0
    ],
    [
      0.0,
      0.0,
      0.0,
      0.0,
      0.0,
      0.0,
      0.0,
      0.0,
      0.0,
      0.0,
      0.0,
      0.0,
      0.0,
      0.0,
      0.0,
      0.0
    ],
    [
      0.0,
      0.0,
      0.0,
      0.0,
      0.0,
      0.0,
      0.0,
      0.0,
      0.0,
      0.0,
      0.0,
      0.0,
      0.0,
      0.0,
      0.0,
      0.0
    ],
    [
      0.0,
      0.0,
      0.0,
      0.0,
      0.0,
      0.0,
      0.0,
      0.0,
      0.0,
      0.0,
      0.0,
      0.0,
      0.0,
      0.0,
      0.0,
      0.0
    ],
    [
      0.0,
      0.0,
      0.0,
      0.0,
      0.0,
      0.0,
      0.0,
      0.0,
      0.0,
      0.0,
      0.0,
      0.0,
      0.0,
      0.0,
      0.0,
      0.0
    ],
    [
      0.0,
      0.0,
      0.0,
      0.0,
      0.0,
      0.0,
      0.0,
      0.0,
      0.0,
      0.0,
      0.0,
      0.0,
      0.0,
      0.0,
      0.0,
      0.0
    ],
    [
      0.0,
      0.0,
      0.0,
      0.0,
      0.0,
      0.0,
      0.0,
      0.0,
      0.0,
      0.0,
      0.0,
      0.0,
      0.0,
      0.0,
      0.0,
      0.0
    ],
    [
      0.0,
      0.0,
      0.0,
      0.0,
      0.0,
      0.0,
      0.0,
      0.0,
      0.0,
      0.0,
      0.0,
      0.0,
      0.0,
      0.0,
      0.0,
      0.0
    ],
    [
      0.0,
      0.0,
      0.0,
      0.0,
      0.0,
      0.0,
      0.0,
      0.0,
      0.0,
      0.0,
      0.0,
      0.0,
      0.0,
      0.0,
      0.0,
      0.0
    ],
    [
      0.0,
      0.0,
      0.0,
      0.0,
      0.0,
      0.0,
      0.0,
      0.0,
      0.0,
      0.0,
      0.0,
      0.0,
      0.0,
      0.0,
      0.0,
      0.0
    ],
    [
      0.0,
      0.0,
      0.0,
      0.0,
      0.0,
      0.0,
      0.0,
      0.0,
      0.0,
      0.0,
      0.0,
      0.0,
      0.0,
      0.0,
      0.0,
      0.0
    ],
    [
      0.0,
      0.0,
      0.0,
      0.0,
      0.0,
      0.0,
      0.0,
      0.0,
      0.0,
      0.0,
      0.0,
      0.0,
      0.0,
      0.0,
      0.0,
      0.0
    ],
    [
      0.0,
      0.0,
      0.0,
      0.0,
      0.0,
      0.0,
      0.0,
      0.0,
      0.0,
      0.0,
      0.0,
      0.0,
      0.0,
      0.0,
      0.0,
      0.0
    ],
    [
      0.0,
      0.0,
      0.0,
      0.0,
      0.0,
      0.0,
      0.0,
      0.0,
      0.0,
      0.0,
      0.0,
      0.0,
      0.0,
      0.0,
      0.0,
      0.0
    ],
    [
      0.0,
      0.0,
      0.0,
      0.0,
      0.0,
      0.0,
      0.0,
      0.0,
      0.0,
      0.0,
      0.0,
      0.0,
      0.0,
      0.0,
      0.0,
      0.0
    ],
    [
      0.0,
      0.0,
      0.0,
      0.0,
      0.0,
      0.0,
      0.0,
      0.0,
      0.0,
      0.0,
      0.0,
      0.0,
      0.0,
      0.0,
      0.0,
      0.0
    ]
  ]
}