{
  "config": {
    "symbols": [
      "H",
      "H"
    ],
    "geometry": [
      [
        0.0,
        0.0,
        0.0
      ],
      [
        0.0,
        0.0,
        0.7414
      ]
    ],
    "basis": "STO-3G",
    "ansatz": "RY-CZ",
    "optimizer": {
      "name": "GradientDescent",
      "stepsize": 0.1,
      "iterations_planned": 50
    },
    "seed": 6,
    "noisy": true,
    "depolarizing_prob": 0.08,
    "amplitude_damping_prob": 0.0
  },
  "energies": [
    1.19026031413257,
    1.19026031413257,
    1.1902524033201205,
    1.190243487685872,
    1.1902334395946033,
    1.1902221152254748,
    1.1902093525077961,
    1.190194968760161,
    1.1901787581538432,
    1.1901604887064285,
    1.1901398989831478,
    1.1901166944048622,
    1.190090542984157,
    1.1900610706326498,
    1.1900278558109583,
    1.1899904234869536,
    1.1899482384051736,
    1.1899006974831767,
    1.1898471211684838,
    1.1897867438305494,
    1.1897187028759846,
    1.1896420264308312,
    1.189555619729958,
    1.189458249442453,
    1.1893485263346597,
    1.1892248856757857,
    1.1890855651125063,
    1.1889285799821585,
    1.1887516953816712,
    1.188552395077771,
    1.1883278461535522,
    1.188074860017178,
    1.1877898479215532,
    1.187468771592572,
    1.187107087996735,
    1.1866996870989046,
    1.1862408229157608,
    1.1857240359619006,
    1.1851420672822777,
    1.1844867622093604,
    1.1837489638886913,
    1.1829183946961999,
    1.1819835254474573,
    1.1809314304968093,
    1.1797476285459587,
    1.1784159072898734,
    1.1769181326614175,
    1.175234040636615,
    1.1733410115168463,
    1.171213828070166,
    1.1688244160015417
  ],
  "final_params": [
    -0.08458819665928388,
    -0.26800124215456855,
    0.0054533912648328095,
    -0.013077452213224079
  ],
  "final_state_real": [
    [
      0.7882377056939986,
      -0.004863753823997568,
      0.0020240433970492235,
      1.2489258525691606e-05,
      -0.1001517199234597,
      0.0006179787180747243,
      0.0002576977901604788,
      1.5901113224675463e-06,
      -0.03141082701634913,
      0.00019381784062357795,
      -8.098798507516745e-05,
      -4.997323103611402e-07,
      -0.003999977238174702,
      2.468156121397029e-05,
      1.0292237574727685e-05,
      6.350773707026653e-08
    ],
    [
      -0.004863753823997568,
      0.0444413530327736,
      -1.2489258525691603e-05,
      0.00011394434806833754,
      0.0006179787180747243,
      -0.00564661891940223,
      -1.590111322467546e-06,
      1.450720213869649e-05,
      0.00019381784062357795,
      -0.0017709627976447903,
      4.997323103611402e-07,
      -4.559251631764189e-06,
      2.468156121397029e-05,
      -0.00022552131074251168,
      -6.350773707026653e-08,
      5.794057095448104e-07
    ],
    [
      0.0020240433970492235,
      -1.2489258525691606e-05,
      0.04441359993703778,
      -0.0002739782531522144,
      -0.0002576977901604788,
      1.5901113224675463e-06,
      -0.005641608162698209,
      3.4820282455289317e-05,
      -8.098798507516745e-05,
      4.997323103611402e-07,
      -0.0017698568524673018,
      1.0917878520450525e-05,
      -1.0292237574727685e-05,
      6.350773707026653e-08,
      -0.0002253211852451419,
      1.3906934134971952e-06
    ],
    [
      1.2489258525691603e-05,
      0.00011394434806833754,
      -0.0002739782531522144,
      0.0025040675674356983,
      -1.590111322467546e-06,
      -1.450720213869649e-05,
      3.4820282455289317e-05,
      -0.0003180775268931129,
      -4.997323103611402e-07,
      -4.559251631764189e-06,
      1.0917878520450525e-05,
      -9.9785677124798e-05,
      -6.350773707026653e-08,
      -5.794057095448104e-07,
      1.3906934134971952e-06,
      -1.2703754548795587e-05
    ],
    [
      -0.1001517199234597,
      0.0006179787180747243,
      -0.0002576977901604788,
      -1.5901113224675463e-06,
      0.05867258501827662,
      -0.00036203420324230006,
      7.73261888163318e-05,
      4.771373797328342e-07,
      0.003999977238174702,
      -2.468156121397029e-05,
      1.0292237574727685e-05,
      6.350773707026653e-08,
      -0.0012000135690194787,
      7.404581819679242e-06,
      -6.028352114414537e-06,
      -3.71976451446568e-08
    ],
    [
      0.0006179787180747243,
      -0.00564661891940223,
      1.590111322467546e-06,
      -1.450720213869649e-05,
      -0.00036203420324230006,
      0.0033079983935136786,
      -4.771373797328341e-07,
      4.35310931876814e-06,
      -2.468156121397029e-05,
      0.00022552131074251168,
      -6.350773707026653e-08,
      5.794057095448104e-07,
      7.404581819679242e-06,
      -6.765754325081295e-05,
      3.71976451446568e-08,
      -3.393685395306984e-07
    ],
    [
      0.0002576977901604788,
      -1.5901113224675463e-06,
      -0.005641608162698209,
      3.4820282455289317e-05,
      7.73261888163318e-05,
      -4.771373797328342e-07,
      0.0033059325879104704,
      -2.0393609992405867e-05,
      -1.0292237574727685e-05,
      6.350773707026653e-08,
      0.0002253211852451419,
      -1.3906934134971952e-06,
      -6.028352114414537e-06,
      3.71976451446568e-08,
      -6.761529192075765e-05,
      4.1710466147954777e-07
    ],
    [
      1.590111322467546e-06,
      1.450720213869649e-05,
      3.4820282455289317e-05,
      -0.0003180775268931129,
      4.771373797328341e-07,
      4.35310931876814e-06,
      -2.0393609992405867e-05,
      0.00018639062326068924,
      -6.350773707026653e-08,
      -5.794057095448104e-07,
      -1.3906934134971952e-06,
      1.2703754548795587e-05,
      -3.71976451446568e-08,
      -3.393685395306984e-07,
      4.1710466147954777e-07,
      -3.8121940081752104e-06
    ],
    [
      -0.03141082701634913,
      0.00019381784062357795,
      -8.098798507516745e-05,
      -4.997323103611402e-07,
      0.003999977238174702,
      -2.468156121397029e-05,
      -1.0292237574727685e-05,
      -6.350773707026653e-08,
      0.04581481095873706,
      -0.00028269640032011926,
      0.00011764365614360661,
      7.259142949341304e-07,
      -0.00546353734498036,
      3.37123496948899e-05,
      1.4058086085158587e-05,
      8.674471691167175e-08
    ],
    [
      0.00019381784062357795,
      -0.0017709627976447903,
      4.997323103611402e-07,
      -4.559251631764189e-06,
      -2.468156121397029e-05,
      0.00022552131074251168,
      6.350773707026653e-08,
      -5.794057095448104e-07,
      -0.00028269640032011926,
      0.0025830687535486176,
      -7.259142949341304e-07,
      6.622797575981483e-06,
      3.37123496948899e-05,
      -0.00030803777870818424,
      -8.674471691167175e-08,
      7.914056864577233e-07
    ],
    [
      -8.098798507516745e-05,
      4.997323103611402e-07,
      -0.0017698568524673018,
      1.0917878520450525e-05,
      1.0292237574727685e-05,
      -6.350773707026653e-08,
      0.0002253211852451419,
      -1.3906934134971952e-06,
      0.00011764365614360661,
      -7.259142949341304e-07,
      0.002581455657872691,
      -1.5924462613625093e-05,
      -1.4058086085158587e-05,
      8.674471691167175e-08,
      -0.0003077644288705583,
      1.8995371592482772e-06
    ],
    [
      -4.997323103611402e-07,
      -4.559251631764189e-06,
      1.0917878520450525e-05,
      -9.9785677124798e-05,
      6.350773707026653e-08,
      5.794057095448104e-07,
      -1.3906934134971952e-06,
      1.2703754548795587e-05,
      7.259142949341304e-07,
      6.622797575981483e-06,
      -1.5924462613625093e-05,
      0.0001455441441093758,
      -8.674471691167175e-08,
      -7.914056864577233e-07,
      1.8995371592482772e-06,
      -1.7351958090261855e-05
    ],
    [
      -0.003999977238174702,
      2.468156121397029e-05,
      -1.0292237574727685e-05,
      -6.350773707026653e-08,
      -0.0012000135690194787,
      7.404581819679242e-06,
      -6.028352114414537e-06,
      -3.71976451446568e-08,
      -0.00546353734498036,
      3.37123496948899e-05,
      -1.405808608515859e-05,
      -8.674471691167177e-08,
      0.0034102319283319162,
      -2.1042546508910608e-05,
      4.494437017144109e-06,
      2.7732698773348417e-08
    ],
    [
      2.468156121397029e-05,
      -0.00022552131074251168,
      6.350773707026653e-08,
      -5.794057095448104e-07,
      7.404581819679242e-06,
      -6.765754325081295e-05,
      3.71976451446568e-08,
      -3.393685395306984e-07,
      3.37123496948899e-05,
      -0.00030803777870818424,
      8.674471691167175e-08,
      -7.914056864577233e-07,
      -2.1042546508910608e-05,
      0.00019227108771357137,
      -2.7732698773348417e-08,
      2.5301616388229766e-07
    ],
    [
      1.0292237574727685e-05,
      -6.350773707026653e-08,
      -0.0002253211852451419,
      1.3906934134971952e-06,
      -6.028352114414537e-06,
      3.71976451446568e-08,
      -6.761529192075765e-05,
      4.1710466147954777e-07,
      1.4058086085158587e-05,
      -8.674471691167173e-08,
      -0.0003077644288705583,
      1.8995371592482772e-06,
      4.494437017144109e-06,
      -2.7732698773348417e-08,
      0.00019215101670896865,
      -1.1853396251143066e-06
    ],
    [
      6.350773707026653e-08,
      5.794057095448104e-07,
      1.3906934134971952e-06,
      -1.2703754548795587e-05,
      -3.71976451446568e-08,
      -3.393685395306984e-07,
      4.1710466147954777e-07,
      -3.8121940081752104e-06,
      8.674471691167175e-08,
      7.914056864577233e-07,
      1.8995371592482772e-06,
      -1.7351958090261855e-05,
      2.7732698773348417e-08,
      2.5301616388229766e-07,
      -1.1853396251143066e-06,
      1.0833598935299793e-05
    ]
  ],
  "final_state_imag": [
    [
      0.0,
      0.0,
      0.0,
      0.0,
      0.0,
      0.0,
      0.0,
      0.0,
      0.0,
      0.0,
      0.0,
      0.0,
      0.0,
      0.0,
      0.0,
      0.0
    ],
    [
      0.0,
      0.0,
      0.0,
      0.0,
      0.0,
      0.0,
      0.0,
      0.0,
      0.0,
      0.0,
      0.0,
      0.0,
      0.0,
      0.0,
      0.0,
      0.0
    ],
    [
      0.0,
      0.0,
      0.0,
      0.0,
      0.0,
      0.0,
      0.0,
      0.0,
      0.0,
      0.0,
      0.0,
      0.0,
      0.0,
      0.0,
      0.0,
      0.0
    ],
    [
      0.0,
      0.0,
      0.0,
      0.0,
      0.0,
      0.0,
      0.0,
      0.0,
      0.0,
      0.0,
      0.0,
      0.0,
      0.0,
      0.0,
      0.0,
      0.0
    ],
    [
      0.0,
      0.0,
      0.0,
      0.0,
      0.0,
      0.0,
      0.0,
      0.0,
      0.0,
      0.0,
      0.0,
      0.0,
      0.0,
      0.0,
      0.0,
      0.0
    ],
    [
      0.0,
      0.0,
      0.0,
      0.0,
      0.0,
      0.0,
      0.0,
      0.0,
      0.0,
      0.0,
      0.0,
      0.0,
      0.0,
      0.0,
      0.0,
      0.0
    ],
    [
      0.0,
      0.0,
      0.0,
      0.0,
      0.0,
      0.0,
      0.0,
      0.0,
      0.0,
      0.0,
      0.0,
      0.0,
      0.0,
      0.0,
      0.0,
      0.0
    ],
    [
      0.0,
      0.0,
      0.0,
      0.0,
      0.0,
      0.0,
      0.0,
      0.0,
      0.0,
      0.0,
      0.0,
      0.0,
      0.0,
      0.0,
      0.0,
      0.0
    ],
    [
      0.0,
      0.0,
      0.0,
      0.0,
      0.0,
      0.0,
      0.0,
      0.0,
      0.0,
      0.0,
      0.0,
      0.0,
      0.0,
      0.0,
      0.0,
      0.0
    ],
    [
      0.0,
      0.0,
      0.0,
      0.0,
      0.0,
      0.0,
      0.0,
      0.0,
      0.0,
      0.0,
      0.0,
      0.0,
      0.0,
      0.0,
      0.0,
      0.0
    ],
    [
      0.0,
      0.0,
      0.0,
      0.0,
      0.0,
      0.0,
      0.0,
      0.0,
      0.0,
      0.0,
      0.0,
      0.0,
      0.0,
      0.0,
      0.0,
      0.0
    ],
    [
      0.0,
      0.0,
      0.0,
      0.0,
      0.0,
      0.0,
      0.0,
      0.0,
      0.0,
      0.0,
      0.0,
      0.0,
      0.0,
      0.0,
      0.0,
      0.0
    ],
    [
      0.0,
      0.0,
      0.0,
      0.0,
      0.0,
      0.0,
      0.0,
      0.0,
      0.0,
      0.0,
      0.0,
      0.0,
      0.0,
      0.0,
      0.0,
      0.0
    ],
    [
      0.0,
      0.0,
      0.0,
      0.0,
      0.0,
      0.0,
      0.0,
      0.0,
      0.0,
      0.0,
      0.0,
      0.0,
      0.0,
      0.0,
      0.0,
      0.0
    ],
    [
      0.0,
      0.0,
      0.0,
      0.0,
      0.0,
      0.0,
      0.0,
      0.0,
      0.0,
      0.0,
      0.0,
      0.0,
      0.0,
      0.0,
      0.0,
      0.0
    ],
    [
      0.0,
      0.0,
      0.0,
      0.0,
      0.0,
      0.0,
      0.0,
      0.0,
      0.0,
      0.0,
      0.0,
      0.0,
      0.0,
      0.0,
      0.0,
      0.0
    ]
  ]
}