{
  "config": {
    "symbols": [
      "H",
      "H"
    ],
    "geometry": [
      [
        0.0,
        0.0,
        0.0
      ],
      [
        0.0,
        0.0,
        0.7414
      ]
    ],
    "basis": "STO-3G",
    "ansatz": "RY-CZ",
    "optimizer": {
      "name": "GradientDescent",
      "stepsize": 0.1,
      "iterations_planned": 50
    },
    "seed": 4,
    "noisy": true,
    "depolarizing_prob": 0.02,
    "amplitude_damping_prob": 0.0
  },
  "energies": [
    1.306977196706336,
    1.306977196706336,
    1.3069736862822352,
    1.306969660703244,
    1.3069650441386498,
    1.3069597496183523,
    1.3069536773386343,
    1.306946712834349,
    1.306938724781038,
    1.3069295625221993,
    1.3069190532394892,
    1.3069069986743826,
    1.3068931713919598,
    1.3068773104988785,
    1.3068591167248824,
    1.3068382467369892,
    1.3068143067330928,
    1.306786844948879,
    1.3067553432131611,
    1.3067192071218912,
    1.3066777549199384,
    1.3066302045974676,
    1.3065756592550446,
    1.306513090176084,
    1.3064413175462886,
    1.3063589883462017,
    1.3062645509617898,
    1.3061562260943138,
    1.3060319735945014,
    1.3058894542495314,
    1.305725986365622,
    1.305538495688727,
    1.305323458665254,
    1.3050768369011718,
    1.3047940028983755,
    1.3044696550297774,
    1.304097720453433,
    1.303671244464142,
    1.3031822645112476,
    1.3026216669129487,
    1.3019790239710218,
    1.3012424091201829,
    1.3003981879071478,
    1.2994307808861583,
    1.2983223974072384,
    1.2970527353309032,
    1.2955986443739478,
    1.2939337507860003,
    1.2920280394497121,
    1.2898473920150415,
    1.2873530787014467
  ],
  "final_params": [
    -0.08312503292838928,
    0.2381439349014411,
    -0.0005156003566968829,
    0.010670228215096302
  ],
  "final_state_real": [
    [
      0.932913162144632,
      0.0049099834253918395,
      -0.0002371631691955694,
      1.2482063444143724e-06,
      0.11007708199728233,
      0.0005793429356504419,
      2.7994385461768525e-05,
      -1.4733640834655248e-07,
      -0.03825658637051489,
      -0.00020134693411280035,
      9.733034182569652e-06,
      -5.1225639538773496e-08,
      0.004515961255167269,
      2.376780164754778e-05,
      1.148482116474397e-06,
      -6.044541692928976e-09
    ],
    [
      0.0049099834253918395,
      0.01263348418821671,
      -1.2482063444143727e-06,
      -3.1981583136675107e-06,
      0.0005793429356504419,
      0.0014906607938736567,
      1.4733640834655248e-07,
      3.7750581974530506e-07,
      -0.00020134693411280035,
      -0.0005180696324360759,
      5.1225639538773496e-08,
      1.3125049852292462e-07,
      2.3767801647547783e-05,
      6.115502216797966e-05,
      6.044541692928975e-09,
      1.5487344183161086e-08
    ],
    [
      -0.0002371631691955694,
      -1.2482063444143724e-06,
      0.01260699661455322,
      6.635080110776106e-05,
      -2.7994385461768525e-05,
      -1.473364083465525e-07,
      0.0014875208206108182,
      7.828997086524242e-06,
      9.733034182569652e-06,
      5.1225639538773496e-08,
      -0.0005169834390038027,
      -2.720891135780104e-06,
      -1.1484821164743967e-06,
      -6.044541692928974e-09,
      6.1026203368099116e-05,
      3.211880880929764e-07
    ],
    [
      1.2482063444143727e-06,
      -3.1981583136675107e-06,
      6.635080110776106e-05,
      0.00017072359878031988,
      1.473364083465525e-07,
      -3.7750581974530506e-07,
      7.828997086524242e-06,
      2.0143965729488172e-05,
      -5.1225639538773496e-08,
      1.3125049852292462e-07,
      -2.720891135780104e-06,
      -7.000975403980711e-06,
      6.044541692928974e-09,
      -1.5487344183161086e-08,
      3.2118808809297646e-07,
      8.264151548097154e-07
    ],
    [
      0.11007708199728233,
      0.0005793429356504419,
      -2.7994385461768525e-05,
      1.4733640834655248e-07,
      0.025954916073463025,
      0.00013660243300156436,
      1.8970025373148675e-07,
      -9.984057012216754e-10,
      -0.004515961255167269,
      -2.376780164754778e-05,
      1.1484821164743967e-06,
      -6.044541692928974e-09,
      3.060038439359276e-05,
      1.6105183877753755e-07,
      2.707862806523224e-07,
      -1.4251671312921303e-09
    ],
    [
      0.0005793429356504419,
      0.0014906607938736567,
      -1.4733640834655248e-07,
      -3.7750581974530506e-07,
      0.00013660243300156436,
      0.0003514807541859415,
      9.984057012216692e-10,
      2.5581183015643575e-09,
      -2.376780164754778e-05,
      -6.115502216797966e-05,
      6.044541692928974e-09,
      1.5487344183161086e-08,
      1.6105183877753755e-07,
      4.143895574386518e-07,
      1.4251671312921303e-09,
      3.6515678114471223e-09
    ],
    [
      2.7994385461768525e-05,
      1.473364083465525e-07,
      0.0014875208206108182,
      7.828997086524242e-06,
      1.8970025373148675e-07,
      9.984057012216754e-10,
      0.00035074383377435125,
      1.8459697472807108e-06,
      -1.1484821164743965e-06,
      -6.044541692928974e-09,
      -6.1026203368099116e-05,
      -3.211880880929764e-07,
      2.707862806523224e-07,
      1.4251671312921303e-09,
      4.1352074138090315e-07,
      2.1763654979985615e-09
    ],
    [
      -1.473364083465525e-07,
      3.7750581974530506e-07,
      7.828997086524242e-06,
      2.0143965729488172e-05,
      -9.984057012216692e-10,
      2.5581183015643575e-09,
      1.8459697472807108e-06,
      4.7497632769123765e-06,
      6.044541692928974e-09,
      -1.548734418316108e-08,
      -3.211880880929764e-07,
      -8.264151548097154e-07,
      -1.4251671312921303e-09,
      3.6515678114471223e-09,
      2.1763654979985615e-09,
      5.599886420002473e-09
    ],
    [
      -0.03825658637051489,
      -0.00020134693411280035,
      9.733034182569652e-06,
      -5.1225639538773496e-08,
      -0.004515961255167269,
      -2.376780164754778e-05,
      -1.148482116474397e-06,
      6.044541692928976e-09,
      0.014220014122984542,
      7.484087103261123e-05,
      -3.6149812782788536e-06,
      1.902589926501598e-08,
      0.0012971873924891902,
      6.827182719759808e-06,
      3.29895771423023e-07,
      -1.7362645147743426e-09
    ],
    [
      -0.00020134693411280035,
      -0.0005180696324360759,
      5.1225639538773496e-08,
      1.3125049852292462e-07,
      -2.3767801647547783e-05,
      -6.115502216797966e-05,
      -6.044541692928975e-09,
      -1.5487344183161086e-08,
      7.484087103261123e-05,
      0.0001925670371784208,
      -1.9025899265015985e-08,
      -4.874822034169336e-08,
      6.827182719759808e-06,
      1.756647572051895e-05,
      1.7362645147743426e-09,
      4.448662528835897e-09
    ],
    [
      9.733034182569652e-06,
      5.1225639538773496e-08,
      -0.0005169834390038027,
      -2.720891135780104e-06,
      1.1484821164743967e-06,
      6.044541692928974e-09,
      -6.1026203368099116e-05,
      -3.211880880929764e-07,
      -3.6149812782788536e-06,
      -1.902589926501598e-08,
      0.0001921632979164379,
      1.011358148977884e-06,
      -3.29895771423023e-07,
      -1.7362645147743426e-09,
      1.7529473161444874e-05,
      9.225967960092347e-08
    ],
    [
      -5.1225639538773496e-08,
      1.3125049852292462e-07,
      -2.720891135780104e-06,
      -7.000975403980711e-06,
      -6.044541692928974e-09,
      1.5487344183161086e-08,
      -3.2118808809297646e-07,
      -8.264151548097154e-07,
      1.9025899265015985e-08,
      -4.874822034169336e-08,
      1.011358148977884e-06,
      2.6022700550198942e-06,
      1.7362645147743426e-09,
      -4.448662528835897e-09,
      9.225967960092347e-08,
      2.373836397631934e-07
    ],
    [
      0.004515961255167269,
      2.376780164754778e-05,
      -1.1484821164743967e-06,
      6.044541692928974e-09,
      3.060038439359276e-05,
      1.6105183877753755e-07,
      2.707862806523224e-07,
      -1.4251671312921303e-09,
      0.0012971873924891902,
      6.827182719759808e-06,
      -3.29895771423023e-07,
      1.7362645147743426e-09,
      0.00039562017999302635,
      2.0821750676673866e-06,
      2.8915234521873706e-09,
      -1.5218290134531794e-11
    ],
    [
      2.376780164754778e-05,
      6.115502216797966e-05,
      -6.044541692928974e-09,
      -1.5487344183161086e-08,
      1.6105183877753755e-07,
      4.143895574386518e-07,
      1.4251671312921303e-09,
      3.6515678114471223e-09,
      6.827182719759808e-06,
      1.756647572051895e-05,
      -1.7362645147743426e-09,
      -4.448662528835897e-09,
      2.0821750676673866e-06,
      5.357477513760797e-06,
      1.5218290134531752e-11,
      3.899235197077295e-11
    ],
    [
      1.1484821164743965e-06,
      6.044541692928974e-09,
      6.1026203368099116e-05,
      3.211880880929764e-07,
      2.707862806523224e-07,
      1.4251671312921303e-09,
      4.1352074138090315e-07,
      2.1763654979985615e-09,
      3.29895771423023e-07,
      1.7362645147743426e-09,
      1.7529473161444874e-05,
      9.225967960092347e-08,
      2.8915234521873706e-09,
      1.5218290134531794e-11,
      5.346244937047827e-06,
      2.8137362556435182e-08
    ],
    [
      -6.044541692928974e-09,
      1.548734418316108e-08,
      3.211880880929764e-07,
      8.264151548097154e-07,
      -1.4251671312921303e-09,
      3.6515678114471223e-09,
      2.1763654979985615e-09,
      5.599886420002473e-09,
      -1.7362645147743426e-09,
      4.448662528835897e-09,
      9.225967960092347e-08,
      2.373836397631934e-07,
      -1.5218290134531752e-11,
      3.899235197077295e-11,
      2.8137362556435182e-08,
      7.239870077860065e-08
    ]
  ],
  "final_state_imag": [
    [
      0.0,
      0.0,
      0.0,
      0.0,
      0.0,
      0.0,
      0.0,
      0.0,
      0.0,
      0.0,
      0.0,
      0.0,
      0.0,
      0.0,
      0.0,
      0.0
    ],
    [
      0.0,
      0.0,
      0.0,
      0.0,
      0.0,
      0.0,
      0.0,
      0.0,
      0.0,
      0.0,
      0.0,
      0.0,
      0.0,
      0.0,
      0.0,
      0.0
    ],
    [
      0.0,
      0.0,
      0.0,
      0.0,
      0.0,
      0.0,
      0.0,
      0.0,
      0.0,
      0.0,
      0.0,
      0.0,
      0.0,
      0.0,
      0.0,
      0.0
    ],
    [
      0.0,
      0.0,
      0.0,
      0.0,
      0.0,
      0.0,
      0.0,
      0.0,
      0.0,
      0.0,
      0.0,
      0.0,
      0.0,
      0.0,
      0.0,
      0.0
    ],
    [
      0.0,
      0.0,
      0.0,
      0.0,
      0.0,
      0.0,
      0.0,
      0.0,
      0.0,
      0.0,
      0.0,
      0.0,
      0.0,
      0.0,
      0.0,
      0.0
    ],
    [
      0.0,
      0.0,
      0.0,
      0.0,
      0.0,
      0.0,
      0.0,
      0.0,
      0.0,
      0.0,
      0.0,
      0.0,
      0.0,
      0.0,
      0.0,
      0.0
    ],
    [
      0.0,
      0.0,
      0.0,
      0.0,
      0.0,
      0.0,
      0.0,
      0.0,
      0.0,
      0.0,
      0.0,
      0.0,
      0.0,
      0.0,
      0.0,
      0.0
    ],
    [
      0.0,
      0.0,
      0.0,
      0.0,
      0.0,
      0.0,
      0.0,
      0.0,
      0.0,
      0.0,
      0.0,
      0.0,
      0.0,
      0.0,
      0.0,
      0.0
    ],
    [
      0.0,
      0.0,
      0.0,
      0.0,
      0.0,
      0.0,
      0.0,
      0.0,
      0.0,
      0.0,
      0.0,
      0.0,
      0.0,
      0.0,
      0.0,
      0.0
    ],
    [
      0.0,
      0.0,
      0.0,
      0.0,
      0.0,
      0.0,
      0.0,
      0.0,
      0.0,
      0.0,
      0.0,
      0.0,
      0.0,
      0.0,
      0.0,
      0.0
    ],
    [
      0.0,
      0.0,
      0.0,
      0.0,
      0.0,
      0.0,
      0.0,
      0.0,
      0.0,
      0.0,
      0.0,
      0.0,
      0.0,
      0.0,
      0.0,
      0.0
    ],
    [
      0.0,
      0.0,
      0.0,
      0.0,
      0.0,
      0.0,
      0.0,
      0.0,
      0.0,
      0.0,
      0.0,
      0.0,
      0.0,
      0.0,
      0.0,
      0.0
    ],
    [
      0.0,
      0.0,
      0.0,
      0.0,
      0.0,
      0.0,
      0.0,
      0.0,
      0.0,
      0.0,
      0.0,
      0.0,
      0.0,
      0.0,
      0.0,
      0.0
    ],
    [
      0.0,
      0.0,
      0.0,
      0.0,
      0.0,
      0.0,
      0.0,
      0.0,
      0.0,
      0.0,
      0.0,
      0.0,
      0.0,
      0.0,
      0.0,
      0.0
    ],
    [
      0.0,
      0.0,
      0.0,
      0.0,
      0.0,
      0.0,
      0.0,
      0.0,
      0.0,
      0.0,
      0.0,
      0.0,
      0.0,
      0.0,
      0.0,
      0.0
    ],
    [
      0.0,
      0.0,
      0.0,
      0.0,
      0.0,
      0.0,
      0.0,
      0.0,
      0.0,
      0.0,
      0.0,
      0.0,
      0.0,
      0.0,
      0.0,
      0.0
    ]
  ]
}