{
  "config": {
    "symbols": [
      "H",
      "H"
    ],
    "geometry": [
      [
        0.0,
        0.0,
        0.0
      ],
      [
        0.0,
        0.0,
        0.7414
      ]
    ],
    "basis": "STO-3G",
    "ansatz": "RY-CZ",
    "optimizer": {
      "name": "GradientDescent",
      "stepsize": 0.1,
      "iterations_planned": 50
    },
    "seed": 8,
    "noisy": true,
    "depolarizing_prob": 0.04,
    "amplitude_damping_prob": 0.0
  },
  "energies": [
    1.2666061196348724,
    1.2666061196348724,
    1.266598977061007,
    1.2665908324969202,
    1.266581545362702,
    1.2665709553686015,
    1.2665588797489329,
    1.2665451100840257,
    1.266529408740523,
    1.2665115047829574,
    1.2664910892522174,
    1.2664678098767461,
    1.2664412650327113,
    1.2664109967720913,
    1.2663764829788093,
    1.2663371283794664,
    1.266292254301756,
    1.2662410870547542,
    1.266182744601026,
    1.2661162214095405,
    1.2660403712556572,
    1.2659538876291396,
    1.2658552813367516,
    1.2657428550593246,
    1.2656146744024341,
    1.265468535077743,
    1.265301925388306,
    1.2651119835872835,
    1.264895449665852,
    1.2646486103251748,
    1.2643672364629457,
    1.2640465127520104,
    1.2636809571977872,
    1.2632643305744293,
    1.2627895332237937,
    1.2622484895046113,
    1.2616320163190067,
    1.2609296757860076,
    1.2601296088699872,
    1.2592183486576476,
    1.2581806118225543,
    1.2569990651381149,
    1.2556540658127728,
    1.2541233730548356,
    1.2523818300173133,
    1.2504010143156847,
    1.2481488562678236,
    1.245589225627473,
    1.2426814877888839,
    1.2393800327968487,
    1.235633782114867
  ],
  "final_params": [
    -0.3206329220464119,
    -0.04533217718391505,
    0.002076090112657478,
    -0.0045109075722858235
  ],
  "final_state_real": [
    [
      0.8748380560355028,
      -0.0019191005886019829,
      0.00088321645589053,
      1.937480635659225e-06,
      -0.019261305970945164,
      4.225283495163191e-05,
      1.944632192388575e-05,
      4.2658707173130326e-08,
      -0.1374868491673778,
      0.00030159992622844805,
      -0.000138811390385869,
      -3.0450562723084997e-07,
      -0.0030314729764225816,
      6.650033363590784e-06,
      3.0605920227838464e-06,
      6.713912244556019e-09
    ],
    [
      -0.0019191005886019829,
      0.023972612956761452,
      -1.937480635659225e-06,
      2.4193221491424235e-05,
      4.225283495163191e-05,
      -0.0005278049233199889,
      -4.2658707173130326e-08,
      5.326770921899799e-07,
      0.0003015999262284481,
      -0.0037674618736526846,
      3.0450562723084997e-07,
      -3.802346175436443e-06,
      6.650033363590784e-06,
      -8.306946394397707e-05,
      -6.7139122445560174e-09,
      8.38362784210548e-08
    ],
    [
      0.00088321645589053,
      -1.937480635659225e-06,
      0.023969107882715335,
      -5.2576031965619096e-05,
      -1.9446321923885745e-05,
      4.2658707173130326e-08,
      -0.000527686273685996,
      1.15765741135652e-06,
      -0.00013881139038586897,
      3.045056272308499e-07,
      -0.0037669110270321304,
      8.262686935949836e-06,
      -3.0605920227838464e-06,
      6.713912244556019e-09,
      -8.305079007214025e-05,
      1.8219985517993432e-07
    ],
    [
      1.937480635659225e-06,
      2.4193221491424235e-05,
      -5.2576031965619096e-05,
      0.0006568097286429388,
      -4.265870717313032e-08,
      -5.326770921899799e-07,
      1.15765741135652e-06,
      -1.4459840554943484e-05,
      -3.045056272308499e-07,
      -3.802346175436442e-06,
      8.262686935949838e-06,
      -0.00010322219006203518,
      -6.7139122445560174e-09,
      -8.38362784210548e-08,
      1.8219985517993432e-07,
      -2.2757862811490083e-06
    ],
    [
      -0.019261305970945164,
      4.225283495163191e-05,
      -1.944632192388575e-05,
      -4.2658707173130326e-08,
      0.024417425524685392,
      -5.3563622859437145e-05,
      2.374413614357202e-05,
      5.2086669900463255e-08,
      0.003031472976422581,
      -6.6500333635907825e-06,
      3.0605920227838464e-06,
      6.7139122445560174e-09,
      -0.0036961567493547574,
      8.108125320241027e-06,
      -3.874336242395286e-06,
      -8.498994097777518e-09
    ],
    [
      4.225283495163191e-05,
      -0.0005278049233199889,
      4.2658707173130326e-08,
      -5.326770921899799e-07,
      -5.3563622859437145e-05,
      0.000669094682684993,
      -5.2086669900463255e-08,
      6.504035800202178e-07,
      -6.650033363590784e-06,
      8.306946394397704e-05,
      -6.7139122445560174e-09,
      8.38362784210548e-08,
      8.108125320241029e-06,
      -0.0001012833570379194,
      8.498994097777518e-09,
      -1.0612650411955089e-07
    ],
    [
      1.9446321923885745e-05,
      -4.2658707173130326e-08,
      -0.000527686273685996,
      1.15765741135652e-06,
      2.374413614357202e-05,
      -5.2086669900463255e-08,
      0.0006689968532822947,
      -1.4674388431633167e-06,
      -3.060592022783846e-06,
      6.7139122445560174e-09,
      8.305079007214022e-05,
      -1.8219985517993426e-07,
      -3.874336242395286e-06,
      8.498994097777515e-09,
      -0.0001012685482364467,
      2.2213168947479805e-07
    ],
    [
      4.265870717313032e-08,
      5.326770921899799e-07,
      1.15765741135652e-06,
      -1.4459840554943484e-05,
      5.2086669900463255e-08,
      6.504035800202178e-07,
      -1.4674388431633167e-06,
      1.833208160342871e-05,
      -6.7139122445560174e-09,
      -8.383627842105477e-08,
      -1.8219985517993432e-07,
      2.2757862811490075e-06,
      -8.498994097777515e-09,
      -1.0612650411955089e-07,
      2.2213168947479808e-07,
      -2.7749955489670017e-06
    ],
    [
      -0.1374868491673778,
      0.00030159992622844805,
      -0.000138811390385869,
      -3.0450562723084997e-07,
      0.0030314729764225816,
      -6.650033363590784e-06,
      -3.0605920227838464e-06,
      -6.713912244556019e-09,
      0.04681010868174151,
      -0.0001026856416497812,
      4.725841314802204e-05,
      1.036691059542766e-07,
      -2.4074973175490683e-05,
      5.281240376864541e-08,
      2.4306227178246562e-08,
      5.3319709081171935e-11
    ],
    [
      0.0003015999262284481,
      -0.0037674618736526846,
      3.0450562723084997e-07,
      -3.802346175436443e-06,
      -6.650033363590784e-06,
      8.306946394397707e-05,
      6.7139122445560174e-09,
      -8.38362784210548e-08,
      -0.0001026856416497812,
      0.0012827066794243217,
      -1.036691059542766e-07,
      1.294510817815925e-06,
      5.281240376864541e-08,
      -6.597106857649444e-07,
      -5.3319709081171935e-11,
      6.658004771336368e-10
    ],
    [
      -0.00013881139038586897,
      3.045056272308499e-07,
      -0.0037669110270321304,
      8.262686935949836e-06,
      3.0605920227838464e-06,
      -6.713912244556019e-09,
      8.305079007214025e-05,
      -1.8219985517993432e-07,
      4.725841314802204e-05,
      -1.036691059542766e-07,
      0.0012825191328310925,
      -2.813194686017942e-06,
      -2.4306227178246466e-08,
      5.3319709081171766e-11,
      -6.595623839436683e-07,
      1.446972036416317e-09
    ],
    [
      -3.045056272308499e-07,
      -3.802346175436442e-06,
      8.262686935949838e-06,
      -0.00010322219006203518,
      6.7139122445560174e-09,
      8.38362784210548e-08,
      -1.8219985517993432e-07,
      2.2757862811490083e-06,
      1.036691059542766e-07,
      1.294510817815925e-06,
      -2.813194686017942e-06,
      3.5144029879460784e-05,
      -5.3319709081171766e-11,
      -6.658004771336341e-10,
      1.446972036416317e-09,
      -1.8073555033457293e-08
    ],
    [
      -0.003031472976422581,
      6.6500333635907825e-06,
      -3.0605920227838464e-06,
      -6.7139122445560174e-09,
      -0.0036961567493547574,
      8.108125320241027e-06,
      -3.874336242395286e-06,
      -8.498994097777518e-09,
      -2.407497317549078e-05,
      5.281240376864578e-08,
      -2.4306227178246654e-08,
      -5.33197090811721e-11,
      0.0013065073411626573,
      -2.8660378799711407e-06,
      1.270481531715131e-06,
      2.787010306752971e-09
    ],
    [
      6.650033363590784e-06,
      -8.306946394397704e-05,
      6.7139122445560174e-09,
      -8.38362784210548e-08,
      8.108125320241029e-06,
      -0.0001012833570379194,
      8.498994097777518e-09,
      -1.0612650411955089e-07,
      5.281240376864559e-08,
      -6.597106857649471e-07,
      5.33197090811721e-11,
      -6.658004771336392e-10,
      -2.8660378799711407e-06,
      3.580136300516495e-05,
      -2.787010306752971e-09,
      3.48012549953641e-08
    ],
    [
      3.060592022783846e-06,
      -6.7139122445560174e-09,
      -8.305079007214022e-05,
      1.8219985517993426e-07,
      -3.874336242395286e-06,
      8.498994097777515e-09,
      -0.0001012685482364467,
      2.2213168947479805e-07,
      2.4306227178246562e-08,
      -5.3319709081171935e-11,
      -6.595623839436711e-07,
      1.4469720364163273e-09,
      1.270481531715131e-06,
      -2.787010306752971e-09,
      3.579612843067315e-05,
      -7.851849980506134e-08
    ],
    [
      6.7139122445560174e-09,
      8.383627842105477e-08,
      1.8219985517993432e-07,
      -2.2757862811490075e-06,
      -8.498994097777515e-09,
      -1.0612650411955089e-07,
      2.2213168947479808e-07,
      -2.7749955489670017e-06,
      5.3319709081171935e-11,
      6.658004771336368e-10,
      1.446972036416322e-09,
      -1.8073555033457365e-08,
      2.787010306752971e-09,
      3.48012549953641e-08,
      -7.851849980506134e-08,
      9.808978087988295e-07
    ]
  ],
  "final_state_imag": [
    [
      0.0,
      0.0,
      0.0,
      0.0,
      0.0,
      0.0,
      0.0,
      0.0,
      0.0,
      0.0,
      0.0,
      0.0,
      0.0,
      0.0,
      0.0,
      0.0
    ],
    [
      0.0,
      0.0,
      0.0,
      0.0,
      0.0,
      0.0,
      0.0,
      0.0,
      0.0,
      0.0,
      0.0,
      0.0,
      0.0,
      0.0,
      0.0,
      0.0
    ],
    [
      0.0,
      0.0,
      0.0,
      0.0,
      0.0,
      0.0,
      0.0,
      0.0,
      0.0,
      0.0,
      0.0,
      0.0,
      0.0,
      0.0,
      0.0,
      0.0
    ],
    [
      0.0,
      0.0,
      0.0,
      0.0,
      0.0,
      0.0,
      0.0,
      0.0,
      0.0,
      0.0,
      0.0,
      0.0,
      0.0,
      0.0,
      0.0,
      0.0
    ],
    [
      0.0,
      0.0,
      0.0,
      0.0,
      0.0,
      0.0,
      0.0,
      0.0,
      0.0,
      0.0,
      0.0,
      0.0,
      0.0,
      0.0,
      0.0,
      0.0
    ],
    [
      0.0,
      0.0,
      0.0,
      0.0,
      0.0,
      0.0,
      0.0,
      0.0,
      0.0,
      0.0,
      0.0,
      0.0,
      0.0,
      0.0,
      0.0,
      0.0
    ],
    [
      0.0,
      0.0,
      0.0,
      0.0,
      0.0,
      0.0,
      0.0,
      0.0,
      0.0,
      0.0,
      0.0,
      0.0,
      0.0,
      0.0,
      0.0,
      0.0
    ],
    [
      0.0,
      0.0,
      0.0,
      0.0,
      0.0,
      0.0,
      0.0,
      0.0,
      0.0,
      0.0,
      0.0,
      0.0,
      0.0,
      0.0,
      0.0,
      0.0
    ],
    [
      0.0,
      0.0,
      0.0,
      0.0,
      0.0,
      0.0,
      0.0,
      0.0,
      0.0,
      0.0,
      0.0,
      0.0,
      0.0,
      0.0,
      0.0,
      0.0
    ],
    [
      0.0,
      0.0,
      0.0,
      0.0,
      0.0,
      0.0,
      0.0,
      0.0,
      0.0,
      0.0,
      0.0,
      0.0,
      0.0,
      0.0,
      0.0,
      0.0
    ],
    [
      0.0,
      0.0,
      0.0,
      0.0,
      0.0,
      0.0,
      0.0,
      0.0,
      0.0,
      0.0,
      0.0,
      0.0,
      0.0,
      0.0,
      0.0,
      0.0
    ],
    [
      0.0,
      0.0,
      0.0,
      0.0,
      0.0,
      0.0,
      0.0,
      0.0,
      0.0,
      0.0,
      0.0,
      0.0,
      0.0,
      0.0,
      0.0,
      0.0
    ],
    [
      0.0,
      0.0,
      0.0,
      0.0,
      0.0,
      0.0,
      0.0,
      0.0,
      0.0,
      0.0,
      0.0,
      0.0,
      0.0,
      0.0,
      0.0,
      0.0
    ],
    [
      0.0,
      0.0,
      0.0,
      0.0,
      0.0,
      0.0,
      0.0,
      0.0,
      0.0,
      0.0,
      0.0,
      0.0,
      0.0,
      0.0,
      0.0,
      0.0
    ],
    [
      0.0,
      0.0,
      0.0,
      0.0,
      0.0,
      0.0,
      0.0,
      0.0,
      0.0,
      0.0,
      0.0,
      0.0,
      0.0,
      0.0,
      0.0,
      0.0
    ],
    [
      0.0,
      0.0,
      0.0,
      0.0,
      0.0,
      0.0,
      0.0,
      0.0,
      0.0,
      0.0,
      0.0,
      0.0,
      0.0,
      0.0,
      0.0,
      0.0
    ]
  ]
}