{
  "config": {
    "symbols": [
      "H",
      "H"
    ],
    "geometry": [
      [
        0.0,
        0.0,
        0.0
      ],
      [
        0.0,
        0.0,
        0.7414
      ]
    ],
    "basis": "STO-3G",
    "ansatz": "RY-CZ",
    "optimizer": {
      "name": "Adagrad",
      "stepsize": 0.1,
      "iterations_planned": 50
    },
    "seed": 2,
    "noisy": true,
    "depolarizing_prob": 0.08,
    "amplitude_damping_prob": 0.0
  },
  "energies": [
    1.1902949389566395,
    1.1902949389566395,
    1.1833237043407876,
    1.1642153902145624,
    1.1373253450925465,
    1.1062305494082785,
    1.072824131434714,
    1.0381805543091365,
    1.0030479533720789,
    0.9678430879147029,
    0.932852637087783,
    0.8981548514597252,
    0.8639090374713212,
    0.8302397092327553,
    0.797205978609927,
    0.7648422312730858,
    0.7331711216787606,
    0.7022065056191564,
    0.6719551988804783,
    0.6424180197849523,
    0.613589976848123,
    0.5854606321750657,
    0.5580168121882414,
    0.5312465680887829,
    0.5051398868331115,
    0.4796862824132616,
    0.4548732683796828,
    0.4306866251150045,
    0.4071112183831994,
    0.38413158064815467,
    0.36173222328085286,
    0.33989777230943663,
    0.3186130443538562,
    0.2978630770981925,
    0.27763315083722084,
    0.257908784399734,
    0.2386757285478755,
    0.21991995208750675,
    0.20162765735806742,
    0.18378532338146017,
    0.16637980529494184,
    0.1493984293381789,
    0.1328290644081654,
    0.11666009845076125,
    0.1008803705512471,
    0.08547906831525726,
    0.07044566291721016,
    0.055769868384962576,
    0.04144164368325727,
    0.0274511970846871,
    0.01378900578440137
  ],
  "final_params": [
    -1.6847466702739438,
    -1.6847878927279778,
    0.0066622420547880045,
    0.0066622451209327645
  ],
  "final_state_real": [
    [
      0.1808300427304719,
      0.0005684319004132745,
      0.0004932643699878203,
      -1.5505604054743461e-06,
      -0.15502385985775471,
      -0.0004873124304617764,
      0.00048731159689742676,
      -1.5318480580632293e-06,
      -0.1550166415175015,
      -0.00048728852132615266,
      -0.0005615448877340423,
      1.7651979785980524e-06,
      -0.17648107845381544,
      -0.0005547624949524321,
      0.0005547615460124721,
      -1.7438747658743595e-06
    ],
    [
      0.0005684319004132745,
      0.010189608244359993,
      1.5505604054743457e-06,
      2.7784085852296328e-05,
      -0.0004873124304617764,
      -0.008735453338544724,
      1.5318480580632293e-06,
      2.744878419933725e-05,
      -0.00048728852132615266,
      -0.008735046591644462,
      -1.7651979785980524e-06,
      -3.1630120316831266e-05,
      -0.000554762494952432,
      -0.00994454806752922,
      1.7438747658743595e-06,
      3.1248035252057136e-05
    ],
    [
      0.0004932643699878203,
      1.5505604054743457e-06,
      0.010189608242518888,
      3.2018044857995896e-05,
      -0.00048731159689742676,
      -1.5318480580632293e-06,
      -0.00873202382796697,
      -2.7459611705762672e-05,
      -0.0005615448877340423,
      -1.7651979785980524e-06,
      -0.008735046590066171,
      -2.744748442735869e-05,
      -0.0005547615460124722,
      -1.7438747658743595e-06,
      -0.00994064387029219,
      -3.126036141922054e-05
    ],
    [
      -1.5505604054743457e-06,
      2.7784085852296328e-05,
      3.2018044857995896e-05,
      0.0005741751458275402,
      1.5318480580632293e-06,
      -2.744878419933725e-05,
      -2.7459611705762672e-05,
      -0.0004920415913412087,
      1.7651979785980524e-06,
      -3.1630120316831266e-05,
      -2.744748442735869e-05,
      -0.000492211921232977,
      1.7438747658743595e-06,
      -3.1248035252057136e-05,
      -3.1260361419220536e-05,
      -0.0005601462301590619
    ],
    [
      -0.15502385985775471,
      -0.0004873124304617764,
      -0.00048731159689742676,
      1.5318480580632293e-06,
      0.22173556875913697,
      0.0006970167613510995,
      -0.000637202580912199,
      2.0030254612813713e-06,
      0.17648107845381544,
      0.000554762494952432,
      0.000554761546012472,
      -1.743874765874359e-06,
      0.20025165016831042,
      0.0006294829351764869,
      -0.0006885718389785653,
      2.1645030430054836e-06
    ],
    [
      -0.0004873124304617764,
      -0.008735453338544724,
      -1.5318480580632293e-06,
      -2.744878419933725e-05,
      0.0006970167613510995,
      0.012494597387579005,
      -2.0030254612813713e-06,
      -3.589168869790147e-05,
      0.000554762494952432,
      0.00994454806752922,
      1.743874765874359e-06,
      3.1248035252057136e-05,
      0.0006294829351764868,
      0.011283998138202425,
      -2.1645030430054836e-06,
      -3.878516319783326e-05
    ],
    [
      0.00048731159689742676,
      1.5318480580632293e-06,
      -0.00873202382796697,
      -2.7459611705762672e-05,
      -0.0006372025809121991,
      -2.0030254612813717e-06,
      0.01249459738532142,
      3.926084006806978e-05,
      -0.0005547615460124721,
      -1.7438747658743595e-06,
      0.00994064387029219,
      3.1260361419220536e-05,
      -0.0006885718389785653,
      -2.1645030430054836e-06,
      0.011283998136163579,
      3.5456864474302507e-05
    ],
    [
      -1.5318480580632293e-06,
      2.744878419933725e-05,
      -2.7459611705762672e-05,
      -0.0004920415913412087,
      2.0030254612813717e-06,
      -3.589168869790147e-05,
      3.926084006806978e-05,
      0.0007040591851056174,
      1.7438747658743595e-06,
      -3.1248035252057136e-05,
      3.1260361419220536e-05,
      0.0005601462301590619,
      2.1645030430054836e-06,
      -3.878516319783326e-05,
      3.5456864474302507e-05,
      0.0006358430197850076
    ],
    [
      -0.1550166415175015,
      -0.00048728852132615266,
      -0.0005615448877340423,
      1.7651979785980524e-06,
      0.17648107845381544,
      0.0005547624949524321,
      -0.0005547615460124721,
      1.7438747658743595e-06,
      0.22171917510659156,
      0.000696965228569653,
      0.0006048008813788926,
      -1.9011717791115798e-06,
      0.20024231126817932,
      0.0006294551527417591,
      -0.0006294540760374883,
      1.9786682897697783e-06
    ],
    [
      -0.00048728852132615266,
      -0.008735046591644462,
      -1.7651979785980524e-06,
      -3.1630120316831266e-05,
      0.000554762494952432,
      0.00994454806752922,
      -1.7438747658743595e-06,
      -3.1248035252057136e-05,
      0.000696965228569653,
      0.012493673620186104,
      1.9011717791115794e-06,
      3.406659924005976e-05,
      0.0006294551527417591,
      0.01128347189968402,
      -1.9786682897697783e-06,
      -3.545523892012567e-05
    ],
    [
      -0.0005615448877340423,
      -1.7651979785980524e-06,
      -0.008735046590066171,
      -2.744748442735869e-05,
      0.0005547615460124722,
      1.7438747658743595e-06,
      0.00994064387029219,
      3.126036141922054e-05,
      0.0006048008813788926,
      1.9011717791115798e-06,
      0.012493673617928688,
      3.925793738279328e-05,
      0.0006294540760374883,
      1.9786682897697783e-06,
      0.01127904204530394,
      3.546922466989275e-05
    ],
    [
      1.7651979785980524e-06,
      -3.1630120316831266e-05,
      -2.744748442735869e-05,
      -0.000492211921232977,
      -1.7438747658743595e-06,
      3.1248035252057136e-05,
      3.1260361419220536e-05,
      0.0005601462301590619,
      -1.9011717791115794e-06,
      3.406659924005976e-05,
      3.925793738279328e-05,
      0.0007040071316542175,
      -1.9786682897697783e-06,
      3.545523892012567e-05,
      3.546922466989275e-05,
      0.0006355637485780741
    ],
    [
      -0.17648107845381544,
      -0.000554762494952432,
      -0.000554761546012472,
      1.743874765874359e-06,
      0.20025165016831042,
      0.0006294829351764869,
      -0.0006885718389785653,
      2.1645030430054836e-06,
      0.20024231126817932,
      0.0006294551527417591,
      0.0006294540760374883,
      -1.9786682897697783e-06,
      0.27187422319168797,
      0.0008546255867039725,
      -0.000781286275678332,
      2.4559478407841378e-06
    ],
    [
      -0.000554762494952432,
      -0.00994454806752922,
      -1.743874765874359e-06,
      -3.1248035252057136e-05,
      0.0006294829351764868,
      0.011283998138202425,
      -2.1645030430054836e-06,
      -3.878516319783326e-05,
      0.0006294551527417591,
      0.01128347189968402,
      1.9786682897697783e-06,
      3.545523892012567e-05,
      0.0008546255867039725,
      0.01531986490868736,
      -2.4559478407841373e-06,
      -4.400748620704882e-05
    ],
    [
      0.0005547615460124721,
      1.7438747658743595e-06,
      -0.00994064387029219,
      -3.1260361419220536e-05,
      -0.0006885718389785653,
      -2.1645030430054836e-06,
      0.011283998136163579,
      3.5456864474302507e-05,
      -0.0006294540760374883,
      -1.9786682897697783e-06,
      0.01127904204530394,
      3.546922466989275e-05,
      -0.0007812862756783322,
      -2.455947840784138e-06,
      0.015319864905919292,
      4.81384671620021e-05
    ],
    [
      -1.7438747658743595e-06,
      3.1248035252057136e-05,
      -3.1260361419220536e-05,
      -0.0005601462301590619,
      2.1645030430054836e-06,
      -3.878516319783326e-05,
      3.5456864474302507e-05,
      0.0006358430197850076,
      1.9786682897697783e-06,
      -3.545523892012567e-05,
      3.546922466989275e-05,
      0.0006355637485780741,
      2.455947840784138e-06,
      -4.4007486207048825e-05,
      4.81384671620021e-05,
      0.000863260437207934
    ]
  ],
  "final_state_imag": [
    [
      0.0,
      0.0,
      0.0,
      0.0,
      0.0,
      0.0,
      0.0,
      0.0,
      0.0,
      0.0,
      0.0,
      0.0,
      0.0,
      0.0,
      0.0,
      0.0
    ],
    [
      0.0,
      0.0,
      0.0,
      0.0,
      0.0,
      0.0,
      0.0,
      0.0,
      0.0,
      0.0,
      0.0,
      0.0,
      0.0,
      0.0,
      0.0,
      0.0
    ],
    [
      0.0,
      0.0,
      0.0,
      0.0,
      0.0,
      0.0,
      0.0,
      0.0,
      0.0,
      0.0,
      0.0,
      0.0,
      0.0,
      0.0,
      0.0,
      0.0
    ],
    [
      0.0,
      0.0,
      0.0,
      0.0,
      0.0,
      0.0,
      0.0,
      0.0,
      0.0,
      0.0,
      0.0,
      0.0,
      0.0,
      0.0,
      0.0,
      0.0
    ],
    [
      0.0,
      0.0,
      0.0,
      0.0,
      0.0,
      0.0,
      0.0,
      0.0,
      0.0,
      0.0,
      0.0,
      0.0,
      0.0,
      0.0,
      0.0,
      0.0
    ],
    [
      0.0,
      0.0,
      0.0,
      0.0,
      0.0,
      0.0,
      0.0,
      0.0,
      0.0,
      0.0,
      0.0,
      0.0,
      0.0,
      0.0,
      0.0,
      0.0
    ],
    [
      0.0,
      0.0,
      0.0,
      0.0,
      0.0,
      0.0,
      0.0,
      0.0,
      0.0,
      0.0,
      0.0,
      0.0,
      0.0,
      0.0,
      0.0,
      0.0
    ],
    [
      0.0,
      0.0,
      0.0,
      0.0,
      0.0,
      0.0,
      0.0,
      0.0,
      0.0,
      0.0,
      0.0,
      0.0,
      0.0,
      0.0,
      0.0,
      0.0
    ],
    [
      0.0,
      0.0,
      0.0,
      0.0,
      0.0,
      0.0,
      0.0,
      0.0,
      0.0,
      0.0,
      0.0,
      0.0,
      0.0,
      0.0,
      0.0,
      0.0
    ],
    [
      0.0,
      0.0,
      0.0,
      0.0,
      0.0,
      0.0,
      0.0,
      0.0,
      0.0,
      0.0,
      0.0,
      0.0,
      0.0,
      0.0,
      0.0,
      0.0
    ],
    [
      0.0,
      0.0,
      0.0,
      0.0,
      0.0,
      0.0,
      0.0,
      0.0,
      0.0,
      0.0,
      0.0,
      0.0,
      0.0,
      0.0,
      0.0,
      0.0
    ],
    [
      0.0,
      0.0,
      0.0,
      0.0,
      0.0,
      0.0,
      0.0,
      0.0,
      0.0,
      0.0,
      0.0,
      0.0,
      0.0,
      0.0,
      0.0,
      0.0
    ],
    [
      0.0,
      0.0,
      0.0,
      0.0,
      0.0,
      0.0,
      0.0,
      0.0,
      0.0,
      0.0,
      0.0,
      0.0,
      0.0,
      0.0,
      0.0,
      0.0
    ],
    [
      0.0,
      0.0,
      0.0,
      0.0,
      0.0,
      0.0,
      0.0,
      0.0,
      0.0,
      0.0,
      0.0,
      0.0,
      0.0,
      0.0,
      0.0,
      0.0
    ],
    [
      0.0,
      0.0,
      0.0,
      0.0,
      0.0,
      0.0,
      0.0,
      0.0,
      0.0,
      0.0,
      0.0,
      0.0,
      0.0,
      0.0,
      0.0,
      0.0
    ],
    [
      0.0,
      0.0,
      0.0,
      0.0,
      0.0,
      0.0,
      0.0,
      0.0,
      0.0,
      0.0,
      0.0,
      0.0,
      0.0,
      0.0,
      0.0,
      0.0
    ]
  ]
}