{
  "config": {
    "symbols": [
      "H",
      "H"
    ],
    "geometry": [
      [
        0.0,
        0.0,
        0.0
      ],
      [
        0.0,
        0.0,
        0.7414
      ]
    ],
    "basis": "STO-3G",
    "ansatz": "RY-CZ",
    "optimizer": {
      "name": "Adagrad",
      "stepsize": 0.1,
      "iterations_planned": 50
    },
    "seed": 0,
    "noisy": true,
    "depolarizing_prob": 0.0,
    "amplitude_damping_prob": 0.0
  },
  "energies": [
    1.3487710652972333,
    1.3487710652972333,
    1.3401439820152508,
    1.316055984035858,
    1.2823940614649165,
    1.2442587309074722,
    1.2043977471382756,
    1.1640691644782535,
    1.1236438838670268,
    1.083074557248853,
    1.0423059174037679,
    1.0014304669780019,
    0.9606246773898963,
    0.9200776755580085,
    0.8799631201147293,
    0.8404303317181704,
    0.8016014368229288,
    0.7635708816522221,
    0.7264063299709029,
    0.690150645435464,
    0.654824863660953,
    0.6204320103958388,
    0.5869614678809885,
    0.5543934176702101,
    0.5227028375528514,
    0.4918626272995113,
    0.4618456716645158,
    0.43262591320404487,
    0.4041786912620158,
    0.37648066224065235,
    0.34950956190674576,
    0.32324396803458777,
    0.29766312955867136,
    0.2727468674221434,
    0.24847552871823947,
    0.22482997054828185,
    0.2017915585847026,
    0.17934216928855362,
    0.1574641919256515,
    0.13614052804824073,
    0.11535458903672749,
    0.09509029047266106,
    0.07533204526531093,
    0.05606475472286551,
    0.03727379917088919,
    0.018945026658943376,
    0.0010647418145846854,
    -0.016380306394058436,
    -0.03340293665408184,
    -0.05001554783688855,
    -0.066230131482783
  ],
  "final_params": [
    1.6875561973288622,
    -1.687382719510452,
    -4.906366724749807e-08,
    -6.352337239634027e-08
  ],
  "final_state_real": [
    [
      0.19518343567859922,
      -6.199355035104309e-09,
      -4.7882075701786835e-09,
      -1.5208154629571584e-16,
      -0.219376892397489,
      6.967780015458676e-09,
      -5.381717425190214e-09,
      -1.7093242006611318e-16,
      0.2194152132740734,
      -6.968997151115588e-09,
      -5.382657506559305e-09,
      -1.709622786355591e-16,
      0.2466122571592965,
      -7.832821124515899e-09,
      6.049850862208989e-09,
      1.92153464631208e-16
    ],
    [
      -6.19935503510431e-09,
      4.100570682827978e-15,
      1.5208154629571584e-16,
      -9.093378505359559e-23,
      6.967780015458675e-09,
      -4.6088462902986215e-15,
      1.7093242006611318e-16,
      -1.0220524661656934e-22,
      -6.968997151115587e-09,
      4.609651366111104e-15,
      1.709622786355591e-16,
      -1.0222309988543812e-22,
      -7.832821124515899e-09,
      5.181028749789158e-15,
      -1.92153464631208e-16,
      1.1489389919867076e-22
    ],
    [
      -4.7882075701786835e-09,
      1.5208154629571584e-16,
      4.021132225039557e-15,
      -1.2025626151111553e-22,
      5.381717425190214e-09,
      -1.7093242006611318e-16,
      -4.2555144514649324e-15,
      1.435488859991389e-22,
      -5.382657506559306e-09,
      1.7096227863555912e-16,
      4.5203507238859525e-15,
      -1.3518592484688597e-22,
      -6.049850862208989e-09,
      1.92153464631208e-16,
      4.783831208385673e-15,
      -1.6137029931487632e-22
    ],
    [
      -1.5208154629571584e-16,
      -9.093378505359559e-23,
      -1.2025626151111553e-22,
      8.447918162955038e-29,
      1.7093242006611318e-16,
      1.0220524661656934e-22,
      1.435488859991389e-22,
      -8.940327205205145e-29,
      -1.7096227863555912e-16,
      -1.0222309988543812e-22,
      -1.3518592484688597e-22,
      9.496716557950896e-29,
      -1.92153464631208e-16,
      -1.1489389919867076e-22,
      -1.6137029931487632e-22,
      1.0050257562329949e-28
    ],
    [
      -0.21937689239748903,
      6.9677800154586765e-09,
      5.381717425190215e-09,
      1.709324200661132e-16,
      0.24656918631783248,
      -7.831453121965025e-09,
      6.048794255491966e-09,
      1.9211990502022706e-16,
      -0.2466122571592965,
      7.832821124515899e-09,
      6.049850862208989e-09,
      1.92153464631208e-16,
      -0.27718044010573856,
      8.80371815890904e-09,
      -6.799744440431632e-09,
      -2.159713491447384e-16
    ],
    [
      6.967780015458676e-09,
      -4.608846290298622e-15,
      -1.709324200661132e-16,
      1.0220524661656936e-22,
      -7.831453121965025e-09,
      5.1801238828921395e-15,
      -1.9211990502022706e-16,
      1.1487383297416324e-22,
      7.832821124515899e-09,
      -5.181028749789158e-15,
      -1.92153464631208e-16,
      1.1489389919867076e-22,
      8.80371815890904e-09,
      -5.823229735655124e-15,
      2.159713491447384e-16,
      -1.2913527458930048e-22
    ],
    [
      -5.381717425190215e-09,
      1.709324200661132e-16,
      -4.255514451464934e-15,
      1.4354888599913893e-22,
      6.048794255491966e-09,
      -1.9211990502022706e-16,
      5.0797717406566255e-15,
      -1.5191600889353203e-22,
      -6.049850862208989e-09,
      1.92153464631208e-16,
      -4.783831208385673e-15,
      1.6137029931487632e-22,
      -6.799744440431632e-09,
      2.159713491447384e-16,
      -5.710419001411396e-15,
      1.707761899734637e-22
    ],
    [
      -1.709324200661132e-16,
      -1.0220524661656936e-22,
      1.435488859991389e-22,
      -8.94032720520515e-29,
      1.9211990502022706e-16,
      1.1487383297416324e-22,
      -1.5191600889353203e-22,
      1.0671993247159807e-28,
      -1.92153464631208e-16,
      -1.1489389919867076e-22,
      1.6137029931487632e-22,
      -1.0050257562329949e-28,
      -2.159713491447384e-16,
      -1.2913527458930048e-22,
      1.707761899734637e-22,
      -1.1996907761378661e-28
    ],
    [
      0.2194152132740734,
      -6.968997151115588e-09,
      -5.382657506559305e-09,
      -1.709622786355591e-16,
      -0.2466122571592965,
      7.832821124515899e-09,
      -6.049850862208989e-09,
      -1.92153464631208e-16,
      0.2466553355244451,
      -7.834189366031676e-09,
      -6.05090765349514e-09,
      -1.9218703010441572e-16,
      0.27722885813792425,
      -8.805255997253655e-09,
      6.8009322235413856e-09,
      2.160090751391419e-16
    ],
    [
      -6.968997151115587e-09,
      4.609651366111104e-15,
      1.709622786355591e-16,
      -1.0222309988543812e-22,
      7.832821124515899e-09,
      -5.181028749789158e-15,
      1.92153464631208e-16,
      -1.1489389919867076e-22,
      -7.834189366031676e-09,
      5.181933774749799e-15,
      1.9218703010441574e-16,
      -1.1491396892836666e-22,
      -8.805255997253655e-09,
      5.824246940637764e-15,
      -2.160090751391419e-16,
      1.291578320102998e-22
    ],
    [
      -5.382657506559306e-09,
      1.7096227863555912e-16,
      4.5203507238859525e-15,
      -1.3518592484688597e-22,
      6.049850862208989e-09,
      -1.92153464631208e-16,
      -4.783831208385673e-15,
      1.6137029931487632e-22,
      -6.05090765349514e-09,
      1.9218703010441572e-16,
      5.0815465703170784e-15,
      -1.5196908707346756e-22,
      -6.8009322235413856e-09,
      2.160090751391419e-16,
      5.3777378249641156e-15,
      -1.8140421863760483e-22
    ],
    [
      -1.7096227863555912e-16,
      -1.0222309988543812e-22,
      -1.3518592484688597e-22,
      9.496716557950896e-29,
      1.92153464631208e-16,
      1.1489389919867076e-22,
      1.6137029931487632e-22,
      -1.0050257562329949e-28,
      -1.9218703010441574e-16,
      -1.1491396892836666e-22,
      -1.5196908707346756e-22,
      1.067572195213283e-28,
      -2.160090751391419e-16,
      -1.291578320102998e-22,
      -1.8140421863760483e-22,
      1.1297984374706247e-28
    ],
    [
      0.2466122571592965,
      -7.832821124515899e-09,
      -6.049850862208989e-09,
      -1.92153464631208e-16,
      -0.27718044010573856,
      8.80371815890904e-09,
      -6.799744440431632e-09,
      -2.159713491447384e-16,
      0.27722885813792425,
      -8.805255997253655e-09,
      -6.8009322235413856e-09,
      -2.160090751391419e-16,
      0.31159204247926175,
      -9.89668867507307e-09,
      7.643924144585051e-09,
      2.427839200029226e-16
    ],
    [
      -7.832821124515899e-09,
      5.181028749789158e-15,
      1.92153464631208e-16,
      -1.1489389919867076e-22,
      8.80371815890904e-09,
      -5.823229735655124e-15,
      2.159713491447384e-16,
      -1.2913527458930048e-22,
      -8.805255997253655e-09,
      5.824246940637764e-15,
      2.160090751391419e-16,
      -1.291578320102998e-22,
      -9.896688675073072e-09,
      6.546176369683837e-15,
      -2.4278392000292264e-16,
      1.4516725621060477e-22
    ],
    [
      6.049850862208989e-09,
      -1.92153464631208e-16,
      4.783831208385673e-15,
      -1.6137029931487632e-22,
      -6.799744440431632e-09,
      2.159713491447384e-16,
      -5.710419001411396e-15,
      1.707761899734637e-22,
      6.8009322235413856e-09,
      -2.160090751391419e-16,
      5.3777378249641156e-15,
      -1.8140421863760483e-22,
      7.643924144585051e-09,
      -2.427839200029226e-16,
      6.419360324932705e-15,
      -1.9197783876942581e-22
    ],
    [
      1.92153464631208e-16,
      1.1489389919867076e-22,
      -1.6137029931487632e-22,
      1.0050257562329949e-28,
      -2.159713491447384e-16,
      -1.2913527458930048e-22,
      1.707761899734637e-22,
      -1.1996907761378661e-28,
      2.160090751391419e-16,
      1.291578320102998e-22,
      -1.8140421863760483e-22,
      1.1297984374706247e-28,
      2.4278392000292264e-16,
      1.4516725621060477e-22,
      -1.9197783876942581e-22,
      1.348630874306016e-28
    ]
  ],
  "final_state_imag": [
    [
      0.0,
      0.0,
      0.0,
      0.0,
      0.0,
      0.0,
      0.0,
      0.0,
      0.0,
      0.0,
      0.0,
      0.0,
      0.0,
      0.0,
      0.0,
      0.0
    ],
    [
      0.0,
      0.0,
      0.0,
      0.0,
      0.0,
      0.0,
      0.0,
      0.0,
      0.0,
      0.0,
      0.0,
      0.0,
      0.0,
      0.0,
      0.0,
      0.0
    ],
    [
      0.0,
      0.0,
      0.0,
      0.0,
      0.0,
      0.0,
      0.0,
      0.0,
      0.0,
      0.0,
      0.0,
      0.0,
      0.0,
      0.0,
      0.0,
      0.0
    ],
    [
      0.0,
      0.0,
      0.0,
      0.0,
      0.0,
      0.0,
      0.0,
      0.0,
      0.0,
      0.0,
      0.0,
      0.0,
      0.0,
      0.0,
      0.0,
      0.0
    ],
    [
      0.0,
      0.0,
      0.0,
      0.0,
      0.0,
      0.0,
      0.0,
      0.0,
      0.0,
      0.0,
      0.0,
      0.0,
      0.0,
      0.0,
      0.0,
      0.0
    ],
    [
      0.0,
      0.0,
      0.0,
      0.0,
      0.0,
      0.0,
      0.0,
      0.0,
      0.0,
      0.0,
      0.0,
      0.0,
      0.0,
      0.0,
      0.0,
      0.0
    ],
    [
      0.0,
      0.0,
      0.0,
      0.0,
      0.0,
      0.0,
      0.0,
      0.0,
      0.0,
      0.0,
      0.0,
      0.0,
      0.0,
      0.0,
      0.0,
      0.0
    ],
    [
      0.0,
      0.0,
      0.0,
      0.0,
      0.0,
      0.0,
      0.0,
      0.0,
      0.0,
      0.0,
      0.0,
      0.0,
      0.0,
      0.0,
      0.0,
      0.0
    ],
    [
      0.0,
      0.0,
      0.0,
      0.0,
      0.0,
      0.0,
      0.0,
      0.0,
      0.0,
      0.0,
      0.0,
      0.0,
      0.0,
      0.0,
      0.0,
      0.0
    ],
    [
      0.0,
      0.0,
      0.0,
      0.0,
      0.0,
      0.0,
      0.0,
      0.0,
      0.0,
      0.0,
      0.0,
      0.0,
      0.0,
      0.0,
      0.0,
      0.0
    ],
    [
      0.0,
      0.0,
      0.0,
      0.0,
      0.0,
      0.0,
      0.0,
      0.0,
      0.0,
      0.0,
      0.0,
      0.0,
      0.0,
      0.0,
      0.0,
      0.0
    ],
    [
      0.0,
      0.0,
      0.0,
      0.0,
      0.0,
      0.0,
      0.0,
      0.0,
      0.0,
      0.0,
      0.0,
      0.0,
      0.0,
      0.0,
      0.0,
      0.0
    ],
    [
      0.0,
      0.0,
      0.0,
      0.0,
      0.0,
      0.0,
      0.0,
      0.0,
      0.0,
      0.0,
      0.0,
      0.0,
      0.0,
      0.0,
      0.0,
      0.0
    ],
    [
      0.0,
      0.0,
      0.0,
      0.0,
      0.0,
      0.0,
      0.0,
      0.0,
      0.0,
      0.0,
      0.0,
      0.0,
      0.0,
      0.0,
      0.0,
      0.0
    ],
    [
      0.0,
      0.0,
      0.0,
      0.0,
      0.0,
      0.0,
      0.0,
      0.0,
      0.0,
      0.0,
      0.0,
      0.0,
      0.0,
      0.0,
      0.0,
      0.0
    ],
    [
      0.0,
      0.0,
      0.0,
      0.0,
      0.0,
      0.0,
      0.0,
      0.0,
      0.0,
      0.0,
      0.0,
      0.0,
      0.0,
      0.0,
      0.0,
      0.0
    ]
  ]
}