{
  "config": {
    "symbols": [
      "H",
      "H"
    ],
    "geometry": [
      [
        0.0,
        0.0,
        0.0
      ],
      [
        0.0,
        0.0,
        0.7414
      ]
    ],
    "basis": "STO-3G",
    "ansatz": "RY-CZ",
    "optimizer": {
      "name": "Nesterov",
      "stepsize": 0.1,
      "iterations_planned": 50
    },
    "seed": 1,
    "noisy": true,
    "depolarizing_prob": 0.1,
    "amplitude_damping_prob": 0.0
  },
  "energies": [
    1.1543104326428748,
    1.1543104326428748,
    1.1543048131513185,
    1.1542950180939193,
    1.1542790576178428,
    1.1542536987320433,
    1.154213828953071,
    1.1541514424829789,
    1.1540540488044277,
    1.1539021891889603,
    1.153665569835066,
    1.1532970508358666,
    1.1527233152470968,
    1.15183041207932,
    1.1504414221584336,
    1.1482821085960626,
    1.1449284609203183,
    1.139727484356836,
    1.1316797439262771,
    1.1192703623265152,
    1.1002381625637059,
    1.0712895143532337,
    1.027812978100314,
    0.963763909446649,
    0.8720922851782867,
    0.7463297839866619,
    0.5839166704793056,
    0.39081438969800847,
    0.1844812330560984,
    -0.009543521530706311,
    -0.1685519964623719,
    -0.28358731713468655,
    -0.36085421820067587,
    -0.4137324186243082,
    -0.45367222585144784,
    -0.4860538393432896,
    -0.5111580675346379,
    -0.5274549003914515,
    -0.5345071251474338,
    -0.5341129000454039,
    -0.529753906488659,
    -0.525261236543834,
    -0.5236233658099998,
    -0.5263916728127453,
    -0.5336847544307969,
    -0.5445734129383684,
    -0.5576015583477922,
    -0.5712578900816834,
    -0.5842947235816904,
    -0.5958683449005087,
    -0.6055350253478985
  ],
  "final_params": [
    3.205308354377963,
    -3.5682153889944246,
    0.00021999082005421934,
    -1.5631938900380484e-05
  ],
  "final_state_real": [
    [
      0.0062080368309061175,
      -4.5055981409146587e-08,
      -1.3132033751119036e-07,
      -9.530817643299608e-13,
      -0.010254942142388302,
      7.442714930689435e-08,
      1.047425387608285e-06,
      7.601884486023579e-12,
      0.0005251910860661317,
      -3.811671943091761e-09,
      -2.5901171220708045e-07,
      -1.879825656337599e-12,
      0.004309822137465647,
      -3.1279335490878704e-08,
      -4.401991800810289e-07,
      -3.194827390483049e-12
    ],
    [
      -4.5055981409146587e-08,
      0.0004434312025850174,
      9.530817643299608e-13,
      -9.380024099963516e-09,
      7.442714930689434e-08,
      -0.0007324958679369325,
      -7.601884486023579e-12,
      7.481609905123893e-08,
      -3.811671943091761e-09,
      3.7513649036654375e-05,
      1.879825656337599e-12,
      -1.850083657048321e-08,
      -3.1279335490878704e-08,
      0.0003078444386524329,
      3.1948273904830497e-12,
      -3.1442798550471096e-08
    ],
    [
      -1.313203375111903e-07,
      9.530817643299608e-13,
      0.00044343127693546554,
      -3.21828384401794e-09,
      -1.0474253876082846e-06,
      7.601884486023577e-12,
      -0.0007324957438722478,
      5.316225846392986e-09,
      -2.5901171220708045e-07,
      1.879825656337599e-12,
      3.751365532659653e-05,
      -2.7226223576740056e-10,
      4.401991800810289e-07,
      -3.194827390483049e-12,
      0.0003078443865120388,
      -2.2342386258666387e-09
    ],
    [
      -9.530817643299608e-13,
      -9.380024099963511e-09,
      -3.21828384401794e-09,
      3.1673662665207375e-05,
      -7.601884486023577e-12,
      -7.48160990512389e-08,
      5.316225846392984e-09,
      -5.2321124606837865e-05,
      -1.879825656337599e-12,
      -1.850083657048321e-08,
      -2.7226223576740056e-10,
      2.679546811323373e-06,
      3.1948273904830497e-12,
      3.1442798550471096e-08,
      -2.2342386258666387e-09,
      2.198888476957631e-05
    ],
    [
      -0.010254942142388302,
      7.442714930689435e-08,
      -1.047425387608285e-06,
      -7.601884486023579e-12,
      0.0526320063900634,
      -3.819865709608969e-07,
      -5.3398477870056284e-06,
      -3.875493808915229e-11,
      -0.004309822137465647,
      3.1279335490878704e-08,
      -4.401991800810289e-07,
      -3.194827390483049e-12,
      0.021355720765234405,
      -1.549931136018865e-07,
      -2.19591256677428e-06,
      -1.593724371350494e-11
    ],
    [
      7.442714930689434e-08,
      -0.0007324958679369325,
      7.601884486023579e-12,
      -7.481609905123893e-08,
      -3.819865709608969e-07,
      0.003759429031061604,
      3.875493808915229e-11,
      -3.814176987473965e-07,
      3.1279335490878704e-08,
      -0.0003078444386524329,
      3.1948273904830497e-12,
      -3.1442798550471096e-08,
      -1.549931136018865e-07,
      0.0015254086273865616,
      1.593724371350494e-11,
      -1.568508974933169e-07
    ],
    [
      1.0474253876082846e-06,
      -7.601884486023577e-12,
      -0.0007324957438722478,
      5.316225846392986e-09,
      -5.3398477870056284e-06,
      3.875493808915229e-11,
      0.003759429661407939,
      -2.7284750470571366e-08,
      4.401991800810289e-07,
      -3.194827390483049e-12,
      -0.0003078443865120388,
      2.2342386258666387e-09,
      -2.19591256677428e-06,
      1.593724371350494e-11,
      0.0015254088831529902,
      -1.1070934820159691e-08
    ],
    [
      7.601884486023577e-12,
      7.48160990512389e-08,
      5.316225846392984e-09,
      -5.2321124606837865e-05,
      -3.875493808915229e-11,
      -3.814176987473965e-07,
      -2.7284750470571366e-08,
      0.00026853069032913376,
      3.1948273904830497e-12,
      3.1442798550471096e-08,
      2.2342386258666387e-09,
      -2.198888476957631e-05,
      -1.593724371350494e-11,
      -1.568508974933169e-07,
      -1.1070934820159691e-08,
      0.00010895777746081289
    ],
    [
      0.0005251910860661317,
      -3.811671943091761e-09,
      -2.5901171220708045e-07,
      -1.879825656337599e-12,
      -0.004309822137465647,
      3.1279335490878704e-08,
      4.401991800810289e-07,
      3.194827390483049e-12,
      0.08570028791688605,
      -6.219857717207096e-07,
      -1.8128421336071567e-06,
      -1.3157038825024115e-11,
      -0.14562941206241609,
      1.056932535020662e-06,
      1.4874383615110127e-05,
      1.0795360450548484e-10
    ],
    [
      -3.811671943091761e-09,
      3.7513649036654375e-05,
      1.879825656337599e-12,
      -1.850083657048321e-08,
      3.1279335490878704e-08,
      -0.0003078444386524329,
      -3.1948273904830497e-12,
      3.1442798550471096e-08,
      -6.219857717207096e-07,
      0.006121449142130859,
      1.3157038825024115e-11,
      -1.294887237189395e-07,
      1.0569325350206618e-06,
      -0.010402100870455162,
      -1.0795360450548484e-10,
      1.0624559716041412e-06
    ],
    [
      -2.5901171220708045e-07,
      1.879825656337599e-12,
      3.751365532659653e-05,
      -2.7226223576740056e-10,
      -4.401991800810289e-07,
      3.194827390483049e-12,
      -0.0003078443865120388,
      2.2342386258666387e-09,
      -1.8128421336071558e-06,
      1.3157038825024115e-11,
      0.006121450168518905,
      -4.4427547635915667e-08,
      -1.4874383615110123e-05,
      1.0795360450548482e-10,
      -0.010402099108624932,
      7.549519379549866e-08
    ],
    [
      -1.879825656337599e-12,
      -1.850083657048321e-08,
      -2.7226223576740056e-10,
      2.679546811323373e-06,
      -3.1948273904830497e-12,
      -3.1442798550471096e-08,
      2.2342386258666387e-09,
      -2.198888476957631e-05,
      -1.3157038825024115e-11,
      -1.2948872371893944e-07,
      -4.4427547635915667e-08,
      0.0004372464409806666,
      -1.0795360450548482e-10,
      -1.062455971604141e-06,
      7.549519379549866e-08,
      -0.0007430070798199243
    ],
    [
      0.004309822137465647,
      -3.1279335490878704e-08,
      4.401991800810289e-07,
      3.194827390483049e-12,
      0.021355720765234405,
      -1.549931136018865e-07,
      -2.19591256677428e-06,
      -1.593724371350494e-11,
      -0.14562941206241609,
      1.056932535020662e-06,
      -1.4874383615110127e-05,
      -1.0795360450548484e-10,
      0.726570770137242,
      -5.27322243784993e-06,
      -7.371517039017547e-05,
      -5.350015540994582e-10
    ],
    [
      -3.1279335490878704e-08,
      0.0003078444386524329,
      -3.1948273904830497e-12,
      3.1442798550471096e-08,
      -1.549931136018865e-07,
      0.0015254086273865616,
      1.593724371350494e-11,
      -1.568508974933169e-07,
      1.0569325350206618e-06,
      -0.010402100870455162,
      1.0795360450548484e-10,
      -1.0624559716041412e-06,
      -5.27322243784993e-06,
      0.05189791219683437,
      5.350015540994582e-10,
      -5.265369309105238e-06
    ],
    [
      -4.401991800810289e-07,
      3.194827390483049e-12,
      0.0003078443865120388,
      -2.2342386258666387e-09,
      -2.19591256677428e-06,
      1.593724371350494e-11,
      0.0015254088831529902,
      -1.1070934820159691e-08,
      1.4874383615110123e-05,
      -1.0795360450548482e-10,
      -0.010402099108624932,
      7.549519379549866e-08,
      -7.371517039017547e-05,
      5.350015540994582e-10,
      0.05189792089859689,
      -3.76658682085664e-07
    ],
    [
      -3.1948273904830497e-12,
      -3.1442798550471096e-08,
      -2.2342386258666387e-09,
      2.198888476957631e-05,
      -1.593724371350494e-11,
      -1.568508974933169e-07,
      -1.1070934820159691e-08,
      0.00010895777746081289,
      1.0795360450548482e-10,
      1.062455971604141e-06,
      7.549519379549866e-08,
      -0.0007430070798199243,
      -5.350015540994582e-10,
      -5.265369309105238e-06,
      -3.76658682085664e-07,
      0.0037069943530550807
    ]
  ],
  "final_state_imag": [
    [
      0.0,
      0.0,
      0.0,
      0.0,
      0.0,
      0.0,
      0.0,
      0.0,
      0.0,
      0.0,
      0.0,
      0.0,
      0.0,
      0.0,
      0.0,
      0.0
    ],
    [
      0.0,
      0.0,
      0.0,
      0.0,
      0.0,
      0.0,
      0.0,
      0.0,
      0.0,
      0.0,
      0.0,
      0.0,
      0.0,
      0.0,
      0.0,
      0.0
    ],
    [
      0.0,
      0.0,
      0.0,
      0.0,
      0.0,
      0.0,
      0.0,
      0.0,
      0.0,
      0.0,
      0.0,
      0.0,
      0.0,
      0.0,
      0.0,
      0.0
    ],
    [
      0.0,
      0.0,
      0.0,
      0.0,
      0.0,
      0.0,
      0.0,
      0.0,
      0.0,
      0.0,
      0.0,
      0.0,
      0.0,
      0.0,
      0.0,
      0.0
    ],
    [
      0.0,
      0.0,
      0.0,
      0.0,
      0.0,
      0.0,
      0.0,
      0.0,
      0.0,
      0.0,
      0.0,
      0.0,
      0.0,
      0.0,
      0.0,
      0.0
    ],
    [
      0.0,
      0.0,
      0.0,
      0.0,
      0.0,
      0.0,
      0.0,
      0.0,
      0.0,
      0.0,
      0.0,
      0.0,
      0.0,
      0.0,
      0.0,
      0.0
    ],
    [
      0.0,
      0.0,
      0.0,
      0.0,
      0.0,
      0.0,
      0.0,
      0.0,
      0.0,
      0.0,
      0.0,
      0.0,
      0.0,
      0.0,
      0.0,
      0.0
    ],
    [
      0.0,
      0.0,
      0.0,
      0.0,
      0.0,
      0.0,
      0.0,
      0.0,
      0.0,
      0.0,
      0.0,
      0.0,
      0.0,
      0.0,
      0.0,
      0.0
    ],
    [
      0.0,
      0.0,
      0.0,
      0.0,
      0.0,
      0.0,
      0.0,
      0.0,
      0.0,
      0.0,
      0.0,
      0.0,
      0.0,
      0.0,
      0.0,
      0.0
    ],
    [
      0.0,
      0.0,
      0.0,
      0.0,
      0.0,
      0.0,
      0.0,
      0.0,
      0.0,
      0.0,
      0.0,
      0.0,
      0.0,
      0.0,
      0.0,
      0.0
    ],
    [
      0.0,
      0.0,
      0.0,
      0.0,
      0.0,
      0.0,
      0.0,
      0.0,
      0.0,
      0.0,
      0.0,
      0.0,
      0.0,
      0.0,
      0.0,
      0.0
    ],
    [
      0.0,
      0.0,
      0.0,
      0.0,
      0.0,
      0.0,
      0.0,
      0.0,
      0.0,
      0.0,
      0.0,
      0.0,
      0.0,
      0.0,
      0.0,
      0.0
    ],
    [
      0.0,
      0.0,
      0.0,
      0.0,
      0.0,
      0.0,
      0.0,
      0.0,
      0.0,
      0.0,
      0.0,
      0.0,
      0.0,
      0.0,
      0.0,
      0.0
    ],
    [
      0.0,
      0.0,
      0.0,
      0.0,
      0.0,
      0.0,
      0.0,
      0.0,
      0.0,
      0.0,
      0.0,
      0.0,
      0.0,
      0.0,
      0.0,
      0.0
    ],
    [
      0.0,
      0.0,
      0.0,
      0.0,
      0.0,
      0.0,
      0.0,
      0.0,
      0.0,
      0.0,
      0.0,
      0.0,
      0.0,
      0.0,
      0.0,
      0.0
    ],
    [
      0.0,
      0.0,
      0.0,
      0.0,
      0.0,
      0.0,
      0.0,
      0.0,
      0.0,
      0.0,
      0.0,
      0.0,
      0.0,
      0.0,
      0.0,
      0.0
    ]
  ]
}