{
  "config": {
    "symbols": [
      "H",
      "H"
    ],
    "geometry": [
      [
        0.0,
        0.0,
        0.0
      ],
      [
        0.0,
        0.0,
        0.7414
      ]
    ],
    "basis": "STO-3G",
    "ansatz": "RY-CZ",
    "optimizer": {
      "name": "GradientDescent",
      "stepsize": 0.1,
      "iterations_planned": 50
    },
    "seed": 7,
    "noisy": true,
    "depolarizing_prob": 0.1,
    "amplitude_damping_prob": 0.0
  },
  "energies": [
    1.1542879776752242,
    1.1542879776752242,
    1.1542823721192077,
    1.1542760907948875,
    1.1542690521784846,
    1.154261164914348,
    1.1542523266487614,
    1.1542424226593788,
    1.154231324399846,
    1.1542188878293955,
    1.154204951533418,
    1.1541893346410024,
    1.1541718344657317,
    1.1541522239156778,
    1.1541302485055391,
    1.1541056230823363,
    1.1540780281411542,
    1.154047105704889,
    1.1540124546372725,
    1.153973625531005,
    1.1539301148672132,
    1.1538813584920484,
    1.153826724394095,
    1.153765504517697,
    1.1536969056427018,
    1.1536200392694367,
    1.1535339100799413,
    1.1534374032064791,
    1.1533292700841988,
    1.1532081122450615,
    1.153072363694737,
    1.152920270829633,
    1.1527498702925256,
    1.1525589639046927,
    1.1523450911349862,
    1.1521054979649106,
    1.1518371023282234,
    1.1515364558727268,
    1.1511997008876391,
    1.1508225225585438,
    1.1504000965274332,
    1.1499270293373611,
    1.1493972937402612,
    1.1488041561495799,
    1.1481400968660218,
    1.1473967218134868,
    1.146564665376212,
    1.145633483117802,
    1.14459153498626,
    1.1434258570313323,
    1.1421220214967038
  ],
  "final_params": [
    0.20512829275568456,
    -0.06888206583347863,
    0.00607274108521335,
    0.012880484664568538
  ],
  "final_state_real": [
    [
      0.7505855169259888,
      0.004488713138794976,
      0.0021158997630631774,
      -1.2653769143849313e-05,
      -0.023975561314436625,
      -0.0001433809980923989,
      6.759863353371201e-05,
      -4.042618266268611e-07,
      0.07166968619890182,
      0.00042860494219480787,
      0.000202105306205841,
      -1.2086555006619794e-06,
      0.0022931634345375604,
      1.3713800387021923e-05,
      -6.465530154277244e-06,
      3.866597434955045e-08
    ],
    [
      0.004488713138794976,
      0.05364422496415519,
      1.2653769143849313e-05,
      0.00015104838186196965,
      -0.0001433809980923989,
      -0.0017135294723790349,
      4.042618266268611e-07,
      4.825684273703755e-06,
      0.00042860494219480787,
      0.005122220830092833,
      1.2086555006619794e-06,
      1.4427753148341684e-05,
      1.3713800387021923e-05,
      0.00016389201814832983,
      -3.866597434955045e-08,
      -4.6155677349739787e-07
    ],
    [
      0.0021158997630631774,
      1.2653769143849313e-05,
      0.053620135998134255,
      0.00032058119402144546,
      -6.759863353371201e-05,
      -4.042618266268612e-07,
      -0.0017123201763746157,
      -1.0242815034253774e-05,
      0.00020210530620584104,
      1.2086555006619797e-06,
      0.005119920694270007,
      3.061070731937901e-05,
      6.465530154277244e-06,
      3.866597434955045e-08,
      0.00016377635397919952,
      9.796829611300497e-07
    ],
    [
      -1.2653769143849313e-05,
      0.00015104838186196965,
      0.00032058119402144546,
      0.0038322224093435804,
      4.042618266268611e-07,
      -4.825684273703755e-06,
      -1.0242815034253774e-05,
      -0.00012237924484380798,
      -1.2086555006619797e-06,
      1.4427753148341689e-05,
      3.061070731937901e-05,
      0.0003659199003024942,
      -3.866597434955045e-08,
      4.6155677349739787e-07,
      9.796829611300497e-07,
      1.1705069413876796e-05
    ],
    [
      -0.023975561314436625,
      -0.0001433809980923989,
      -6.759863353371201e-05,
      4.042618266268611e-07,
      0.05449966756781692,
      0.0003259233869493118,
      0.0001486364667955962,
      -8.888944410419788e-07,
      -0.0022931634345375604,
      -1.3713800387021923e-05,
      -6.465530154277244e-06,
      3.866597434955045e-08,
      0.00503460944554952,
      3.010838479736851e-05,
      1.467477289865731e-05,
      -8.775991743068289e-08
    ],
    [
      -0.0001433809980923989,
      -0.0017135294723790349,
      -4.042618266268611e-07,
      -4.825684273703755e-06,
      0.0003259233869493118,
      0.0038950823877513256,
      8.888944410419788e-07,
      1.0610756798163518e-05,
      -1.3713800387021923e-05,
      -0.00016389201814832983,
      -3.866597434955045e-08,
      -4.6155677349739787e-07,
      3.010838479736851e-05,
      0.0003598227192150177,
      8.775991743068289e-08,
      1.0475924896012607e-06
    ],
    [
      6.759863353371201e-05,
      4.042618266268612e-07,
      -0.0017123201763746157,
      -1.0242815034253774e-05,
      0.0001486364667955962,
      8.888944410419788e-07,
      0.003893333299059112,
      2.3277252369879353e-05,
      6.465530154277244e-06,
      3.866597434955045e-08,
      -0.00016377635397919952,
      -9.796829611300497e-07,
      1.467477289865731e-05,
      8.775991743068289e-08,
      0.00035966114064318606,
      2.1503227428315285e-06
    ],
    [
      -4.042618266268611e-07,
      4.825684273703755e-06,
      -1.0242815034253774e-05,
      -0.00012237924484380798,
      -8.888944410419788e-07,
      1.0610756798163518e-05,
      2.3277252369879353e-05,
      0.0002782558984225079,
      -3.866597434955045e-08,
      4.6155677349739787e-07,
      -9.796829611300497e-07,
      -1.1705069413876796e-05,
      -8.775991743068289e-08,
      1.0475924896012607e-06,
      2.1503227428315285e-06,
      2.5704923295809053e-05
    ],
    [
      0.07166968619890182,
      0.00042860494219480787,
      0.000202105306205841,
      -1.2086555006619794e-06,
      -0.0022931634345375604,
      -1.3713800387021923e-05,
      6.465530154277244e-06,
      -3.866597434955045e-08,
      0.06151811764679411,
      0.0003678956983955877,
      0.00017341950732814278,
      -1.037105088377895e-06,
      -0.001459656654243584,
      -8.729181570053032e-06,
      4.115473834426666e-06,
      -2.461187279637333e-08
    ],
    [
      0.00042860494219480787,
      0.005122220830092833,
      1.2086555006619794e-06,
      1.4427753148341684e-05,
      -1.3713800387021923e-05,
      -0.00016389201814832983,
      3.866597434955045e-08,
      4.6155677349739787e-07,
      0.0003678956983955877,
      0.004396689874767985,
      1.0371050883778953e-06,
      1.2379951272972384e-05,
      -8.729181570053032e-06,
      -0.00010432142396159487,
      2.461187279637333e-08,
      2.9379258608426935e-07
    ],
    [
      0.00020210530620584104,
      1.2086555006619797e-06,
      0.005119920694270007,
      3.061070731937901e-05,
      -6.465530154277244e-06,
      -3.866597434955045e-08,
      -0.00016377635397919952,
      -9.796829611300497e-07,
      0.00017341950732814278,
      1.037105088377895e-06,
      0.004394715538983127,
      2.6274889622078393e-05,
      -4.115473834426668e-06,
      -2.461187279637333e-08,
      -0.00010424780078603489,
      -6.23593038213131e-07
    ],
    [
      -1.2086555006619797e-06,
      1.4427753148341689e-05,
      3.061070731937901e-05,
      0.0003659199003024942,
      3.866597434955045e-08,
      -4.6155677349739787e-07,
      -9.796829611300497e-07,
      -1.1705069413876796e-05,
      -1.0371050883778953e-06,
      1.2379951272972384e-05,
      2.6274889622078393e-05,
      0.00031408960566171634,
      2.461187279637333e-08,
      -2.9379258608426945e-07,
      -6.23593038213131e-07,
      -7.450573387410454e-06
    ],
    [
      0.0022931634345375604,
      1.3713800387021923e-05,
      6.465530154277244e-06,
      -3.866597434955045e-08,
      0.00503460944554952,
      3.010838479736851e-05,
      1.467477289865731e-05,
      -8.775991743068289e-08,
      -0.001459656654243584,
      -8.729181570053032e-06,
      -4.115473834426666e-06,
      2.461187279637333e-08,
      0.004466802097220222,
      2.671273667030589e-05,
      1.2182270300636398e-05,
      -7.285394077886765e-08
    ],
    [
      1.3713800387021923e-05,
      0.00016389201814832983,
      3.866597434955045e-08,
      4.6155677349739787e-07,
      3.010838479736851e-05,
      0.0003598227192150177,
      8.775991743068289e-08,
      1.0475924896012607e-06,
      -8.729181570053032e-06,
      -0.00010432142396159487,
      -2.461187279637333e-08,
      -2.9379258608426935e-07,
      2.671273667030589e-05,
      0.00031924162026865924,
      7.285394077886766e-08,
      8.69659446273739e-07
    ],
    [
      -6.465530154277244e-06,
      -3.866597434955045e-08,
      0.00016377635397919952,
      9.796829611300497e-07,
      1.467477289865731e-05,
      8.775991743068289e-08,
      0.00035966114064318606,
      2.1503227428315285e-06,
      4.115473834426668e-06,
      2.461187279637333e-08,
      -0.00010424780078603489,
      -6.23593038213131e-07,
      1.2182270300636398e-05,
      7.285394077886765e-08,
      0.0003190982646595837,
      1.9078075948613783e-06
    ],
    [
      3.866597434955045e-08,
      -4.6155677349739787e-07,
      9.796829611300497e-07,
      1.1705069413876796e-05,
      -8.775991743068289e-08,
      1.0475924896012607e-06,
      2.1503227428315285e-06,
      2.5704923295809053e-05,
      -2.461187279637333e-08,
      2.9379258608426945e-07,
      -6.23593038213131e-07,
      -7.450573387410454e-06,
      -7.285394077886766e-08,
      8.69659446273739e-07,
      1.9078075948613783e-06,
      2.2805901138588228e-05
    ]
  ],
  "final_state_imag": [
    [
      0.0,
      0.0,
      0.0,
      0.0,
      0.0,
      0.0,
      0.0,
      0.0,
      0.0,
      0.0,
      0.0,
      0.0,
      0.0,
      0.0,
      0.0,
      0.0
    ],
    [
      0.0,
      0.0,
      0.0,
      0.0,
      0.0,
      0.0,
      0.0,
      0.0,
      0.0,
      0.0,
      0.0,
      0.0,
      0.0,
      0.0,
      0.0,
      0.0
    ],
    [
      0.0,
      0.0,
      0.0,
      0.0,
      0.0,
      0.0,
      0.0,
      0.0,
      0.0,
      0.0,
      0.0,
      0.0,
      0.0,
      0.0,
      0.0,
      0.0
    ],
    [
      0.0,
      0.0,
      0.0,
      0.0,
      0.0,
      0.0,
      0.0,
      0.0,
      0.0,
      0.0,
      0.0,
      0.0,
      0.0,
      0.0,
      0.0,
      0.0
    ],
    [
      0.0,
      0.0,
      0.0,
      0.0,
      0.0,
      0.0,
      0.0,
      0.0,
      0.0,
      0.0,
      0.0,
      0.0,
      0.0,
      0.0,
      0.0,
      0.0
    ],
    [
      0.0,
      0.0,
      0.0,
      0.0,
      0.0,
      0.0,
      0.0,
      0.0,
      0.0,
      0.0,
      0.0,
      0.0,
      0.0,
      0.0,
      0.0,
      0.0
    ],
    [
      0.0,
      0.0,
      0.0,
      0.0,
      0.0,
      0.0,
      0.0,
      0.0,
      0.0,
      0.0,
      0.0,
      0.0,
      0.0,
      0.0,
      0.0,
      0.0
    ],
    [
      0.0,
      0.0,
      0.0,
      0.0,
      0.0,
      0.0,
      0.0,
      0.0,
      0.0,
      0.0,
      0.0,
      0.0,
      0.0,
      0.0,
      0.0,
      0.0
    ],
    [
      0.0,
      0.0,
      0.0,
      0.0,
      0.0,
      0.0,
      0.0,
      0.0,
      0.0,
      0.0,
      0.0,
      0.0,
      0.0,
      0.0,
      0.0,
      0.0
    ],
    [
      0.0,
      0.0,
      0.0,
      0.0,
      0.0,
      0.0,
      0.0,
      0.0,
      0.0,
      0.0,
      0.0,
      0.0,
      0.0,
      0.0,
      0.0,
      0.0
    ],
    [
      0.0,
      0.0,
      0.0,
      0.0,
      0.0,
      0.0,
      0.0,
      0.0,
      0.0,
      0.0,
      0.0,
      0.0,
      0.0,
      0.0,
      0.0,
      0.0
    ],
    [
      0.0,
      0.0,
      0.0,
      0.0,
      0.0,
      0.0,
      0.0,
      0.0,
      0.0,
      0.0,
      0.0,
      0.0,
      0.0,
      0.0,
      0.0,
      0.0
    ],
    [
      0.0,
      0.0,
      0.0,
      0.0,
      0.0,
      0.0,
      0.0,
      0.0,
      0.0,
      0.0,
      0.0,
      0.0,
      0.0,
      0.0,
      0.0,
      0.0
    ],
    [
      0.0,
      0.0,
      0.0,
      0.0,
      0.0,
      0.0,
      0.0,
      0.0,
      0.0,
      0.0,
      0.0,
      0.0,
      0.0,
      0.0,
      0.0,
      0.0
    ],
    [
      0.0,
      0.0,
      0.0,
      0.0,
      0.0,
      0.0,
      0.0,
      0.0,
      0.0,
      0.0,
      0.0,
      0.0,
      0.0,
      0.0,
      0.0,
      0.0
    ],
    [
      0.0,
      0.0,
      0.0,
      0.0,
      0.0,
      0.0,
      0.0,
      0.0,
      0.0,
      0.0,
      0.0,
      0.0,
      0.0,
      0.0,
      0.0,
      0.0
    ]
  ]
}