{
  "config": {
    "symbols": [
      "H",
      "H"
    ],
    "geometry": [
      [
        0.0,
        0.0,
        0.0
      ],
      [
        0.0,
        0.0,
        0.7414
      ]
    ],
    "basis": "STO-3G",
    "ansatz": "RY-CZ",
    "optimizer": {
      "name": "GradientDescent",
      "stepsize": 0.1,
      "iterations_planned": 50
    },
    "seed": 3,
    "noisy": true,
    "depolarizing_prob": 0.06,
    "amplitude_damping_prob": 0.0
  },
  "energies": [
    1.2277425110660571,
    1.2277425110660571,
    1.2277396556674147,
    1.2277364188351803,
    1.2277327496197805,
    1.2277285902615598,
    1.227723875293923,
    1.2277185304926204,
    1.2277124717352532,
    1.2277056036534133,
    1.227697818135265,
    1.227688992661418,
    1.2276789883236687,
    1.227667647656406,
    1.2276547922145578,
    1.2276402196977287,
    1.227623700790312,
    1.2276049755728802,
    1.2275837494492972,
    1.2275596884761326,
    1.2275324141866832,
    1.2275014975688254,
    1.22746645243104,
    1.2274267277113302,
    1.227381698816472,
    1.2273306579749925,
    1.22727280306073,
    1.227207225033132,
    1.2271328937916126,
    1.2270486421528821,
    1.2269531475551219,
    1.2268449114972149,
    1.2267222364053068,
    1.2265831991495129,
    1.2264256213492317,
    1.2262470356694566,
    1.2260446479971858,
    1.2258152943229785,
    1.225555392501684,
    1.2252608876504836,
    1.224927190473207,
    1.2245491083011057,
    1.22412076656705,
    1.2236355219947228,
    1.223085863438827,
    1.2224633023296148,
    1.2217582487186358,
    1.2209598738888185,
    1.2200559565437157,
    1.219032711833375,
    1.21787460170285
  ],
  "final_params": [
    -0.024308348194973954,
    -0.1847365850297736,
    0.0023871799224895298,
    0.0011320626347115729
  ],
  "final_state_real": [
    [
      0.8423010224694297,
      0.00045690338092076844,
      0.0009627836442216823,
      -5.222588532789823e-07,
      -0.07474528096219073,
      -4.0545338041239585e-05,
      8.549795969251573e-05,
      -4.637808987999874e-08,
      -0.009804321476373638,
      -5.318321491592158e-06,
      -1.122276859881111e-05,
      6.087754288523116e-09,
      -0.0008706625918686153,
      -4.722881318090394e-07,
      9.959140460388252e-07,
      -5.402303318822365e-10
    ],
    [
      0.00045690338092076844,
      0.03509614533382769,
      5.222588532789823e-07,
      4.0115677243737305e-05,
      -4.0545338041239585e-05,
      -0.0031144106129374176,
      4.637808987999874e-08,
      3.5623876419251933e-06,
      -5.318321491592158e-06,
      -0.0004085165306170167,
      -6.087754288523116e-09,
      -4.6761176884657915e-07,
      -4.722881318090394e-07,
      -3.627788646315818e-05,
      5.402303318822365e-10,
      4.1496100056513934e-08
    ],
    [
      0.0009627836442216821,
      5.222588532789821e-07,
      0.03509707384403802,
      1.9036991070542157e-05,
      -8.549795969251572e-05,
      -4.6378089879998734e-08,
      -0.003114280405136988,
      -1.6894467480199646e-06,
      -1.122276859881111e-05,
      -6.087754288523116e-09,
      -0.0004085273384070505,
      -2.2158916517903638e-07,
      -9.959140460388252e-07,
      -5.402303318822365e-10,
      -3.6276369751206e-05,
      -1.9679343839768668e-08
    ],
    [
      -5.222588532789821e-07,
      4.01156772437373e-05,
      1.9036991070542157e-05,
      0.001462389302118111,
      4.6378089879998734e-08,
      -3.5623876419251924e-06,
      -1.6894467480199646e-06,
      -0.00012976267960418674,
      6.087754288523116e-09,
      -4.6761176884657915e-07,
      -2.2158916517903638e-07,
      -1.7022103095091546e-05,
      5.402303318822365e-10,
      -4.1496100056513934e-08,
      -1.9679343839768668e-08,
      -1.5115270087639062e-06
    ],
    [
      -0.07474528096219073,
      -4.0545338041239585e-05,
      -8.549795969251573e-05,
      4.637808987999874e-08,
      0.04230825333154108,
      2.2949970939558097e-05,
      3.1866053264723994e-05,
      -1.728563684732664e-08,
      0.0008706625918686153,
      4.722881318090394e-07,
      9.959140460388252e-07,
      -5.402303318822365e-10,
      -0.0003245018050168119,
      -1.7602492205505362e-07,
      -5.637126446406486e-07,
      3.0578408880936576e-10
    ],
    [
      -4.0545338041239585e-05,
      -0.0031144106129374176,
      -4.637808987999874e-08,
      -3.5623876419251933e-06,
      2.2949970939558097e-05,
      0.0017628574204871712,
      1.728563684732664e-08,
      1.3277420274757728e-06,
      4.722881318090394e-07,
      3.627788646315818e-05,
      5.402303318822365e-10,
      4.1496100056513934e-08,
      -1.7602492205505362e-07,
      -1.3521012329499797e-05,
      -3.0578408880936576e-10,
      -2.3487846564841524e-08
    ],
    [
      8.549795969251572e-05,
      4.6378089879998734e-08,
      -0.003114280405136988,
      -1.6894467480199646e-06,
      3.186605326472399e-05,
      1.7285636847326633e-08,
      0.0017629040589740674,
      9.56216150042742e-07,
      -9.959140460388252e-07,
      -5.402303318822365e-10,
      3.6276369751206e-05,
      1.9679343839768668e-08,
      -5.637126446406486e-07,
      -3.0578408880936576e-10,
      -1.3521370043940585e-05,
      -7.334121412281754e-09
    ],
    [
      -4.6378089879998734e-08,
      3.5623876419251924e-06,
      -1.6894467480199646e-06,
      -0.00012976267960418674,
      -1.7285636847326633e-08,
      1.3277420274757724e-06,
      9.56216150042742e-07,
      7.34548996295373e-05,
      5.402303318822365e-10,
      -4.1496100056513934e-08,
      1.9679343839768668e-08,
      1.5115270087639062e-06,
      3.0578408880936576e-10,
      -2.3487846564841524e-08,
      -7.334121412281754e-09,
      -5.633947431089888e-07
    ],
    [
      -0.009804321476373638,
      -5.318321491592158e-06,
      -1.122276859881111e-05,
      6.087754288523116e-09,
      0.0008706625918686153,
      4.722881318090394e-07,
      -9.959140460388252e-07,
      5.402303318822365e-10,
      0.03522009941684929,
      1.9105025484529865e-05,
      4.0257977566012965e-05,
      -2.183780886302206e-08,
      -0.0031033630548498487,
      -1.6834093404134705e-06,
      3.54980549887839e-06,
      -1.9255804357856204e-09
    ],
    [
      -5.318321491592158e-06,
      -0.0004085165306170167,
      -6.087754288523116e-09,
      -4.6761176884657915e-07,
      4.722881318090394e-07,
      3.627788646315818e-05,
      -5.402303318822365e-10,
      -4.1496100056513934e-08,
      1.9105025484529865e-05,
      0.0014675154069998348,
      2.183780886302206e-08,
      1.677402855996111e-06,
      -1.6834093404134705e-06,
      -0.00012930778651713525,
      1.9255804357856204e-09,
      1.4790742710026855e-07
    ],
    [
      -1.122276859881111e-05,
      -6.087754288523116e-09,
      -0.0004085273384070505,
      -2.2158916517903638e-07,
      9.959140460388252e-07,
      5.402303318822365e-10,
      3.6276369751206e-05,
      1.9679343839768668e-08,
      4.025797756601296e-05,
      2.183780886302206e-08,
      0.0014675542318629714,
      7.960155576405002e-07,
      -3.54980549887839e-06,
      -1.92558043578562e-09,
      -0.0001293023803955433,
      -7.014444996993842e-08
    ],
    [
      6.087754288523116e-09,
      -4.6761176884657915e-07,
      -2.2158916517903638e-07,
      -1.7022103095091546e-05,
      -5.402303318822365e-10,
      4.1496100056513934e-08,
      1.9679343839768668e-08,
      1.5115270087639062e-06,
      -2.183780886302206e-08,
      1.6774028559961109e-06,
      7.960155576405002e-07,
      6.114856236994065e-05,
      1.92558043578562e-09,
      -1.4790742710026855e-07,
      -7.014444996993842e-08,
      -5.387640538613449e-06
    ],
    [
      -0.0008706625918686153,
      -4.722881318090394e-07,
      -9.959140460388252e-07,
      5.402303318822365e-10,
      -0.0003245018050168119,
      -1.7602492205505362e-07,
      -5.637126446406486e-07,
      3.0578408880936576e-10,
      -0.0031033630548498487,
      -1.6834093404134705e-06,
      -3.54980549887839e-06,
      1.9255804357856204e-09,
      0.0017690835565193725,
      9.59633476088264e-07,
      1.3324518599250865e-06,
      -7.227841733606501e-10
    ],
    [
      -4.722881318090394e-07,
      -3.627788646315818e-05,
      -5.402303318822365e-10,
      -4.1496100056513934e-08,
      -1.7602492205505362e-07,
      -1.3521012329499797e-05,
      -3.0578408880936576e-10,
      -2.3487846564841524e-08,
      -1.6834093404134705e-06,
      -0.00012930778651713525,
      -1.9255804357856204e-09,
      -1.4790742710026855e-07,
      9.59633476088264e-07,
      7.37123806703465e-05,
      7.227841733606501e-10,
      5.551840133177916e-08
    ],
    [
      9.959140460388252e-07,
      5.402303318822365e-10,
      -3.6276369751206e-05,
      -1.9679343839768668e-08,
      -5.637126446406486e-07,
      -3.0578408880936576e-10,
      -1.3521370043940585e-05,
      -7.334121412281754e-09,
      3.54980549887839e-06,
      1.92558043578562e-09,
      -0.0001293023803955433,
      -7.014444996993842e-08,
      1.3324518599250863e-06,
      7.227841733606501e-10,
      7.371433081892916e-05,
      3.9983363393963515e-08
    ],
    [
      -5.402303318822365e-10,
      4.1496100056513934e-08,
      -1.9679343839768668e-08,
      -1.5115270087639062e-06,
      3.0578408880936576e-10,
      -2.3487846564841524e-08,
      -7.334121412281754e-09,
      -5.633947431089888e-07,
      -1.92558043578562e-09,
      1.4790742710026855e-07,
      -7.014444996993842e-08,
      -5.387640538613449e-06,
      -7.227841733606501e-10,
      5.5518401331779146e-08,
      3.9983363393963515e-08,
      3.071454027233934e-06
    ]
  ],
  "final_state_imag": [
    [
      0.0,
      0.0,
      0.0,
      0.0,
      0.0,
      0.0,
      0.0,
      0.0,
      0.0,
      0.0,
      0.0,
      0.0,
      0.0,
      0.0,
      0.0,
      0.0
    ],
    [
      0.0,
      0.0,
      0.0,
      0.0,
      0.0,
      0.0,
      0.0,
      0.0,
      0.0,
      0.0,
      0.0,
      0.0,
      0.0,
      0.0,
      0.0,
      0.0
    ],
    [
      0.0,
      0.0,
      0.0,
      0.0,
      0.0,
      0.0,
      0.0,
      0.0,
      0.0,
      0.0,
      0.0,
      0.0,
      0.0,
      0.0,
      0.0,
      0.0
    ],
    [
      0.0,
      0.0,
      0.0,
      0.0,
      0.0,
      0.0,
      0.0,
      0.0,
      0.0,
      0.0,
      0.0,
      0.0,
      0.0,
      0.0,
      0.0,
      0.0
    ],
    [
      0.0,
      0.0,
      0.0,
      0.0,
      0.0,
      0.0,
      0.0,
      0.0,
      0.0,
      0.0,
      0.0,
      0.0,
      0.0,
      0.0,
      0.0,
      0.0
    ],
    [
      0.0,
      0.0,
      0.0,
      0.0,
      0.0,
      0.0,
      0.0,
      0.0,
      0.0,
      0.0,
      0.0,
      0.0,
      0.0,
      0.0,
      0.0,
      0.0
    ],
    [
      0.0,
      0.0,
      0.0,
      0.0,
      0.0,
      0.0,
      0.0,
      0.0,
      0.0,
      0.0,
      0.0,
      0.0,
      0.0,
      0.0,
      0.0,
      0.0
    ],
    [
      0.0,
      0.0,
      0.0,
      0.0,
      0.0,
      0.0,
      0.0,
      0.0,
      0.0,
      0.0,
      0.0,
      0.0,
      0.0,
      0.0,
      0.0,
      0.0
    ],
    [
      0.0,
      0.0,
      0.0,
      0.0,
      0.0,
      0.0,
      0.0,
      0.0,
      0.0,
      0.0,
      0.0,
      0.0,
      0.0,
      0.0,
      0.0,
      0.0
    ],
    [
      0.0,
      0.0,
      0.0,
      0.0,
      0.0,
      0.0,
      0.0,
      0.0,
      0.0,
      0.0,
      0.0,
      0.0,
      0.0,
      0.0,
      0.0,
      0.0
    ],
    [
      0.0,
      0.0,
      0.0,
      0.0,
      0.0,
      0.0,
      0.0,
      0.0,
      0.0,
      0.0,
      0.0,
      0.0,
      0.0,
      0.0,
      0.0,
      0.0
    ],
    [
      0.0,
      0.0,
      0.0,
      0.0,
      0.0,
      0.0,
      0.0,
      0.0,
      0.0,
      0.0,
      0.0,
      0.0,
      0.0,
      0.0,
      0.0,
      0.0
    ],
    [
      0.0,
      0.0,
      0.0,
      0.0,
      0.0,
      0.0,
      0.0,
      0.0,
      0.0,
      0.0,
      0.0,
      0.0,
      0.0,
      0.0,
      0.0,
      0.0
    ],
    [
      0.0,
      0.0,
      0.0,
      0.0,
      0.0,
      0.0,
      0.0,
      0.0,
      0.0,
      0.0,
      0.0,
      0.0,
      0.0,
      0.0,
      0.0,
      0.0
    ],
    [
      0.0,
      0.0,
      0.0,
      0.0,
      0.0,
      0.0,
      0.0,
      0.0,
      0.0,
      0.0,
      0.0,
      0.0,
      0.0,
      0.0,
      0.0,
      0.0
    ],
    [
      0.0,
      0.0,
      0.0,
      0.0,
      0.0,
      0.0,
      0.0,
      0.0,
      0.0,
      0.0,
      0.0,
      0.0,
      0.0,
      0.0,
      0.0,
      0.0
    ]
  ]
}