{
  "config": {
    "symbols": [
      "H",
      "H"
    ],
    "geometry": [
      [
        0.0,
        0.0,
        0.0
      ],
      [
        0.0,
        0.0,
        0.7414
      ]
    ],
    "basis": "STO-3G",
    "ansatz": "RY-CZ",
    "optimizer": {
      "name": "GradientDescent",
      "stepsize": 0.1,
      "iterations_planned": 50
    },
    "seed": 3,
    "noisy": true,
    "depolarizing_prob": 0.1,
    "amplitude_damping_prob": 0.0
  },
  "energies": [
    1.1543111240776103,
    1.1543111240776103,
    1.1543083866245365,
    1.1543053191976442,
    1.1543018819812754,
    1.1542980303681907,
    1.1542937143660494,
    1.1542888779459883,
    1.154283458331705,
    1.1542773851670294,
    1.1542705796013832,
    1.1542629532970354,
    1.15425440724488,
    1.1542448305148862,
    1.1542340987601274,
    1.1542220726746302,
    1.1542085961351014,
    1.1541934942068408,
    1.1541765708650085,
    1.154157606448631,
    1.1541363548206292,
    1.1541125401677461,
    1.154085853460407,
    1.1540559484039559,
    1.1540224370313332,
    1.153984884590721,
    1.1539428040038002,
    1.15389564954246,
    1.153842809809816,
    1.1537835997795878,
    1.1537172520956234,
    1.1536429070470673,
    1.1535596016310343,
    1.1534662571316985,
    1.1533616652491099,
    1.1532444727196685,
    1.1531131639258139,
    1.152966041543501,
    1.1528012050156915,
    1.1526165262971781,
    1.152409623046614,
    1.1521778283759048,
    1.15191815732572,
    1.1516272695147418,
    1.1513014273225142,
    1.1509364495523817,
    1.1505276596191014,
    1.1500698283948112,
    1.1495571100627062,
    1.148982971739272,
    1.1483401148699999
  ],
  "final_params": [
    0.1241613300067381,
    -0.0867820675554501,
    -0.001980004165113813,
    0.010818841970444262
  ],
  "final_state_real": [
    [
      0.7547801030523057,
      0.0037913144731464223,
      -0.000693670467970466,
      3.4843714565475554e-06,
      -0.030409562694101146,
      -0.00015274945243420822,
      -2.795502959663796e-05,
      1.4042072092020312e-07,
      0.04354253827100722,
      0.00021871728583836494,
      -4.003874179654119e-05,
      2.0111833430089991e-07,
      0.0017557398191202164,
      8.819209229850977e-06,
      1.6140238220861464e-06,
      -8.107392192028861e-09
    ],
    [
      0.0037913144731464223,
      0.053934838452667756,
      -3.4843714565475554e-06,
      -4.9527695623698165e-05,
      -0.00015274945243420822,
      -0.002172996936047951,
      -1.4042072092020312e-07,
      -1.9959739688279582e-06,
      0.00021871728583836494,
      0.003111448961053404,
      -2.0111833430089997e-07,
      -2.858744473664639e-06,
      8.819209229850976e-06,
      0.00012546110201662626,
      8.107392192028861e-09,
      1.1524042651486228e-07
    ],
    [
      -0.000693670467970466,
      -3.484371456547557e-06,
      0.05391360049297083,
      0.00027080447972635725,
      2.795502959663796e-05,
      1.4042072092020312e-07,
      -0.002172081968512578,
      -1.0910824120501824e-05,
      -4.003874179654119e-05,
      -2.0111833430089991e-07,
      0.0031102237635830935,
      1.5622450002008025e-05,
      -1.6140238220861468e-06,
      -8.107392192028863e-09,
      0.00012540827505060838,
      6.29952116065726e-07
    ],
    [
      3.484371456547557e-06,
      -4.9527695623698165e-05,
      0.00027080447972635725,
      0.0038525410529913506,
      -1.4042072092020312e-07,
      1.9959739688279582e-06,
      -1.0910824120501824e-05,
      -0.00015521194796196157,
      2.0111833430089997e-07,
      -2.858744473664639e-06,
      1.5622450002008025e-05,
      0.00022224938834785042,
      8.107392192028863e-09,
      -1.1524042651486231e-07,
      6.29952116065726e-07,
      8.96138494924469e-06
    ],
    [
      -0.03040956269410114,
      -0.00015274945243420822,
      2.7955029596637955e-05,
      -1.4042072092020312e-07,
      0.05532828624745786,
      0.00027791794136608093,
      -4.8246715948871665e-05,
      2.4234775399370724e-07,
      -0.0017557398191202164,
      -8.819209229850977e-06,
      1.6140238220861464e-06,
      -8.107392192028861e-09,
      0.0030285049928687525,
      1.5212397312841994e-05,
      -2.9349938586729933e-06,
      1.4742747887514176e-08
    ],
    [
      -0.00015274945243420822,
      -0.0021729969360479505,
      1.4042072092020312e-07,
      1.9959739688279582e-06,
      0.00027791794136608093,
      0.0039536312212681635,
      -2.4234775399370724e-07,
      -3.4447893815489315e-06,
      -8.819209229850976e-06,
      -0.00012546110201662626,
      8.107392192028861e-09,
      1.1524042651486228e-07,
      1.5212397312841994e-05,
      0.00021640995421437923,
      -1.4742747887514176e-08,
      -2.095569715041818e-07
    ],
    [
      -2.7955029596637955e-05,
      -1.4042072092020312e-07,
      -0.002172081968512578,
      -1.0910824120501824e-05,
      -4.824671594887167e-05,
      -2.423477539937073e-07,
      0.003952074397090271,
      1.985101052717533e-05,
      -1.6140238220861468e-06,
      -8.107392192028863e-09,
      -0.00012540827505060838,
      -6.29952116065726e-07,
      -2.9349938586729933e-06,
      -1.4742747887514176e-08,
      0.0002163247383127936,
      1.0865849743864582e-06
    ],
    [
      1.4042072092020312e-07,
      -1.9959739688279582e-06,
      -1.0910824120501824e-05,
      -0.00015521194796196157,
      2.423477539937073e-07,
      -3.4447893815489324e-06,
      1.985101052717533e-05,
      0.00028240608529291956,
      8.107392192028863e-09,
      -1.1524042651486231e-07,
      -6.29952116065726e-07,
      -8.96138494924469e-06,
      1.4742747887514176e-08,
      -2.095569715041818e-07,
      1.0865849743864582e-06,
      1.5458064894706962e-05
    ],
    [
      0.04354253827100722,
      0.00021871728583836494,
      -4.003874179654119e-05,
      2.0111833430089991e-07,
      -0.0017557398191202164,
      -8.819209229850977e-06,
      -1.6140238220861464e-06,
      8.107392192028861e-09,
      0.056813603888897134,
      0.0002853787981751508,
      -5.2213775955841386e-05,
      2.622746664008896e-07,
      -0.0020551783308073563,
      -1.0323310724437651e-05,
      -1.88929290572249e-06,
      9.490094472405192e-09
    ],
    [
      0.00021871728583836494,
      0.003111448961053404,
      -2.0111833430089997e-07,
      -2.858744473664639e-06,
      -8.819209229850976e-06,
      -0.00012546110201662626,
      -8.107392192028861e-09,
      -1.1524042651486228e-07,
      0.0002853787981751508,
      0.004059768580636757,
      -2.622746664008896e-07,
      -3.7280353169294572e-06,
      -1.0323310724437651e-05,
      -0.00014685828470472625,
      -9.490094472405192e-09,
      -1.348944899620834e-07
    ],
    [
      -4.003874179654119e-05,
      -2.0111833430089991e-07,
      0.0031102237635830935,
      1.5622450002008025e-05,
      1.6140238220861468e-06,
      8.107392192028863e-09,
      -0.00012540827505060838,
      -6.29952116065726e-07,
      -5.22137759558414e-05,
      -2.622746664008896e-07,
      0.004058169962675378,
      2.038392159556694e-05,
      1.88929290572249e-06,
      9.490094472405192e-09,
      -0.00014679644818734483,
      -7.373894037632877e-07
    ],
    [
      2.0111833430089997e-07,
      -2.858744473664639e-06,
      1.5622450002008025e-05,
      0.00022224938834785042,
      -8.107392192028863e-09,
      1.1524042651486231e-07,
      -6.29952116065726e-07,
      -8.96138494924469e-06,
      2.622746664008896e-07,
      -3.728035316929458e-06,
      2.038392159556694e-05,
      0.00028998742874280196,
      -9.490094472405192e-09,
      1.348944899620834e-07,
      -7.373894037632877e-07,
      -1.0489734276767472e-05
    ],
    [
      0.0017557398191202164,
      8.819209229850977e-06,
      -1.6140238220861464e-06,
      8.107392192028861e-09,
      0.0030285049928687525,
      1.5212397312841994e-05,
      -2.9349938586729933e-06,
      1.4742747887514176e-08,
      -0.0020551783308073554,
      -1.0323310724437648e-05,
      1.88929290572249e-06,
      -9.490094472405192e-09,
      0.004164655806376963,
      2.0919364157239916e-05,
      -3.631613761113383e-06,
      1.8241934628486384e-08
    ],
    [
      8.819209229850976e-06,
      0.00012546110201662626,
      -8.107392192028861e-09,
      -1.1524042651486228e-07,
      1.5212397312841994e-05,
      0.00021640995421437923,
      -1.4742747887514176e-08,
      -2.095569715041818e-07,
      -1.0323310724437648e-05,
      -0.0001468582847047262,
      9.490094472405192e-09,
      1.348944899620834e-07,
      2.0919364157239916e-05,
      0.00029759666056318956,
      -1.8241934628486384e-08,
      -2.5929525515120437e-07
    ],
    [
      1.6140238220861468e-06,
      8.107392192028863e-09,
      0.00012540827505060838,
      6.29952116065726e-07,
      -2.9349938586729933e-06,
      -1.4742747887514176e-08,
      0.0002163247383127936,
      1.0865849743864582e-06,
      -1.88929290572249e-06,
      -9.490094472405192e-09,
      -0.00014679644818734478,
      -7.373894037632875e-07,
      -3.6316137611133838e-06,
      -1.8241934628486388e-08,
      0.00029747947571450345,
      1.4942198983842444e-06
    ],
    [
      -8.107392192028863e-09,
      1.1524042651486231e-07,
      6.29952116065726e-07,
      8.96138494924469e-06,
      1.4742747887514176e-08,
      -2.095569715041818e-07,
      1.0865849743864582e-06,
      1.5458064894706962e-05,
      9.490094472405192e-09,
      -1.348944899620834e-07,
      -7.373894037632875e-07,
      -1.0489734276767469e-05,
      1.8241934628486388e-08,
      -2.592952551512044e-07,
      1.4942198983842444e-06,
      2.125719451369027e-05
    ]
  ],
  "final_state_imag": [
    [
      0.0,
      0.0,
      0.0,
      0.0,
      0.0,
      0.0,
      0.0,
      0.0,
      0.0,
      0.0,
      0.0,
      0.0,
      0.0,
      0.0,
      0.0,
      0.0
    ],
    [
      0.0,
      0.0,
      0.0,
      0.0,
      0.0,
      0.0,
      0.0,
      0.0,
      0.0,
      0.0,
      0.0,
      0.0,
      0.0,
      0.0,
      0.0,
      0.0
    ],
    [
      0.0,
      0.0,
      0.0,
      0.0,
      0.0,
      0.0,
      0.0,
      0.0,
      0.0,
      0.0,
      0.0,
      0.0,
      0.0,
      0.0,
      0.0,
      0.0
    ],
    [
      0.0,
      0.0,
      0.0,
      0.0,
      0.0,
      0.0,
      0.0,
      0.0,
      0.0,
      0.0,
      0.0,
      0.0,
      0.0,
      0.0,
      0.0,
      0.0
    ],
    [
      0.0,
      0.0,
      0.0,
      0.0,
      0.0,
      0.0,
      0.0,
      0.0,
      0.0,
      0.0,
      0.0,
      0.0,
      0.0,
      0.0,
      0.0,
      0.0
    ],
    [
      0.0,
      0.0,
      0.0,
      0.0,
      0.0,
      0.0,
      0.0,
      0.0,
      0.0,
      0.0,
      0.0,
      0.0,
      0.0,
      0.0,
      0.0,
      0.0
    ],
    [
      0.0,
      0.0,
      0.0,
      0.0,
      0.0,
      0.0,
      0.0,
      0.0,
      0.0,
      0.0,
      0.0,
      0.0,
      0.0,
      0.0,
      0.0,
      0.0
    ],
    [
      0.0,
      0.0,
      0.0,
      0.0,
      0.0,
      0.0,
      0.0,
      0.0,
      0.0,
      0.0,
      0.0,
      0.0,
      0.0,
      0.0,
      0.0,
      0.0
    ],
    [
      0.0,
      0.0,
      0.0,
      0.0,
      0.0,
      0.0,
      0.0,
      0.0,
      0.0,
      0.0,
      0.0,
      0.0,
      0.0,
      0.0,
      0.0,
      0.0
    ],
    [
      0.0,
      0.0,
      0.0,
      0.0,
      0.0,
      0.0,
      0.0,
      0.0,
      0.0,
      0.0,
      0.0,
      0.0,
      0.0,
      0.0,
      0.0,
      0.0
    ],
    [
      0.0,
      0.0,
      0.0,
      0.0,
      0.0,
      0.0,
      0.0,
      0.0,
      0.0,
      0.0,
      0.0,
      0.0,
      0.0,
      0.0,
      0.0,
      0.0
    ],
    [
      0.0,
      0.0,
      0.0,
      0.0,
      0.0,
      0.0,
      0.0,
      0.0,
      0.0,
      0.0,
      0.0,
      0.0,
      0.0,
      0.0,
      0.0,
      0.0
    ],
    [
      0.0,
      0.0,
      0.0,
      0.0,
      0.0,
      0.0,
      0.0,
      0.0,
      0.0,
      0.0,
      0.0,
      0.0,
      0.0,
      0.0,
      0.0,
      0.0
    ],
    [
      0.0,
      0.0,
      0.0,
      0.0,
      0.0,
      0.0,
      0.0,
      0.0,
      0.0,
      0.0,
      0.0,
      0.0,
      0.0,
      0.0,
      0.0,
      0.0
    ],
    [
      0.0,
      0.0,
      0.0,
      0.0,
      0.0,
      0.0,
      0.0,
      0.0,
      0.0,
      0.0,
      0.0,
      0.0,
      0.0,
      0.0,
      0.0,
      0.0
    ],
    [
      0.0,
      0.0,
      0.0,
      0.0,
      0.0,
      0.0,
      0.0,
      0.0,
      0.0,
      0.0,
      0.0,
      0.0,
      0.0,
      0.0,
      0.0,
      0.0
    ]
  ]
}