{
  "config": {
    "symbols": [
      "H",
      "H"
    ],
    "geometry": [
      [
        0.0,
        0.0,
        0.0
      ],
      [
        0.0,
        0.0,
        0.7414
      ]
    ],
    "basis": "STO-3G",
    "ansatz": "RY-CZ",
    "optimizer": {
      "name": "Nesterov",
      "stepsize": 0.1,
      "iterations_planned": 50
    },
    "seed": 2,
    "noisy": true,
    "depolarizing_prob": 0.1,
    "amplitude_damping_prob": 0.0
  },
  "energies": [
    1.1541818800170756,
    1.1541818800170756,
    1.1541463753627463,
    1.1540844771796706,
    1.1539836013887468,
    1.153823309274834,
    1.1535712957379038,
    1.1531770091034657,
    1.1525616665711398,
    1.151602741194091,
    1.1501099833482982,
    1.1477885618886567,
    1.1441828520639996,
    1.1385917571799422,
    1.1299436468518933,
    1.11661762648641,
    1.0962023333927209,
    1.0652041416562308,
    1.018774374617441,
    0.950652199903741,
    0.8537383475357864,
    0.72194395611954,
    0.5538155032805787,
    0.35715875094225535,
    0.15127121603281304,
    -0.03786980531357281,
    -0.1892752076963302,
    -0.29680375733932374,
    -0.36865668151613584,
    -0.4185371544315327,
    -0.4570822606692138,
    -0.4886635833846292,
    -0.5129523556689699,
    -0.528322175482449,
    -0.5345549864809875,
    -0.5337064820602349,
    -0.5293718491783421,
    -0.5253161549944608,
    -0.5243458397868207,
    -0.5278035910913729,
    -0.5356410334725946,
    -0.5468367984128948,
    -0.559919149997356,
    -0.5734185047000604,
    -0.5861581772810979,
    -0.5973685362552194,
    -0.6066657828812049,
    -0.6139609261566787,
    -0.6193576518351083,
    -0.6230725783760276,
    -0.6253848992168476
  ],
  "final_params": [
    -2.972699674922688,
    -3.3251311091030917,
    7.446379518841644e-05,
    -3.1340737175523845e-05
  ],
  "final_state_real": [
    [
      0.004691441485754691,
      -6.826543033130019e-08,
      -1.2780967898034752e-07,
      -1.859765866125706e-12,
      -0.0041028051466826514,
      5.970014970135303e-08,
      1.418441339255818e-07,
      2.063982013643291e-12,
      0.0036972246222150063,
      -5.379852453310198e-08,
      -1.622106531155442e-07,
      -2.3603363860465766e-12,
      0.005018208573317266,
      -7.30202367280073e-08,
      -1.734918972488006e-07,
      -2.5244904073526393e-12
    ],
    [
      -6.826543033130019e-08,
      0.0003351029644144433,
      1.859765866125706e-12,
      -9.129262753088288e-09,
      5.970014970135303e-08,
      -0.000293057511479763,
      -2.063982013643291e-12,
      1.0131723817176585e-08,
      -5.379852453310198e-08,
      0.0002640874739186936,
      2.3603363860465766e-12,
      -1.1586475182912908e-08,
      -7.30202367280073e-08,
      0.00035844347074875124,
      2.52449040735264e-12,
      -1.2392278332532508e-08
    ],
    [
      -1.2780967898034752e-07,
      1.859765866125706e-12,
      0.00033510296973845104,
      -4.876102072375143e-09,
      -1.418441339255818e-07,
      2.0639820136432906e-12,
      -0.00029305750481906697,
      4.2642964895756925e-09,
      -1.622106531155442e-07,
      2.3603363860465766e-12,
      0.00026408747811443013,
      -3.8427516781697444e-09,
      1.7349189724880058e-07,
      -2.5244904073526393e-12,
      0.00035844346260194423,
      -5.215731295564416e-09
    ],
    [
      -1.859765866125706e-12,
      -9.129262753088288e-09,
      -4.876102072375143e-09,
      2.3935926491764446e-05,
      -2.0639820136432906e-12,
      -1.0131723817176585e-08,
      4.2642964895756925e-09,
      -2.0932678987249833e-05,
      -2.3603363860465766e-12,
      -1.1586475182912908e-08,
      -3.8427516781697444e-09,
      1.8863391358411863e-05,
      2.5244904073526397e-12,
      1.2392278332532504e-08,
      -5.215731295564416e-09,
      2.5603104559145273e-05
    ],
    [
      -0.0041028051466826514,
      5.970014970135303e-08,
      -1.418441339255818e-07,
      -2.063982013643291e-12,
      0.058753646087366176,
      -8.549276263736149e-07,
      -2.0288029632745575e-06,
      -2.952122664178565e-11,
      -0.005018208573317266,
      7.302023672800732e-08,
      -1.734918972488006e-07,
      -2.5244904073526397e-12,
      0.058688358575682165,
      -8.539776240994943e-07,
      -2.031458206116383e-06,
      -2.955986323052369e-11
    ],
    [
      5.970014970135303e-08,
      -0.000293057511479763,
      2.063982013643291e-12,
      -1.0131723817176585e-08,
      -8.549276263736149e-07,
      0.00419668902059561,
      2.952122664178565e-11,
      -1.4491449688114383e-07,
      7.30202367280073e-08,
      -0.00035844347074875124,
      2.52449040735264e-12,
      -1.2392278332532508e-08,
      -8.539776240994943e-07,
      0.004192025626887943,
      2.955986323052369e-11,
      -1.4510415708348276e-07
    ],
    [
      1.418441339255818e-07,
      -2.0639820136432906e-12,
      -0.00029305750481906697,
      4.2642964895756925e-09,
      -2.0288029632745575e-06,
      2.952122664178565e-11,
      0.004196689087271248,
      -6.106625784763804e-08,
      1.734918972488006e-07,
      -2.5244904073526397e-12,
      -0.00035844346260194423,
      5.215731295564417e-09,
      -2.031458206116383e-06,
      2.955986323052369e-11,
      0.004192025693489492,
      -6.099840054365388e-08
    ],
    [
      2.0639820136432906e-12,
      1.0131723817176585e-08,
      4.2642964895756925e-09,
      -2.0932678987249833e-05,
      -2.952122664178565e-11,
      -1.4491449688114383e-07,
      -6.106625784763804e-08,
      0.00029976350725902985,
      2.52449040735264e-12,
      1.2392278332532508e-08,
      5.215731295564416e-09,
      -2.5603104559145273e-05,
      -2.955986323052369e-11,
      -1.4510415708348276e-07,
      -6.099840054365388e-08,
      0.0002994304077020507
    ],
    [
      0.0036972246222150063,
      -5.379852453310198e-08,
      -1.622106531155442e-07,
      -2.3603363860465766e-12,
      -0.005018208573317266,
      7.30202367280073e-08,
      1.734918972488006e-07,
      2.5244904073526393e-12,
      0.05972279380814125,
      -8.690297496579396e-07,
      -1.6270374740057338e-06,
      -2.3675114288711482e-11,
      -0.0638109766974666,
      9.285171304097929e-07,
      2.2061034831049787e-06,
      3.2101136531690476e-11
    ],
    [
      -5.379852453310198e-08,
      0.0002640874739186936,
      2.3603363860465766e-12,
      -1.1586475182912908e-08,
      7.30202367280073e-08,
      -0.00035844347074875124,
      -2.52449040735264e-12,
      1.2392278332532508e-08,
      -8.690297496579396e-07,
      0.00426591385803062,
      2.3675114288711472e-11,
      -1.162169620315168e-07,
      9.285171304097929e-07,
      -0.004557926922552719,
      -3.2101136531690476e-11,
      1.5757881968286162e-07
    ],
    [
      -1.622106531155442e-07,
      2.3603363860465766e-12,
      0.00026408747811443013,
      -3.8427516781697444e-09,
      -1.7349189724880058e-07,
      2.5244904073526393e-12,
      -0.00035844346260194423,
      5.215731295564416e-09,
      -1.6270374740057347e-06,
      2.3675114288711482e-11,
      0.004265913925806082,
      -6.20735523484984e-08,
      -2.206103483104978e-06,
      3.2101136531690476e-11,
      -0.004557926818958836,
      6.632265345270379e-08
    ],
    [
      -2.3603363860465766e-12,
      -1.1586475182912908e-08,
      -3.8427516781697444e-09,
      1.8863391358411863e-05,
      -2.5244904073526397e-12,
      -1.2392278332532504e-08,
      5.215731295564416e-09,
      -2.5603104559145273e-05,
      -2.3675114288711482e-11,
      -1.1621696203151686e-07,
      -6.20735523484984e-08,
      0.0003047081385998599,
      -3.2101136531690476e-11,
      -1.5757881968286162e-07,
      6.632265345270379e-08,
      -0.00032556620246783217
    ],
    [
      0.005018208573317266,
      -7.302023672800732e-08,
      1.734918972488006e-07,
      2.5244904073526397e-12,
      0.058688358575682165,
      -8.539776240994943e-07,
      -2.031458206116383e-06,
      -2.955986323052369e-11,
      -0.0638109766974666,
      9.285171304097929e-07,
      -2.2061034831049787e-06,
      -3.2101136531690476e-11,
      0.7479432284100647,
      -1.0883364208171818e-05,
      -2.5826983331435707e-05,
      -3.7580989489995743e-10
    ],
    [
      -7.30202367280073e-08,
      0.00035844347074875124,
      -2.52449040735264e-12,
      1.2392278332532508e-08,
      -8.539776240994943e-07,
      0.004192025626887943,
      2.955986323052369e-11,
      -1.4510415708348276e-07,
      9.285171304097929e-07,
      -0.004557926922552719,
      3.2101136531690476e-11,
      -1.5757881968286162e-07,
      -1.0883364208171818e-05,
      0.053424516497748195,
      3.758098948999573e-10,
      -1.844784517364782e-06
    ],
    [
      -1.734918972488006e-07,
      2.5244904073526397e-12,
      0.00035844346260194423,
      -5.215731295564417e-09,
      -2.031458206116383e-06,
      2.955986323052369e-11,
      0.004192025693489492,
      -6.099840054365388e-08,
      2.206103483104978e-06,
      -3.2101136531690476e-11,
      -0.004557926818958836,
      6.632265345270379e-08,
      -2.582698333143571e-05,
      3.758098948999575e-10,
      0.05342451734653966,
      -7.773831427170807e-07
    ],
    [
      -2.52449040735264e-12,
      -1.2392278332532508e-08,
      -5.215731295564416e-09,
      2.5603104559145273e-05,
      -2.955986323052369e-11,
      -1.4510415708348276e-07,
      -6.099840054365388e-08,
      0.0002994304077020507,
      3.2101136531690476e-11,
      1.5757881968286162e-07,
      6.632265345270379e-08,
      -0.00032556620246783217,
      -3.758098948999574e-10,
      -1.8447845173647825e-06,
      -7.773831427170807e-07,
      0.003816036966377375
    ]
  ],
  "final_state_imag": [
    [
      0.0,
      0.0,
      0.0,
      0.0,
      0.0,
      0.0,
      0.0,
      0.0,
      0.0,
      0.0,
      0.0,
      0.0,
      0.0,
      0.0,
      0.0,
      0.0
    ],
    [
      0.0,
      0.0,
      0.0,
      0.0,
      0.0,
      0.0,
      0.0,
      0.0,
      0.0,
      0.0,
      0.0,
      0.0,
      0.0,
      0.0,
      0.0,
      0.0
    ],
    [
      0.0,
      0.0,
      0.0,
      0.0,
      0.0,
      0.0,
      0.0,
      0.0,
      0.0,
      0.0,
      0.0,
      0.0,
      0.0,
      0.0,
      0.0,
      0.0
    ],
    [
      0.0,
      0.0,
      0.0,
      0.0,
      0.0,
      0.0,
      0.0,
      0.0,
      0.0,
      0.0,
      0.0,
      0.0,
      0.0,
      0.0,
      0.0,
      0.0
    ],
    [
      0.0,
      0.0,
      0.0,
      0.0,
      0.0,
      0.0,
      0.0,
      0.0,
      0.0,
      0.0,
      0.0,
      0.0,
      0.0,
      0.0,
      0.0,
      0.0
    ],
    [
      0.0,
      0.0,
      0.0,
      0.0,
      0.0,
      0.0,
      0.0,
      0.0,
      0.0,
      0.0,
      0.0,
      0.0,
      0.0,
      0.0,
      0.0,
      0.0
    ],
    [
      0.0,
      0.0,
      0.0,
      0.0,
      0.0,
      0.0,
      0.0,
      0.0,
      0.0,
      0.0,
      0.0,
      0.0,
      0.0,
      0.0,
      0.0,
      0.0
    ],
    [
      0.0,
      0.0,
      0.0,
      0.0,
      0.0,
      0.0,
      0.0,
      0.0,
      0.0,
      0.0,
      0.0,
      0.0,
      0.0,
      0.0,
      0.0,
      0.0
    ],
    [
      0.0,
      0.0,
      0.0,
      0.0,
      0.0,
      0.0,
      0.0,
      0.0,
      0.0,
      0.0,
      0.0,
      0.0,
      0.0,
      0.0,
      0.0,
      0.0
    ],
    [
      0.0,
      0.0,
      0.0,
      0.0,
      0.0,
      0.0,
      0.0,
      0.0,
      0.0,
      0.0,
      0.0,
      0.0,
      0.0,
      0.0,
      0.0,
      0.0
    ],
    [
      0.0,
      0.0,
      0.0,
      0.0,
      0.0,
      0.0,
      0.0,
      0.0,
      0.0,
      0.0,
      0.0,
      0.0,
      0.0,
      0.0,
      0.0,
      0.0
    ],
    [
      0.0,
      0.0,
      0.0,
      0.0,
      0.0,
      0.0,
      0.0,
      0.0,
      0.0,
      0.0,
      0.0,
      0.0,
      0.0,
      0.0,
      0.0,
      0.0
    ],
    [
      0.0,
      0.0,
      0.0,
      0.0,
      0.0,
      0.0,
      0.0,
      0.0,
      0.0,
      0.0,
      0.0,
      0.0,
      0.0,
      0.0,
      0.0,
      0.0
    ],
    [
      0.0,
      0.0,
      0.0,
      0.0,
      0.0,
      0.0,
      0.0,
      0.0,
      0.0,
      0.0,
      0.0,
      0.0,
      0.0,
      0.0,
      0.0,
      0.0
    ],
    [
      0.0,
      0.0,
      0.0,
      0.0,
      0.0,
      0.0,
      0.0,
      0.0,
      0.0,
      0.0,
      0.0,
      0.0,
      0.0,
      0.0,
      0.0,
      0.0
    ],
    [
      0.0,
      0.0,
      0.0,
      0.0,
      0.0,
      0.0,
      0.0,
      0.0,
      0.0,
      0.0,
      0.0,
      0.0,
      0.0,
      0.0,
      0.0,
      0.0
    ]
  ]
}