{
  "config": {
    "symbols": [
      "H",
      "H"
    ],
    "geometry": [
      [
        0.0,
        0.0,
        0.0
      ],
      [
        0.0,
        0.0,
        0.7414
      ]
    ],
    "basis": "STO-3G",
    "ansatz": "RY-CZ",
    "optimizer": {
      "name": "Momentum",
      "stepsize": 0.1,
      "iterations_planned": 50
    },
    "seed": 4,
    "noisy": true,
    "depolarizing_prob": 0.08,
    "amplitude_damping_prob": 0.0
  },
  "energies": [
    1.19031600392655,
    1.19031600392655,
    1.1903151787140558,
    1.1903134166711922,
    1.190310411672602,
    1.1903056264973373,
    1.1902982082500995,
    1.1902868448420298,
    1.1902695395341674,
    1.1902432655650024,
    1.1902034414925282,
    1.1901431366701825,
    1.1900518695634714,
    1.1899137914676383,
    1.18970494255125,
    1.1893891091309876,
    1.1889115753746853,
    1.188189711722907,
    1.187098828911803,
    1.1854509837922893,
    1.1829633812458666,
    1.1792116200274365,
    1.1735613221181396,
    1.165069995883025,
    1.1523503627572862,
    1.1333895334529047,
    1.1053314191425059,
    1.0642646791346209,
    1.0051353917872603,
    0.922044622060002,
    0.809385607763017,
    0.6643812504537427,
    0.4911741092340087,
    0.3050670557092458,
    0.13301542942221997,
    0.005956381409377348,
    -0.055733251836820596,
    -0.05345952259712358,
    -0.00852208745096164,
    0.050294676929069,
    0.09862831408012916,
    0.12142736621837448,
    0.11220642052797955,
    0.0705803384584405,
    0.0003537455643748133,
    -0.09158328662941842,
    -0.19621840295134535,
    -0.3037859951434222,
    -0.4054171059690755,
    -0.4943925161802777,
    -0.5664692852059336
  ],
  "final_params": [
    3.102766661538029,
    -2.49112291073074,
    0.0017204696306310418,
    -0.0005126879719907903
  ],
  "final_state_real": [
    [
      0.006952194501470216,
      -1.681750140312069e-06,
      1.9040758931927015e-06,
      4.60599914253588e-10,
      0.012836722300194758,
      -3.1052300284477243e-06,
      -1.0420480312043882e-05,
      -2.5207358358813418e-09,
      0.0007577334187332646,
      -1.8329727153121577e-07,
      1.8231450010749716e-06,
      4.4102256331754534e-10,
      0.004202732271320036,
      -1.0166497447897021e-06,
      -3.411656641463486e-06,
      -8.252868292376053e-10
    ],
    [
      -1.681750140312069e-06,
      0.0003916733850547105,
      -4.60599914253588e-10,
      1.0727175658270464e-07,
      -3.1052300284477243e-06,
      0.0007231964633989047,
      2.5207358358813418e-09,
      -5.870686307750594e-07,
      -1.8329727153121582e-07,
      4.268925632353549e-05,
      -4.4102256331754534e-10,
      1.0271227500410159e-07,
      -1.0166497447897021e-06,
      0.00023677392438293865,
      8.252868292376055e-10,
      -1.9220578449380134e-07
    ],
    [
      1.9040758931927015e-06,
      -4.60599914253588e-10,
      0.00039167805798507097,
      -9.47452462258051e-08,
      1.0420480312043882e-05,
      -2.5207358358813418e-09,
      0.0007231861534666211,
      -1.749448274040844e-07,
      1.8231450010749716e-06,
      -4.4102256331754534e-10,
      4.2689765635450876e-05,
      -1.0326471636577783e-08,
      3.411656641463486e-06,
      -8.252868292376053e-10,
      0.0002367705489196303,
      -5.727679189729796e-08
    ],
    [
      4.605999142535884e-10,
      1.0727175658270467e-07,
      -9.47452462258051e-08,
      2.206639512030706e-05,
      2.5207358358813418e-09,
      5.870686307750594e-07,
      -1.749448274040844e-07,
      4.074292925680747e-05,
      4.4102256331754534e-10,
      1.0271227500410159e-07,
      -1.0326471636577787e-08,
      2.405060015235958e-06,
      8.252868292376055e-10,
      1.9220578449380134e-07,
      -5.727679189729796e-08,
      1.3339201363972485e-05
    ],
    [
      0.012836722300194751,
      -3.1052300284477243e-06,
      1.0420480312043882e-05,
      2.5207358358813414e-09,
      0.041145591356077635,
      -9.953203124808033e-06,
      -3.29755789633299e-05,
      -7.976861057520376e-09,
      -0.004202732271320036,
      1.0166497447897021e-06,
      -3.411656641463486e-06,
      -8.252868292376053e-10,
      -0.013122742781379208,
      3.174418452935485e-06,
      1.079002884358929e-05,
      2.610130393393933e-09
    ],
    [
      -3.1052300284477243e-06,
      0.0007231964633989043,
      -2.5207358358813414e-09,
      5.870686307750594e-07,
      -9.953203124808033e-06,
      0.0023180641800376427,
      7.976861057520376e-09,
      -1.85777693650475e-06,
      1.0166497447897021e-06,
      -0.00023677392438293865,
      8.252868292376055e-10,
      -1.9220578449380134e-07,
      3.174418452935485e-06,
      -0.000739310312060187,
      -2.610130393393933e-09,
      6.078882421483037e-07
    ],
    [
      -1.0420480312043882e-05,
      2.5207358358813414e-09,
      0.0007231861534666207,
      -1.749448274040844e-07,
      -3.29755789633299e-05,
      7.976861057520376e-09,
      0.002318091836122784,
      -5.607364959817404e-07,
      3.411656641463486e-06,
      -8.252868292376053e-10,
      -0.0002367705489196303,
      5.727679189729796e-08,
      1.079002884358929e-05,
      -2.610130393393933e-09,
      -0.0007393191325359581,
      1.7883813459429948e-07
    ],
    [
      -2.5207358358813414e-09,
      -5.870686307750594e-07,
      -1.749448274040844e-07,
      4.0742929256807445e-05,
      -7.976861057520376e-09,
      -1.85777693650475e-06,
      -5.607364959817404e-07,
      0.00013059687500542377,
      8.252868292376055e-10,
      1.9220578449380134e-07,
      5.727679189729796e-08,
      -1.3339201363972485e-05,
      2.610130393393933e-09,
      6.078882421483037e-07,
      1.7883813459429948e-07,
      -4.1651830542835595e-05
    ],
    [
      0.0007577334187332646,
      -1.8329727153121577e-07,
      1.8231450010749716e-06,
      4.4102256331754534e-10,
      -0.004202732271320036,
      1.0166497447897021e-06,
      3.411656641463486e-06,
      8.252868292376053e-10,
      0.12258386148952556,
      -2.9653288068452053e-05,
      3.3573424262988956e-05,
      8.121481077522902e-09,
      0.22938178099553222,
      -5.5487933575951834e-05,
      -0.0001862055030020585,
      -4.5043498015451464e-08
    ],
    [
      -1.8329727153121582e-07,
      4.268925632353549e-05,
      -4.4102256331754534e-10,
      1.0271227500410159e-07,
      1.0166497447897021e-06,
      -0.00023677392438293865,
      -8.252868292376055e-10,
      1.9220578449380134e-07,
      -2.9653288068452053e-05,
      0.006906141071359083,
      -8.121481077522907e-09,
      1.8914583226766025e-06,
      -5.5487933575951834e-05,
      0.012922932264538752,
      4.5043498015451464e-08,
      -1.0490438676214768e-05
    ],
    [
      1.8231450010749716e-06,
      -4.4102256331754534e-10,
      4.2689765635450876e-05,
      -1.0326471636577783e-08,
      -3.411656641463486e-06,
      8.252868292376053e-10,
      -0.0002367705489196303,
      5.727679189729796e-08,
      3.357342426298896e-05,
      -8.121481077522907e-09,
      0.00690622346632774,
      -1.6705859045915588e-06,
      0.0001862055030020585,
      -4.5043498015451464e-08,
      0.01292274803443906,
      -3.1261216958238662e-06
    ],
    [
      4.4102256331754534e-10,
      1.0271227500410159e-07,
      -1.0326471636577787e-08,
      2.405060015235958e-06,
      -8.252868292376055e-10,
      -1.9220578449380134e-07,
      5.727679189729796e-08,
      -1.3339201363972485e-05,
      8.121481077522907e-09,
      1.891458322676603e-06,
      -1.6705859045915588e-06,
      0.0003890834645706224,
      4.5043498015451464e-08,
      1.0490438676214768e-05,
      -3.1261216958238662e-06,
      0.0007280429892730236
    ],
    [
      0.004202732271320036,
      -1.0166497447897021e-06,
      3.411656641463486e-06,
      8.252868292376053e-10,
      -0.013122742781379208,
      3.174418452935485e-06,
      1.079002884358929e-05,
      2.610130393393933e-09,
      0.22938178099553214,
      -5.548793357595182e-05,
      0.00018620550300205849,
      4.504349801545145e-08,
      0.7254954490458231,
      -0.00017549884039788573,
      -0.000581438537619007,
      -1.4065119018023448e-07
    ],
    [
      -1.0166497447897021e-06,
      0.00023677392438293865,
      -8.252868292376055e-10,
      1.9220578449380134e-07,
      3.174418452935485e-06,
      -0.000739310312060187,
      -2.610130393393933e-09,
      6.078882421483037e-07,
      -5.548793357595182e-05,
      0.012922932264538747,
      -4.504349801545145e-08,
      1.0490438676214768e-05,
      -0.00017549884039788573,
      0.040873030567466516,
      1.4065119018023448e-07,
      -3.275706262458182e-05
    ],
    [
      -3.411656641463486e-06,
      8.252868292376053e-10,
      0.0002367705489196303,
      -5.727679189729796e-08,
      1.079002884358929e-05,
      -2.610130393393933e-09,
      -0.0007393191325359581,
      1.7883813459429948e-07,
      -0.00018620550300205849,
      4.504349801545145e-08,
      0.012922748034439057,
      -3.1261216958238654e-06,
      -0.000581438537619007,
      1.4065119018023448e-07,
      0.040873518210571065,
      -9.887129156270203e-06
    ],
    [
      -8.252868292376055e-10,
      -1.9220578449380134e-07,
      -5.727679189729796e-08,
      1.3339201363972485e-05,
      2.610130393393933e-09,
      6.078882421483037e-07,
      1.7883813459429948e-07,
      -4.1651830542835595e-05,
      -4.504349801545145e-08,
      -1.0490438676214768e-05,
      -3.1261216958238654e-06,
      0.0007280429892730232,
      -1.4065119018023448e-07,
      -3.275706262458182e-05,
      -9.887129156270203e-06,
      0.002302736097680266
    ]
  ],
  "final_state_imag": [
    [
      0.0,
      0.0,
      0.0,
      0.0,
      0.0,
      0.0,
      0.0,
      0.0,
      0.0,
      0.0,
      0.0,
      0.0,
      0.0,
      0.0,
      0.0,
      0.0
    ],
    [
      0.0,
      0.0,
      0.0,
      0.0,
      0.0,
      0.0,
      0.0,
      0.0,
      0.0,
      0.0,
      0.0,
      0.0,
      0.0,
      0.0,
      0.0,
      0.0
    ],
    [
      0.0,
      0.0,
      0.0,
      0.0,
      0.0,
      0.0,
      0.0,
      0.0,
      0.0,
      0.0,
      0.0,
      0.0,
      0.0,
      0.0,
      0.0,
      0.0
    ],
    [
      0.0,
      0.0,
      0.0,
      0.0,
      0.0,
      0.0,
      0.0,
      0.0,
      0.0,
      0.0,
      0.0,
      0.0,
      0.0,
      0.0,
      0.0,
      0.0
    ],
    [
      0.0,
      0.0,
      0.0,
      0.0,
      0.0,
      0.0,
      0.0,
      0.0,
      0.0,
      0.0,
      0.0,
      0.0,
      0.0,
      0.0,
      0.0,
      0.0
    ],
    [
      0.0,
      0.0,
      0.0,
      0.0,
      0.0,
      0.0,
      0.0,
      0.0,
      0.0,
      0.0,
      0.0,
      0.0,
      0.0,
      0.0,
      0.0,
      0.0
    ],
    [
      0.0,
      0.0,
      0.0,
      0.0,
      0.0,
      0.0,
      0.0,
      0.0,
      0.0,
      0.0,
      0.0,
      0.0,
      0.0,
      0.0,
      0.0,
      0.0
    ],
    [
      0.0,
      0.0,
      0.0,
      0.0,
      0.0,
      0.0,
      0.0,
      0.0,
      0.0,
      0.0,
      0.0,
      0.0,
      0.0,
      0.0,
      0.0,
      0.0
    ],
    [
      0.0,
      0.0,
      0.0,
      0.0,
      0.0,
      0.0,
      0.0,
      0.0,
      0.0,
      0.0,
      0.0,
      0.0,
      0.0,
      0.0,
      0.0,
      0.0
    ],
    [
      0.0,
      0.0,
      0.0,
      0.0,
      0.0,
      0.0,
      0.0,
      0.0,
      0.0,
      0.0,
      0.0,
      0.0,
      0.0,
      0.0,
      0.0,
      0.0
    ],
    [
      0.0,
      0.0,
      0.0,
      0.0,
      0.0,
      0.0,
      0.0,
      0.0,
      0.0,
      0.0,
      0.0,
      0.0,
      0.0,
      0.0,
      0.0,
      0.0
    ],
    [
      0.0,
      0.0,
      0.0,
      0.0,
      0.0,
      0.0,
      0.0,
      0.0,
      0.0,
      0.0,
      0.0,
      0.0,
      0.0,
      0.0,
      0.0,
      0.0
    ],
    [
      0.0,
      0.0,
      0.0,
      0.0,
      0.0,
      0.0,
      0.0,
      0.0,
      0.0,
      0.0,
      0.0,
      0.0,
      0.0,
      0.0,
      0.0,
      0.0
    ],
    [
      0.0,
      0.0,
      0.0,
      0.0,
      0.0,
      0.0,
      0.0,
      0.0,
      0.0,
      0.0,
      0.0,
      0.0,
      0.0,
      0.0,
      0.0,
      0.0
    ],
    [
      0.0,
      0.0,
      0.0,
      0.0,
      0.0,
      0.0,
      0.0,
      0.0,
      0.0,
      0.0,
      0.0,
      0.0,
      0.0,
      0.0,
      0.0,
      0.0
    ],
    [
      0.0,
      0.0,
      0.0,
      0.0,
      0.0,
      0.0,
      0.0,
      0.0,
      0.0,
      0.0,
      0.0,
      0.0,
      0.0,
      0.0,
      0.0,
      0.0
    ]
  ]
}