{
  "config": {
    "symbols": [
      "H",
      "H"
    ],
    "geometry": [
      [
        0.0,
        0.0,
        0.0
      ],
      [
        0.0,
        0.0,
        0.7414
      ]
    ],
    "basis": "STO-3G",
    "ansatz": "RY-CZ",
    "optimizer": {
      "name": "Adagrad",
      "stepsize": 0.1,
      "iterations_planned": 50
    },
    "seed": 4,
    "noisy": true,
    "depolarizing_prob": 0.02,
    "amplitude_damping_prob": 0.0
  },
  "energies": [
    1.3069843251091298,
    1.3069843251091298,
    1.2989954177806649,
    1.2765270512299716,
    1.2453801396656268,
    1.2103518041481027,
    1.1734336981176845,
    1.1348414393692234,
    1.0948273687100745,
    1.054019741183662,
    1.01301445557149,
    0.9722710405273055,
    0.9321030454137769,
    0.8926939715053336,
    0.8541295763033487,
    0.8164378272353083,
    0.7796228632274627,
    0.7436829048995068,
    0.7086143229707351,
    0.6744107160882411,
    0.6410623943683841,
    0.6085568566814978,
    0.5768794821763624,
    0.5460140784751595,
    0.5159432925798051,
    0.4866489417035734,
    0.45811228938172,
    0.4303142726051432,
    0.4032356836692418,
    0.37685731445649684,
    0.3511600691050402,
    0.3261250532136276,
    0.3017336417849657,
    0.2779675325054106,
    0.2548087860622773,
    0.23223985546611609,
    0.21024360857170285,
    0.18880334235194085,
    0.16790279289729035,
    0.14752614023404342,
    0.1276580102026741,
    0.10828347307565814,
    0.08938804043645085,
    0.07095765918383894,
    0.052978705357825034,
    0.03543797582077868,
    0.018322679712321738,
    0.001620428801623025,
    -0.014680772242883527,
    -0.030592536381721047,
    -0.04612610468398681
  ],
  "final_params": [
    1.6862541049230948,
    -1.6867242972842802,
    -4.174972461492828e-08,
    -2.6303163036179884e-08
  ],
  "final_state_real": [
    [
      0.191759929548458,
      -2.4878659893413166e-09,
      -3.816479849127576e-09,
      -4.9514465498651544e-17,
      -0.2019164491062665,
      2.619635226206656e-09,
      -4.158018909560671e-09,
      -5.394554458010462e-17,
      0.20181758092331037,
      -2.6183525244952847e-09,
      -4.300148006984513e-09,
      -5.578950722865786e-17,
      0.22749827802325676,
      -2.9515302277202307e-09,
      4.684819617718977e-09,
      6.078018186889636e-17
    ],
    [
      -2.4878659893413166e-09,
      0.002591350399307379,
      4.951446549865155e-17,
      -5.157405201531366e-11,
      2.619635226206656e-09,
      -0.0027286006636022945,
      5.394554458010462e-17,
      -5.618944472387582e-11,
      -2.6183525244952847e-09,
      0.002727264607075859,
      5.578950722865786e-17,
      -5.811010820257923e-11,
      -2.9515302277202307e-09,
      0.003074301054372953,
      -6.078018186889636e-17,
      6.33083732125121e-11
    ],
    [
      -3.816479849127577e-09,
      4.9514465498651556e-17,
      0.0025913503993074296,
      -3.3619810666823543e-11,
      4.158018909560671e-09,
      -5.394554458010463e-17,
      -0.002728600663602172,
      3.540047602987353e-11,
      -4.300148006984514e-09,
      5.578950722865787e-17,
      0.0027272646070759118,
      -3.538314222296081e-11,
      -4.684819617718977e-09,
      6.078018186889636e-17,
      0.0030743010543728137,
      -3.988554361790164e-11
    ],
    [
      -4.951446549865156e-17,
      -5.157405201531366e-11,
      -3.3619810666823543e-11,
      3.5018248639342184e-05,
      5.394554458010463e-17,
      5.618944472387582e-11,
      3.540047602987353e-11,
      -3.6872981940625276e-05,
      -5.578950722865787e-17,
      -5.811010820257923e-11,
      -3.538314222296081e-11,
      3.685492712270281e-05,
      -6.078018186889636e-17,
      -6.33083732125121e-11,
      -3.988554361790164e-11,
      4.154460884293827e-05
    ],
    [
      -0.20191644910626652,
      2.6196352262066563e-09,
      4.158018909560672e-09,
      5.394554458010463e-17,
      0.2404160212151628,
      -3.119123186384033e-09,
      4.845894593007918e-09,
      6.286994563601375e-17,
      -0.22749827802325676,
      2.9515302277202307e-09,
      4.684819617718977e-09,
      6.078018186889636e-17,
      -0.2562536061585049,
      3.324597755688606e-09,
      -5.391243503843071e-09,
      -6.994522466216845e-17
    ],
    [
      2.619635226206656e-09,
      -0.002728600663602295,
      -5.394554458010463e-17,
      5.618944472387583e-11,
      -3.119123186384033e-09,
      0.003248865151561135,
      -6.286994563601375e-17,
      6.548506206777127e-11,
      2.9515302277202307e-09,
      -0.003074301054372953,
      -6.078018186889636e-17,
      6.33083732125121e-11,
      3.3245977556886063e-09,
      -0.0034628865697147273,
      6.994522466216845e-17,
      -7.285464194393286e-11
    ],
    [
      -4.158018909560672e-09,
      5.394554458010463e-17,
      -0.002728600663602172,
      3.540047602987353e-11,
      4.845894593007918e-09,
      -6.286994563601375e-17,
      0.0032488651515611973,
      -4.215031332957538e-11,
      -4.684819617718977e-09,
      6.078018186889636e-17,
      -0.0030743010543728137,
      3.988554361790164e-11,
      -5.39124350384307e-09,
      6.994522466216844e-17,
      -0.0034628865697147945,
      4.4926996698560145e-11
    ],
    [
      -5.394554458010463e-17,
      -5.618944472387583e-11,
      3.540047602987353e-11,
      -3.6872981940625276e-05,
      6.286994563601375e-17,
      6.548506206777127e-11,
      -4.215031332957538e-11,
      4.3903583129271334e-05,
      -6.078018186889636e-17,
      -6.33083732125121e-11,
      3.988554361790164e-11,
      -4.154460884293827e-05,
      -6.994522466216844e-17,
      -7.285464194393286e-11,
      4.4926996698560145e-11,
      -4.679576445567563e-05
    ],
    [
      0.20181758092331037,
      -2.6183525244952847e-09,
      -4.300148006984513e-09,
      -5.578950722865786e-17,
      -0.22749827802325676,
      2.9515302277202307e-09,
      -4.684819617718977e-09,
      -6.078018186889636e-17,
      0.2401947448185092,
      -3.1162523779582318e-09,
      -4.780448165707785e-09,
      -6.202085301803405e-17,
      0.25612970877218855,
      -3.322990328660914e-09,
      5.27442007369362e-09,
      6.842957413334635e-17
    ],
    [
      -2.6183525244952847e-09,
      0.002727264607075859,
      5.578950722865786e-17,
      -5.811010820257923e-11,
      2.9515302277202307e-09,
      -0.003074301054372953,
      6.078018186889636e-17,
      -6.33083732125121e-11,
      -3.1162523779582318e-09,
      0.00324587492998473,
      6.202085301803405e-17,
      -6.460065088803843e-11,
      -3.322990328660914e-09,
      0.00346121228071045,
      -6.842957413334635e-17,
      7.127594694191092e-11
    ],
    [
      -4.300148006984514e-09,
      5.578950722865787e-17,
      0.0027272646070759118,
      -3.538314222296081e-11,
      4.684819617718977e-09,
      -6.078018186889636e-17,
      -0.0030743010543728137,
      3.988554361790164e-11,
      -4.780448165707786e-09,
      6.202085301803406e-17,
      0.003245874929984793,
      -4.2111518621118556e-11,
      -5.274420073693619e-09,
      6.842957413334633e-17,
      0.003461212280710294,
      -4.490527471170231e-11
    ],
    [
      -5.578950722865787e-17,
      -5.811010820257923e-11,
      -3.538314222296081e-11,
      3.685492712270281e-05,
      6.078018186889636e-17,
      6.33083732125121e-11,
      3.988554361790164e-11,
      -4.154460884293827e-05,
      -6.202085301803405e-17,
      -6.460065088803843e-11,
      -4.2111518621118556e-11,
      4.386317472959012e-05,
      -6.842957413334633e-17,
      -7.127594694191092e-11,
      -4.490527471170231e-11,
      4.677313892858775e-05
    ],
    [
      0.22749827802325676,
      -2.9515302277202307e-09,
      -4.684819617718977e-09,
      -6.078018186889636e-17,
      -0.2562536061585049,
      3.324597755688606e-09,
      -5.391243503843071e-09,
      -6.994522466216845e-17,
      0.25612970877218855,
      -3.322990328660914e-09,
      -5.27442007369362e-09,
      -6.842957413334635e-17,
      0.30114041552911935,
      -3.90695282155746e-09,
      6.069872980897168e-09,
      7.874966675443948e-17
    ],
    [
      -2.9515302277202307e-09,
      0.003074301054372953,
      6.078018186889636e-17,
      -6.33083732125121e-11,
      3.3245977556886063e-09,
      -0.0034628865697147273,
      6.994522466216845e-17,
      -7.285464194393286e-11,
      -3.322990328660914e-09,
      0.00346121228071045,
      6.842957413334635e-17,
      -7.127594694191092e-11,
      -3.90695282155746e-09,
      0.004069465074723942,
      -7.874966675443948e-17,
      8.202531055278555e-11
    ],
    [
      4.684819617718977e-09,
      -6.078018186889636e-17,
      0.0030743010543728137,
      -3.988554361790164e-11,
      -5.39124350384307e-09,
      6.994522466216844e-17,
      -0.0034628865697147945,
      4.4926996698560145e-11,
      5.274420073693619e-09,
      -6.842957413334633e-17,
      0.003461212280710294,
      -4.490527471170231e-11,
      6.069872980897167e-09,
      -7.874966675443948e-17,
      0.00406946507472402,
      -5.279665975085341e-11
    ],
    [
      6.078018186889636e-17,
      6.33083732125121e-11,
      -3.988554361790164e-11,
      4.154460884293827e-05,
      -6.994522466216844e-17,
      -7.285464194393286e-11,
      4.4926996698560145e-11,
      -4.679576445567563e-05,
      6.842957413334633e-17,
      7.127594694191092e-11,
      -4.490527471170231e-11,
      4.677313892858775e-05,
      7.874966675443948e-17,
      8.202531055278553e-11,
      -5.279665975085341e-11,
      5.499277128013693e-05
    ]
  ],
  "final_state_imag": [
    [
      0.0,
      0.0,
      0.0,
      0.0,
      0.0,
      0.0,
      0.0,
      0.0,
      0.0,
      0.0,
      0.0,
      0.0,
      0.0,
      0.0,
      0.0,
      0.0
    ],
    [
      0.0,
      0.0,
      0.0,
      0.0,
      0.0,
      0.0,
      0.0,
      0.0,
      0.0,
      0.0,
      0.0,
      0.0,
      0.0,
      0.0,
      0.0,
      0.0
    ],
    [
      0.0,
      0.0,
      0.0,
      0.0,
      0.0,
      0.0,
      0.0,
      0.0,
      0.0,
      0.0,
      0.0,
      0.0,
      0.0,
      0.0,
      0.0,
      0.0
    ],
    [
      0.0,
      0.0,
      0.0,
      0.0,
      0.0,
      0.0,
      0.0,
      0.0,
      0.0,
      0.0,
      0.0,
      0.0,
      0.0,
      0.0,
      0.0,
      0.0
    ],
    [
      0.0,
      0.0,
      0.0,
      0.0,
      0.0,
      0.0,
      0.0,
      0.0,
      0.0,
      0.0,
      0.0,
      0.0,
      0.0,
      0.0,
      0.0,
      0.0
    ],
    [
      0.0,
      0.0,
      0.0,
      0.0,
      0.0,
      0.0,
      0.0,
      0.0,
      0.0,
      0.0,
      0.0,
      0.0,
      0.0,
      0.0,
      0.0,
      0.0
    ],
    [
      0.0,
      0.0,
      0.0,
      0.0,
      0.0,
      0.0,
      0.0,
      0.0,
      0.0,
      0.0,
      0.0,
      0.0,
      0.0,
      0.0,
      0.0,
      0.0
    ],
    [
      0.0,
      0.0,
      0.0,
      0.0,
      0.0,
      0.0,
      0.0,
      0.0,
      0.0,
      0.0,
      0.0,
      0.0,
      0.0,
      0.0,
      0.0,
      0.0
    ],
    [
      0.0,
      0.0,
      0.0,
      0.0,
      0.0,
      0.0,
      0.0,
      0.0,
      0.0,
      0.0,
      0.0,
      0.0,
      0.0,
      0.0,
      0.0,
      0.0
    ],
    [
      0.0,
      0.0,
      0.0,
      0.0,
      0.0,
      0.0,
      0.0,
      0.0,
      0.0,
      0.0,
      0.0,
      0.0,
      0.0,
      0.0,
      0.0,
      0.0
    ],
    [
      0.0,
      0.0,
      0.0,
      0.0,
      0.0,
      0.0,
      0.0,
      0.0,
      0.0,
      0.0,
      0.0,
      0.0,
      0.0,
      0.0,
      0.0,
      0.0
    ],
    [
      0.0,
      0.0,
      0.0,
      0.0,
      0.0,
      0.0,
      0.0,
      0.0,
      0.0,
      0.0,
      0.0,
      0.0,
      0.0,
      0.0,
      0.0,
      0.0
    ],
    [
      0.0,
      0.0,
      0.0,
      0.0,
      0.0,
      0.0,
      0.0,
      0.0,
      0.0,
      0.0,
      0.0,
      0.0,
      0.0,
      0.0,
      0.0,
      0.0
    ],
    [
      0.0,
      0.0,
      0.0,
      0.0,
      0.0,
      0.0,
      0.0,
      0.0,
      0.0,
      0.0,
      0.0,
      0.0,
      0.0,
      0.0,
      0.0,
      0.0
    ],
    [
      0.0,
      0.0,
      0.0,
      0.0,
      0.0,
      0.0,
      0.0,
      0.0,
      0.0,
      0.0,
      0.0,
      0.0,
      0.0,
      0.0,
      0.0,
      0.0
    ],
    [
      0.0,
      0.0,
      0.0,
      0.0,
      0.0,
      0.0,
      0.0,
      0.0,
      0.0,
      0.0,
      0.0,
      0.0,
      0.0,
      0.0,
      0.0,
      0.0
    ]
  ]
}