{
  "config": {
    "symbols": [
      "H",
      "H"
    ],
    "geometry": [
      [
        0.0,
        0.0,
        0.0
      ],
      [
        0.0,
        0.0,
        0.7414
      ]
    ],
    "basis": "STO-3G",
    "ansatz": "RY-CZ",
    "optimizer": {
      "name": "Adam",
      "stepsize": 0.1,
      "iterations_planned": 50
    },
    "seed": 2,
    "noisy": true,
    "depolarizing_prob": 0.1,
    "amplitude_damping_prob": 0.0
  },
  "energies": [
    1.1542072970708643,
    1.1542072970708643,
    1.1471661720383635,
    1.1328767581953256,
    1.109565715667988,
    1.0768524573725533,
    1.0345644397320788,
    0.983067286803073,
    0.9227427046399959,
    0.8538514807030015,
    0.7773402210307058,
    0.6941652201054628,
    0.605147533425562,
    0.5118292287171197,
    0.41541834358391655,
    0.31731252674136806,
    0.2192298566001162,
    0.12233274640445232,
    0.028318713157466313,
    -0.061721048028590825,
    -0.14656282781765045,
    -0.22525999635828559,
    -0.2971952405924166,
    -0.3617437910937431,
    -0.41882976015845785,
    -0.46823497397149205,
    -0.5102909624239486,
    -0.5451413634058885,
    -0.5733779726801381,
    -0.5953964611076962,
    -0.6119211942665457,
    -0.6234899422234454,
    -0.6308667036370501,
    -0.6346459306045553,
    -0.6355664179847413,
    -0.634213027167206,
    -0.6312478657025573,
    -0.627189343302181,
    -0.6225786253606267,
    -0.6178208113649125,
    -0.6133047452254963,
    -0.6092938055999633,
    -0.6060147952684021,
    -0.6035859072326318,
    -0.6020866688234066,
    -0.6015101680440404,
    -0.6018225584863196,
    -0.6029273143831675,
    -0.604720301387814,
    -0.6070560269464496,
    -0.6098024027700689
  ],
  "final_params": [
    -3.4116098413073197,
    3.4146176476301453,
    -0.0032402846230370113,
    0.002309918452652616
  ],
  "final_state_real": [
    [
      0.005935092480415457,
      6.3651618120536845e-06,
      5.197127322414987e-06,
      -5.573725292847984e-09,
      0.004941683164957704,
      5.2997719348792995e-06,
      7.434362897153195e-06,
      -7.973077037646728e-09,
      -0.004847968306644321,
      -5.199262325452247e-06,
      -1.2530295099268538e-05,
      1.3438274336752049e-08,
      0.011765503646386502,
      1.2618066343671171e-05,
      1.770024925824339e-05,
      -1.8982857424886314e-08
    ],
    [
      6.365161812053686e-06,
      0.00042394305378878384,
      5.573725292847984e-09,
      3.7121648292798326e-07,
      5.2997719348792995e-06,
      0.00035298392716235185,
      7.973077037646728e-09,
      5.310160548864722e-07,
      -5.199262325452247e-06,
      -0.0003462898843399596,
      -1.3438274336752049e-08,
      -8.950044492346182e-07,
      1.2618066343671171e-05,
      0.0008404087319062315,
      1.8982857424886314e-08,
      1.264280027979098e-06
    ],
    [
      5.1971273224149856e-06,
      5.573725292847984e-09,
      0.0004239506765066645,
      4.5463779269211394e-07,
      -7.434362897153195e-06,
      -7.97307703764673e-09,
      0.0003529644638484489,
      3.785689784173058e-07,
      -1.2530295099268538e-05,
      -1.3438274336752049e-08,
      -0.0003462961108132317,
      -3.7136230265106425e-07,
      -1.7700249258243386e-05,
      -1.8982857424886314e-08,
      0.0008403623922921662,
      9.013234048597178e-07
    ],
    [
      -5.573725292847985e-09,
      3.712164829279832e-07,
      4.5463779269211405e-07,
      3.0282753815063558e-05,
      7.97307703764673e-09,
      -5.310160548864722e-07,
      3.785689784173058e-07,
      2.5212215846105504e-05,
      1.3438274336752049e-08,
      -8.950044492346182e-07,
      -3.7136230265106425e-07,
      -2.4735896065273078e-05,
      1.8982857424886314e-08,
      -1.2642800279790976e-06,
      9.013234048597178e-07,
      6.002700043060665e-05
    ],
    [
      0.004941683164957704,
      5.2997719348792995e-06,
      -7.434362897153195e-06,
      7.97307703764673e-09,
      0.06581626416550318,
      7.058544962200368e-05,
      9.874865994665422e-05,
      -1.0590425622356197e-07,
      -0.011765503646386502,
      -1.2618066343671171e-05,
      1.770024925824339e-05,
      -1.8982857424886314e-08,
      -0.09211442091869361,
      -9.878922633570574e-05,
      -0.0001389527147296346,
      1.4902160608190938e-07
    ],
    [
      5.2997719348792995e-06,
      0.00035298392716235185,
      -7.97307703764673e-09,
      -5.310160548864722e-07,
      7.058544962200368e-05,
      0.004701249072590619,
      1.0590425622356197e-07,
      7.053344658528523e-06,
      -1.2618066343671171e-05,
      -0.0008404087319062315,
      1.8982857424886314e-08,
      1.264280027979098e-06,
      -9.878922633570574e-05,
      -0.006579723741646366,
      -1.4902160608190938e-07,
      -9.925009501453114e-06
    ],
    [
      7.434362897153195e-06,
      7.97307703764673e-09,
      0.0003529644638484489,
      3.785689784173059e-07,
      9.874865994665419e-05,
      1.0590425622356197e-07,
      0.004701333603508267,
      5.041633498076658e-06,
      -1.7700249258243386e-05,
      -1.8982857424886314e-08,
      -0.0008403623922921662,
      -9.013234048597178e-07,
      -0.0001389527147296346,
      -1.4902160608190938e-07,
      -0.006579842048521233,
      -7.0561153241972115e-06
    ],
    [
      -7.97307703764673e-09,
      5.310160548864722e-07,
      3.785689784173059e-07,
      2.5212215846105504e-05,
      -1.0590425622356197e-07,
      7.053344658528521e-06,
      5.041633498076658e-06,
      0.00033581578237035415,
      1.8982857424886314e-08,
      -1.2642800279790976e-06,
      -9.013234048597178e-07,
      -6.002700043060665e-05,
      1.4902160608190938e-07,
      -9.925009501453114e-06,
      -7.0561153241972115e-06,
      -0.00046999745003176006
    ],
    [
      -0.004847968306644321,
      -5.199262325452247e-06,
      -1.2530295099268538e-05,
      1.3438274336752049e-08,
      -0.011765503646386502,
      -1.2618066343671171e-05,
      -1.770024925824339e-05,
      1.8982857424886314e-08,
      0.06612077156710906,
      7.091202227282344e-05,
      5.789936207809989e-05,
      -6.209490721203079e-08,
      0.09315605457668345,
      9.990641389365908e-05,
      0.00014014575452774933,
      -1.5030109678621566e-07
    ],
    [
      -5.199262325452247e-06,
      -0.0003462898843399596,
      -1.3438274336752049e-08,
      -8.950044492346182e-07,
      -1.2618066343671171e-05,
      -0.0008404087319062315,
      -1.8982857424886314e-08,
      -1.264280027979098e-06,
      7.091202227282344e-05,
      0.004723000005396482,
      6.209490721203079e-08,
      4.13559188009631e-06,
      9.990641389365908e-05,
      0.006654127528167732,
      1.5030109678621566e-07,
      1.0010225046575351e-05
    ],
    [
      -1.2530295099268538e-05,
      -1.3438274336752049e-08,
      -0.0003462961108132317,
      -3.7136230265106425e-07,
      1.7700249258243386e-05,
      1.8982857424886314e-08,
      -0.0008403623922921662,
      -9.013234048597178e-07,
      5.789936207809989e-05,
      6.209490721203079e-08,
      0.00472308492740728,
      5.0649592631563664e-06,
      -0.00014014575452774933,
      -1.5030109678621566e-07,
      0.0066537606237200625,
      7.1364333238842345e-06
    ],
    [
      1.3438274336752049e-08,
      -8.950044492346182e-07,
      -3.7136230265106425e-07,
      -2.4735896065273078e-05,
      -1.8982857424886314e-08,
      1.2642800279790976e-06,
      -9.013234048597178e-07,
      -6.002700043060665e-05,
      -6.209490721203079e-08,
      4.13559188009631e-06,
      5.0649592631563664e-06,
      0.0003373694772298908,
      1.5030109678621566e-07,
      -1.0010225046575351e-05,
      7.1364333238842345e-06,
      0.0004752774463595198
    ],
    [
      0.011765503646386502,
      1.2618066343671171e-05,
      -1.770024925824339e-05,
      1.8982857424886314e-08,
      -0.09211442091869361,
      -9.878922633570574e-05,
      -0.0001389527147296346,
      1.4902160608190938e-07,
      0.09315605457668345,
      9.990641389365908e-05,
      -0.00014014575452774933,
      1.5030109678621566e-07,
      0.7332357806803904,
      0.0007863675933978859,
      0.0011001239843248076,
      -1.1798419581243915e-06
    ],
    [
      1.2618066343671171e-05,
      0.0008404087319062315,
      -1.8982857424886314e-08,
      -1.264280027979098e-06,
      -9.878922633570574e-05,
      -0.006579723741646366,
      -1.4902160608190938e-07,
      -9.925009501453114e-06,
      9.990641389365908e-05,
      0.006654127528167732,
      -1.5030109678621566e-07,
      -1.0010225046575351e-05,
      0.0007863675933978859,
      0.05237495743066974,
      1.1798419581243917e-06,
      7.8578824591122e-05
    ],
    [
      1.7700249258243386e-05,
      1.8982857424886314e-08,
      0.0008403623922921662,
      9.013234048597178e-07,
      -0.0001389527147296346,
      -1.4902160608190938e-07,
      -0.006579842048521233,
      -7.0561153241972115e-06,
      0.00014014575452774933,
      1.5030109678621566e-07,
      0.0066537606237200625,
      7.1364333238842345e-06,
      0.0011001239843248076,
      1.1798419581243915e-06,
      0.052375899159802786,
      5.6167060235610105e-05
    ],
    [
      -1.8982857424886314e-08,
      1.2642800279790976e-06,
      9.013234048597178e-07,
      6.002700043060665e-05,
      1.4902160608190938e-07,
      -9.925009501453114e-06,
      -7.0561153241972115e-06,
      -0.00046999745003176006,
      -1.5030109678621566e-07,
      1.0010225046575351e-05,
      7.1364333238842345e-06,
      0.0004752774463595198,
      -1.1798419581243917e-06,
      7.8578824591122e-05,
      5.6167060235610105e-05,
      0.003741205163695425
    ]
  ],
  "final_state_imag": [
    [
      0.0,
      0.0,
      0.0,
      0.0,
      0.0,
      0.0,
      0.0,
      0.0,
      0.0,
      0.0,
      0.0,
      0.0,
      0.0,
      0.0,
      0.0,
      0.0
    ],
    [
      0.0,
      0.0,
      0.0,
      0.0,
      0.0,
      0.0,
      0.0,
      0.0,
      0.0,
      0.0,
      0.0,
      0.0,
      0.0,
      0.0,
      0.0,
      0.0
    ],
    [
      0.0,
      0.0,
      0.0,
      0.0,
      0.0,
      0.0,
      0.0,
      0.0,
      0.0,
      0.0,
      0.0,
      0.0,
      0.0,
      0.0,
      0.0,
      0.0
    ],
    [
      0.0,
      0.0,
      0.0,
      0.0,
      0.0,
      0.0,
      0.0,
      0.0,
      0.0,
      0.0,
      0.0,
      0.0,
      0.0,
      0.0,
      0.0,
      0.0
    ],
    [
      0.0,
      0.0,
      0.0,
      0.0,
      0.0,
      0.0,
      0.0,
      0.0,
      0.0,
      0.0,
      0.0,
      0.0,
      0.0,
      0.0,
      0.0,
      0.0
    ],
    [
      0.0,
      0.0,
      0.0,
      0.0,
      0.0,
      0.0,
      0.0,
      0.0,
      0.0,
      0.0,
      0.0,
      0.0,
      0.0,
      0.0,
      0.0,
      0.0
    ],
    [
      0.0,
      0.0,
      0.0,
      0.0,
      0.0,
      0.0,
      0.0,
      0.0,
      0.0,
      0.0,
      0.0,
      0.0,
      0.0,
      0.0,
      0.0,
      0.0
    ],
    [
      0.0,
      0.0,
      0.0,
      0.0,
      0.0,
      0.0,
      0.0,
      0.0,
      0.0,
      0.0,
      0.0,
      0.0,
      0.0,
      0.0,
      0.0,
      0.0
    ],
    [
      0.0,
      0.0,
      0.0,
      0.0,
      0.0,
      0.0,
      0.0,
      0.0,
      0.0,
      0.0,
      0.0,
      0.0,
      0.0,
      0.0,
      0.0,
      0.0
    ],
    [
      0.0,
      0.0,
      0.0,
      0.0,
      0.0,
      0.0,
      0.0,
      0.0,
      0.0,
      0.0,
      0.0,
      0.0,
      0.0,
      0.0,
      0.0,
      0.0
    ],
    [
      0.0,
      0.0,
      0.0,
      0.0,
      0.0,
      0.0,
      0.0,
      0.0,
      0.0,
      0.0,
      0.0,
      0.0,
      0.0,
      0.0,
      0.0,
      0.0
    ],
    [
      0.0,
      0.0,
      0.0,
      0.0,
      0.0,
      0.0,
      0.0,
      0.0,
      0.0,
      0.0,
      0.0,
      0.0,
      0.0,
      0.0,
      0.0,
      0.0
    ],
    [
      0.0,
      0.0,
      0.0,
      0.0,
      0.0,
      0.0,
      0.0,
      0.0,
      0.0,
      0.0,
      0.0,
      0.0,
      0.0,
      0.0,
      0.0,
      0.0
    ],
    [
      0.0,
      0.0,
      0.0,
      0.0,
      0.0,
      0.0,
      0.0,
      0.0,
      0.0,
      0.0,
      0.0,
      0.0,
      0.0,
      0.0,
      0.0,
      0.0
    ],
    [
      0.0,
      0.0,
      0.0,
      0.0,
      0.0,
      0.0,
      0.0,
      0.0,
      0.0,
      0.0,
      0.0,
      0.0,
      0.0,
      0.0,
      0.0,
      0.0
    ],
    [
      0.0,
      0.0,
      0.0,
      0.0,
      0.0,
      0.0,
      0.0,
      0.0,
      0.0,
      0.0,
      0.0,
      0.0,
      0.0,
      0.0,
      0.0,
      0.0
    ]
  ]
}