{
  "config": {
    "symbols": [
      "H",
      "H"
    ],
    "geometry": [
      [
        0.0,
        0.0,
        0.0
      ],
      [
        0.0,
        0.0,
        0.7414
      ]
    ],
    "basis": "STO-3G",
    "ansatz": "RY-CZ",
    "optimizer": {
      "name": "Adam",
      "stepsize": 0.1,
      "iterations_planned": 50
    },
    "seed": 0,
    "noisy": true,
    "depolarizing_prob": 0.1,
    "amplitude_damping_prob": 0.0
  },
  "energies": [
    1.154286324525984,
    1.154286324525984,
    1.1475467314311074,
    1.1337144691159426,
    1.1108650132439033,
    1.0786315922250578,
    1.0368384044323367,
    0.9857752695632402,
    0.9258727078884127,
    0.8574273177904501,
    0.781212790869847,
    0.6983194555678154,
    0.6095902253377946,
    0.5163293311524575,
    0.42005999153109136,
    0.3219581959934451,
    0.22373126239358365,
    0.12678894687214284,
    0.03246584910788089,
    -0.057753367876829,
    -0.14294305417242315,
    -0.22197331697011974,
    -0.29423529672612414,
    -0.3592082849951718,
    -0.4165794350702496,
    -0.46642059382068,
    -0.5087211957260851,
    -0.54395286601691,
    -0.5724027277786904,
    -0.5947126464033566,
    -0.6114134622070078,
    -0.6231883554007336,
    -0.6306932243924268,
    -0.6345997988759862,
    -0.6356088312777609,
    -0.6343137810485756,
    -0.6313946035866838,
    -0.627353607382674,
    -0.622746921526365,
    -0.6179784078455741,
    -0.613440792388407,
    -0.6094039594857599,
    -0.6060848892809264,
    -0.6036291038893067,
    -0.6020858562332314,
    -0.6014834991591932,
    -0.6017583467087936,
    -0.6028463056344786,
    -0.6046114496072186,
    -0.6069390092044966,
    -0.609671306195509
  ],
  "final_params": [
    -3.413564391945602,
    3.414235238106826,
    0.0018320652088734866,
    -0.00016059400912389436
  ],
  "final_state_real": [
    [
      0.005948233880270725,
      -4.435092132448983e-07,
      -2.9497183576913664e-06,
      -2.199354383962606e-10,
      0.0049083581061772534,
      -3.659746082147445e-07,
      -4.175059183725034e-06,
      -3.1129869382566174e-10,
      -0.004887433214502264,
      3.64414329258389e-07,
      7.130845192492943e-06,
      5.316865454145497e-10,
      0.011832422364566835,
      -8.822433175064966e-07,
      -1.0064682036285444e-05,
      -7.504378342418741e-10
    ],
    [
      -4.435092132448983e-07,
      0.00042487388674710157,
      2.199354383962606e-10,
      -2.1069414948499008e-07,
      -3.659746082147445e-07,
      0.00035059703906989897,
      3.1129869382566174e-10,
      -2.9821848634149604e-07,
      3.64414329258389e-07,
      -0.0003491024038160292,
      -5.316865454145497e-10,
      5.093460394358882e-07,
      -8.822433175064966e-07,
      0.0008451731019423248,
      7.504378342418741e-10,
      -7.189057951728346e-07
    ],
    [
      -2.9497183576913664e-06,
      2.199354383962606e-10,
      0.0004248788143844025,
      -3.167885926046708e-08,
      4.175059183725034e-06,
      -3.1129869382566174e-10,
      0.0003505929099148215,
      -2.614134897231036e-08,
      7.130845192492943e-06,
      -5.316865454145497e-10,
      -0.0003491064526645947,
      2.6029290721181673e-08,
      1.0064682036285444e-05,
      -7.504378342418741e-10,
      0.0008451631479198537,
      -6.301811634946365e-08
    ],
    [
      -2.199354383962606e-10,
      -2.1069414948499008e-07,
      -3.167885926046708e-08,
      3.0348489467227415e-05,
      3.1129869382566174e-10,
      2.9821848634149604e-07,
      -2.614134897231036e-08,
      2.504235295716163e-05,
      5.316865454145497e-10,
      5.093460394358882e-07,
      2.6029290721181673e-08,
      -2.4936177429753056e-05,
      7.504378342418741e-10,
      7.189057951728346e-07,
      -6.301811634946365e-08,
      6.036880170148594e-05
    ],
    [
      0.0049083581061772534,
      -3.659746082147445e-07,
      4.175059183725034e-06,
      3.1129869382566174e-10,
      0.06600083327748521,
      -4.921120828401739e-06,
      -5.598972921500841e-05,
      -4.174678442937376e-09,
      -0.011832422364566835,
      8.822433175064966e-07,
      -1.0064682036285444e-05,
      -7.504378342418741e-10,
      -0.09277023398620068,
      6.917087376848795e-06,
      7.912293533687736e-05,
      5.899525093688921e-09
    ],
    [
      -3.659746082147445e-07,
      0.00035059703906989897,
      -3.1129869382566174e-10,
      2.9821848634149604e-07,
      -4.921120828401739e-06,
      0.004714345657483847,
      4.174678442937376e-09,
      -3.999266013343706e-06,
      8.822433175064966e-07,
      -0.0008451731019423248,
      7.504378342418741e-10,
      -7.189057951728346e-07,
      6.917087376848795e-06,
      -0.00662644587982495,
      -5.899525093688921e-09,
      5.6516377307990855e-06
    ],
    [
      -4.175059183725034e-06,
      3.1129869382566174e-10,
      0.0003505929099148215,
      -2.614134897231036e-08,
      -5.598972921500841e-05,
      4.174678442937376e-09,
      0.004714400333909571,
      -3.515045222760885e-07,
      1.0064682036285444e-05,
      -7.504378342418741e-10,
      -0.0008451631479198537,
      6.301811634946365e-08,
      7.912293533687735e-05,
      -5.899525093688921e-09,
      -0.0066265227325638665,
      4.940718951480927e-07
    ],
    [
      -3.1129869382566174e-10,
      -2.9821848634149604e-07,
      -2.614134897231036e-08,
      2.504235295716163e-05,
      -4.174678442937376e-09,
      -3.999266013343706e-06,
      -3.515045222760885e-07,
      0.00033674291123516264,
      7.504378342418741e-10,
      7.189057951728346e-07,
      6.301811634946365e-08,
      -6.036880170148594e-05,
      5.89952509368892e-09,
      5.651637730799084e-06,
      4.940718951480927e-07,
      -0.0004733230948333682
    ],
    [
      -0.004887433214502264,
      3.64414329258389e-07,
      7.130845192492943e-06,
      5.316865454145497e-10,
      -0.011832422364566835,
      8.822433175064966e-07,
      1.0064682036285444e-05,
      7.504378342418741e-10,
      0.06606894105874266,
      -4.9261990464223066e-06,
      -3.2763467650557863e-05,
      -2.4428934383914816e-09,
      0.09300252914254258,
      -6.934409313592409e-06,
      -7.910813657168909e-05,
      -5.89842167549277e-09
    ],
    [
      3.64414329258389e-07,
      -0.0003491024038160292,
      -5.316865454145497e-10,
      5.093460394358882e-07,
      8.822433175064966e-07,
      -0.0008451731019423248,
      -7.504378342418741e-10,
      7.189057951728346e-07,
      -4.9261990464223066e-06,
      0.004719210499439128,
      2.4428934383914816e-09,
      -2.3402474791579924e-06,
      -6.934409313592409e-06,
      0.0066430383924823404,
      5.89842167549277e-09,
      -5.650580676237711e-06
    ],
    [
      7.130845192492943e-06,
      -5.316865454145497e-10,
      -0.0003491064526645947,
      2.6029290721181673e-08,
      -1.0064682036285444e-05,
      7.504378342418741e-10,
      -0.0008451631479198537,
      6.301811634946365e-08,
      -3.2763467650557863e-05,
      2.4428934383914816e-09,
      0.004719265232286716,
      -3.518672478952262e-07,
      7.910813657168909e-05,
      -5.89842167549277e-09,
      0.006642960154127044,
      -4.953207400582583e-07
    ],
    [
      5.316865454145497e-10,
      5.093460394358882e-07,
      2.6029290721181673e-08,
      -2.4936177429753056e-05,
      -7.504378342418741e-10,
      -7.189057951728346e-07,
      6.301811634946365e-08,
      -6.036880170148594e-05,
      -2.4428934383914816e-09,
      -2.3402474791579924e-06,
      -3.518672478952262e-07,
      0.0003370904040075944,
      5.89842167549277e-09,
      5.650580676237711e-06,
      -4.953207400582583e-07,
      0.0004744971964790368
    ],
    [
      0.011832422364566835,
      -8.822433175064966e-07,
      1.0064682036285444e-05,
      7.504378342418741e-10,
      -0.09277023398620068,
      6.917087376848795e-06,
      7.912293533687736e-05,
      5.899525093688921e-09,
      0.09300252914254258,
      -6.934409313592409e-06,
      7.910813657168909e-05,
      5.89842167549277e-09,
      0.7330924189281551,
      -5.4660467039306665e-05,
      -0.0006218958759625954,
      -4.636949211100615e-08
    ],
    [
      -8.822433175064966e-07,
      0.0008451731019423248,
      -7.504378342418741e-10,
      7.189057951728346e-07,
      6.917087376848795e-06,
      -0.00662644587982495,
      -5.899525093688921e-09,
      5.6516377307990855e-06,
      -6.934409313592409e-06,
      0.0066430383924823404,
      -5.89842167549277e-09,
      5.650580676237711e-06,
      -5.4660467039306665e-05,
      0.052363748911746465,
      4.636949211100615e-08,
      -4.4421130008057454e-05
    ],
    [
      -1.0064682036285444e-05,
      7.504378342418741e-10,
      0.0008451631479198537,
      -6.301811634946365e-08,
      7.912293533687735e-05,
      -5.899525093688921e-09,
      -0.0066265227325638665,
      4.940718951480927e-07,
      -7.910813657168909e-05,
      5.89842167549277e-09,
      0.006642960154127044,
      -4.953207400582583e-07,
      -0.0006218958759625954,
      4.636949211100615e-08,
      0.052364356220339435,
      -3.904273441763759e-06
    ],
    [
      -7.504378342418741e-10,
      -7.189057951728346e-07,
      -6.301811634946365e-08,
      6.036880170148594e-05,
      5.89952509368892e-09,
      5.651637730799084e-06,
      4.940718951480927e-07,
      -0.0004733230948333682,
      -5.89842167549277e-09,
      -5.650580676237711e-06,
      -4.953207400582583e-07,
      0.0004744971964790368,
      -4.636949211100615e-08,
      -4.4421130008057454e-05,
      -3.904273441763759e-06,
      0.003740311494499066
    ]
  ],
  "final_state_imag": [
    [
      0.0,
      0.0,
      0.0,
      0.0,
      0.0,
      0.0,
      0.0,
      0.0,
      0.0,
      0.0,
      0.0,
      0.0,
      0.0,
      0.0,
      0.0,
      0.0
    ],
    [
      0.0,
      0.0,
      0.0,
      0.0,
      0.0,
      0.0,
      0.0,
      0.0,
      0.0,
      0.0,
      0.0,
      0.0,
      0.0,
      0.0,
      0.0,
      0.0
    ],
    [
      0.0,
      0.0,
      0.0,
      0.0,
      0.0,
      0.0,
      0.0,
      0.0,
      0.0,
      0.0,
      0.0,
      0.0,
      0.0,
      0.0,
      0.0,
      0.0
    ],
    [
      0.0,
      0.0,
      0.0,
      0.0,
      0.0,
      0.0,
      0.0,
      0.0,
      0.0,
      0.0,
      0.0,
      0.0,
      0.0,
      0.0,
      0.0,
      0.0
    ],
    [
      0.0,
      0.0,
      0.0,
      0.0,
      0.0,
      0.0,
      0.0,
      0.0,
      0.0,
      0.0,
      0.0,
      0.0,
      0.0,
      0.0,
      0.0,
      0.0
    ],
    [
      0.0,
      0.0,
      0.0,
      0.0,
      0.0,
      0.0,
      0.0,
      0.0,
      0.0,
      0.0,
      0.0,
      0.0,
      0.0,
      0.0,
      0.0,
      0.0
    ],
    [
      0.0,
      0.0,
      0.0,
      0.0,
      0.0,
      0.0,
      0.0,
      0.0,
      0.0,
      0.0,
      0.0,
      0.0,
      0.0,
      0.0,
      0.0,
      0.0
    ],
    [
      0.0,
      0.0,
      0.0,
      0.0,
      0.0,
      0.0,
      0.0,
      0.0,
      0.0,
      0.0,
      0.0,
      0.0,
      0.0,
      0.0,
      0.0,
      0.0
    ],
    [
      0.0,
      0.0,
      0.0,
      0.0,
      0.0,
      0.0,
      0.0,
      0.0,
      0.0,
      0.0,
      0.0,
      0.0,
      0.0,
      0.0,
      0.0,
      0.0
    ],
    [
      0.0,
      0.0,
      0.0,
      0.0,
      0.0,
      0.0,
      0.0,
      0.0,
      0.0,
      0.0,
      0.0,
      0.0,
      0.0,
      0.0,
      0.0,
      0.0
    ],
    [
      0.0,
      0.0,
      0.0,
      0.0,
      0.0,
      0.0,
      0.0,
      0.0,
      0.0,
      0.0,
      0.0,
      0.0,
      0.0,
      0.0,
      0.0,
      0.0
    ],
    [
      0.0,
      0.0,
      0.0,
      0.0,
      0.0,
      0.0,
      0.0,
      0.0,
      0.0,
      0.0,
      0.0,
      0.0,
      0.0,
      0.0,
      0.0,
      0.0
    ],
    [
      0.0,
      0.0,
      0.0,
      0.0,
      0.0,
      0.0,
      0.0,
      0.0,
      0.0,
      0.0,
      0.0,
      0.0,
      0.0,
      0.0,
      0.0,
      0.0
    ],
    [
      0.0,
      0.0,
      0.0,
      0.0,
      0.0,
      0.0,
      0.0,
      0.0,
      0.0,
      0.0,
      0.0,
      0.0,
      0.0,
      0.0,
      0.0,
      0.0
    ],
    [
      0.0,
      0.0,
      0.0,
      0.0,
      0.0,
      0.0,
      0.0,
      0.0,
      0.0,
      0.0,
      0.0,
      0.0,
      0.0,
      0.0,
      0.0,
      0.0
    ],
    [
      0.0,
      0.0,
      0.0,
      0.0,
      0.0,
      0.0,
      0.0,
      0.0,
      0.0,
      0.0,
      0.0,
      0.0,
      0.0,
      0.0,
      0.0,
      0.0
    ]
  ]
}