{
  "config": {
    "symbols": [
      "H",
      "H"
    ],
    "geometry": [
      [
        0.0,
        0.0,
        0.0
      ],
      [
        0.0,
        0.0,
        0.7414
      ]
    ],
    "basis": "STO-3G",
    "ansatz": "RY-CZ",
    "optimizer": {
      "name": "Adam",
      "stepsize": 0.1,
      "iterations_planned": 50
    },
    "seed": 4,
    "noisy": true,
    "depolarizing_prob": 0.1,
    "amplitude_damping_prob": 0.0
  },
  "energies": [
    1.1542017180149395,
    1.1542017180149395,
    1.1468102285785484,
    1.1319032253406385,
    1.107920304287772,
    1.0745179051472997,
    1.0315585228346806,
    0.9793697446622159,
    0.9183891554030397,
    0.8489400153125887,
    0.7718635514557801,
    0.6882371957315188,
    0.5989047604514737,
    0.5052607542077237,
    0.4087550432191719,
    0.3106005451442404,
    0.2125532505570944,
    0.11588442244036923,
    0.02206789284216902,
    -0.06755991828499763,
    -0.15203354201682828,
    -0.23022826407328997,
    -0.3016843179938513,
    -0.36570029878869603,
    -0.4222749674979046,
    -0.4711639512179915,
    -0.5127398014523602,
    -0.5471276606737858,
    -0.5749540482495689,
    -0.5965885473017175,
    -0.6127910230711751,
    -0.6240665480328828,
    -0.6312132241856988,
    -0.6347916866477746,
    -0.6355695609066144,
    -0.6341009609913412,
    -0.6310692554816727,
    -0.6269671182812193,
    -0.6223491337096105,
    -0.6176003922381478,
    -0.613116295613863,
    -0.6091463516692339,
    -0.6059183845971602,
    -0.6035431758852575,
    -0.6020968703995611,
    -0.6015716502729312,
    -0.6019267300433817,
    -0.6030706847299998,
    -0.6048897085428458,
    -0.6072481419769209,
    -0.6100027157511865
  ],
  "final_params": [
    3.411162441571659,
    3.4126287501474715,
    -0.0033261653333774787,
    -0.00028729683989616025
  ],
  "final_state_real": [
    [
      0.005914770495908413,
      -7.889580260443428e-07,
      5.361120643173867e-06,
      7.151081934054701e-10,
      0.004912604760234075,
      -6.55281894691548e-07,
      7.586500022609178e-06,
      1.0119466966941495e-09,
      0.0048669975986929785,
      -6.491979394439094e-07,
      1.2805672292451214e-05,
      1.7081207060798258e-09,
      -0.01166304077658131,
      1.5557081896364141e-06,
      -1.801114957007245e-05,
      -2.402467970313219e-09
    ],
    [
      -7.889580260443428e-07,
      0.0004224837282785288,
      -7.151081934054701e-10,
      3.8293707873664047e-07,
      -6.55281894691548e-07,
      0.00035090044087057655,
      -1.0119466966941493e-09,
      5.418927030102274e-07,
      -6.491979394439093e-07,
      0.0003476427855384867,
      -1.7081207060798258e-09,
      9.146906151373047e-07,
      1.5557081896364141e-06,
      -0.0008330745806220508,
      2.4024679703132183e-09,
      -1.286510313815477e-06
    ],
    [
      5.361120643173867e-06,
      -7.151081934054701e-10,
      0.0004224998827437659,
      -5.635197371158994e-08,
      -7.586500022609178e-06,
      1.0119466966941495e-09,
      0.00035088682181500853,
      -4.680765278429812e-08,
      1.2805672292451214e-05,
      -1.7081207060798258e-09,
      0.00034765607831858215,
      -4.6369494966143344e-08,
      1.801114957007245e-05,
      -2.402467970313219e-09,
      -0.0008330422475506599,
      1.1112629444533549e-07
    ],
    [
      7.151081934054701e-10,
      3.8293707873664047e-07,
      -5.635197371158994e-08,
      3.0178571726883702e-05,
      -1.0119466966941493e-09,
      -5.418927030102274e-07,
      -4.680765278429812e-08,
      2.5063351618927148e-05,
      1.7081207060798258e-09,
      9.146906151373047e-07,
      -4.636949496614333e-08,
      2.4832584159999363e-05,
      2.402467970313219e-09,
      1.286510313815477e-06,
      1.1112629444533549e-07,
      -5.9503034784221946e-05
    ],
    [
      0.004912604760234075,
      -6.55281894691548e-07,
      -7.586500022609178e-06,
      -1.0119466966941495e-09,
      0.06579165101860812,
      -8.77580138633381e-06,
      0.00010133203004312294,
      1.3516458546873332e-08,
      0.01166304077658131,
      -1.5557081896364141e-06,
      -1.801114957007245e-05,
      -2.402467970313219e-09,
      0.09199247316296025,
      -1.2270670533673761e-05,
      0.0001424410842494093,
      1.8999905654801342e-08
    ],
    [
      -6.55281894691548e-07,
      0.00035090044087057655,
      1.0119466966941493e-09,
      -5.418927030102274e-07,
      -8.77580138633381e-06,
      0.004699404994863192,
      -1.3516458546873332e-08,
      7.238000065634511e-06,
      -1.5557081896364141e-06,
      0.0008330745806220508,
      2.4024679703132183e-09,
      -1.286510313815477e-06,
      -1.2270670533673761e-05,
      0.006570892828780986,
      -1.8999905654801342e-08,
      1.017436023641811e-05
    ],
    [
      7.586500022609178e-06,
      -1.0119466966941495e-09,
      0.00035088682181500853,
      -4.680765278429812e-08,
      0.00010133203004312294,
      -1.3516458546873332e-08,
      0.004699584685510529,
      -6.268188074596283e-07,
      1.801114957007245e-05,
      -2.402467970313219e-09,
      0.0008330422475506599,
      -1.1112629444533549e-07,
      0.0001424410842494093,
      -1.8999905654801342e-08,
      0.006571144079308932,
      -8.764427010193076e-07
    ],
    [
      1.0119466966941493e-09,
      5.418927030102274e-07,
      -4.680765278429812e-08,
      2.5063351618927148e-05,
      1.3516458546873332e-08,
      7.238000065634511e-06,
      -6.268188074596283e-07,
      0.00033568471687424713,
      2.402467970313219e-09,
      1.286510313815477e-06,
      -1.1112629444533549e-07,
      5.9503034784221946e-05,
      1.8999905654801342e-08,
      1.017436023641811e-05,
      -8.764427010193076e-07,
      0.0004693675691393735
    ],
    [
      0.0048669975986929785,
      -6.491979394439094e-07,
      1.2805672292451214e-05,
      1.7081207060798258e-09,
      0.01166304077658131,
      -1.5557081896364141e-06,
      1.801114957007245e-05,
      2.402467970313219e-09,
      0.06593944922722796,
      -8.795515859280178e-06,
      5.9767212049250235e-05,
      7.972218101049525e-09,
      0.09250033021448885,
      -1.2338422201841457e-05,
      0.00014284759135195304,
      1.905412875087674e-08
    ],
    [
      -6.491979394439093e-07,
      0.0003476427855384867,
      -1.7081207060798258e-09,
      9.146906151373047e-07,
      -1.5557081896364141e-06,
      0.0008330745806220508,
      -2.4024679703132183e-09,
      1.286510313815477e-06,
      -8.795515859280178e-06,
      0.004709962012798849,
      -7.972218101049525e-09,
      4.269085347951379e-06,
      -1.2338422201841457e-05,
      0.006607168342887708,
      -1.9054128750876742e-08,
      1.0203396449682965e-05
    ],
    [
      1.2805672292451214e-05,
      -1.7081207060798258e-09,
      0.00034765607831858215,
      -4.6369494966143344e-08,
      -1.801114957007245e-05,
      2.402467970313219e-09,
      0.0008330422475506599,
      -1.1112629444533549e-07,
      5.9767212049250235e-05,
      -7.972218101049525e-09,
      0.0047101421071137515,
      -6.282269298495885e-07,
      -0.00014284759135195304,
      1.905412875087674e-08,
      0.006606911907208731,
      -8.813498236537176e-07
    ],
    [
      1.7081207060798258e-09,
      9.146906151373047e-07,
      -4.636949496614333e-08,
      2.4832584159999363e-05,
      -2.402467970313219e-09,
      -1.286510313815477e-06,
      -1.1112629444533549e-07,
      5.9503034784221946e-05,
      7.972218101049525e-09,
      4.269085347951379e-06,
      -6.282269298495885e-07,
      0.0003364388186340742,
      -1.9054128750876742e-08,
      -1.0203396449682965e-05,
      -8.813498236537176e-07,
      0.0004719224147236589
    ],
    [
      -0.01166304077658131,
      1.5557081896364141e-06,
      1.801114957007245e-05,
      2.402467970313219e-09,
      0.09199247316296025,
      -1.2270670533673761e-05,
      0.0001424410842494093,
      1.8999905654801342e-08,
      0.09250033021448885,
      -1.2338422201841457e-05,
      -0.00014284759135195304,
      -1.905412875087674e-08,
      0.7334629864198516,
      -9.78349895981079e-05,
      0.0011296766721113885,
      1.5068510818805672e-07
    ],
    [
      1.5557081896364141e-06,
      -0.0008330745806220508,
      -2.4024679703132183e-09,
      1.286510313815477e-06,
      -1.2270670533673761e-05,
      0.006570892828780986,
      -1.8999905654801342e-08,
      1.017436023641811e-05,
      -1.2338422201841457e-05,
      0.006607168342887708,
      1.9054128750876742e-08,
      -1.0203396449682965e-05,
      -9.78349895981079e-05,
      0.0523902283734123,
      -1.5068510818805672e-07,
      8.069116767332468e-05
    ],
    [
      -1.801114957007245e-05,
      2.402467970313219e-09,
      -0.0008330422475506599,
      1.1112629444533549e-07,
      0.0001424410842494093,
      -1.8999905654801342e-08,
      0.006571144079308932,
      -8.764427010193076e-07,
      0.00014284759135195304,
      -1.905412875087674e-08,
      0.006606911907208731,
      -8.813498236537176e-07,
      0.0011296766721113885,
      -1.5068510818805672e-07,
      0.052392231612984314,
      -6.987944326453164e-06
    ],
    [
      -2.402467970313219e-09,
      -1.286510313815477e-06,
      1.1112629444533549e-07,
      -5.9503034784221946e-05,
      1.8999905654801342e-08,
      1.017436023641811e-05,
      -8.764427010193076e-07,
      0.0004693675691393735,
      1.9054128750876742e-08,
      1.0203396449682965e-05,
      -8.813498236537176e-07,
      0.0004719224147236589,
      1.5068510818805672e-07,
      8.069116767332468e-05,
      -6.987944326453164e-06,
      0.0037423033336623597
    ]
  ],
  "final_state_imag": [
    [
      0.0,
      0.0,
      0.0,
      0.0,
      0.0,
      0.0,
      0.0,
      0.0,
      0.0,
      0.0,
      0.0,
      0.0,
      0.0,
      0.0,
      0.0,
      0.0
    ],
    [
      0.0,
      0.0,
      0.0,
      0.0,
      0.0,
      0.0,
      0.0,
      0.0,
      0.0,
      0.0,
      0.0,
      0.0,
      0.0,
      0.0,
      0.0,
      0.0
    ],
    [
      0.0,
      0.0,
      0.0,
      0.0,
      0.0,
      0.0,
      0.0,
      0.0,
      0.0,
      0.0,
      0.0,
      0.0,
      0.0,
      0.0,
      0.0,
      0.0
    ],
    [
      0.0,
      0.0,
      0.0,
      0.0,
      0.0,
      0.0,
      0.0,
      0.0,
      0.0,
      0.0,
      0.0,
      0.0,
      0.0,
      0.0,
      0.0,
      0.0
    ],
    [
      0.0,
      0.0,
      0.0,
      0.0,
      0.0,
      0.0,
      0.0,
      0.0,
      0.0,
      0.0,
      0.0,
      0.0,
      0.0,
      0.0,
      0.0,
      0.0
    ],
    [
      0.0,
      0.0,
      0.0,
      0.0,
      0.0,
      0.0,
      0.0,
      0.0,
      0.0,
      0.0,
      0.0,
      0.0,
      0.0,
      0.0,
      0.0,
      0.0
    ],
    [
      0.0,
      0.0,
      0.0,
      0.0,
      0.0,
      0.0,
      0.0,
      0.0,
      0.0,
      0.0,
      0.0,
      0.0,
      0.0,
      0.0,
      0.0,
      0.0
    ],
    [
      0.0,
      0.0,
      0.0,
      0.0,
      0.0,
      0.0,
      0.0,
      0.0,
      0.0,
      0.0,
      0.0,
      0.0,
      0.0,
      0.0,
      0.0,
      0.0
    ],
    [
      0.0,
      0.0,
      0.0,
      0.0,
      0.0,
      0.0,
      0.0,
      0.0,
      0.0,
      0.0,
      0.0,
      0.0,
      0.0,
      0.0,
      0.0,
      0.0
    ],
    [
      0.0,
      0.0,
      0.0,
      0.0,
      0.0,
      0.0,
      0.0,
      0.0,
      0.0,
      0.0,
      0.0,
      0.0,
      0.0,
      0.0,
      0.0,
      0.0
    ],
    [
      0.0,
      0.0,
      0.0,
      0.0,
      0.0,
      0.0,
      0.0,
      0.0,
      0.0,
      0.0,
      0.0,
      0.0,
      0.0,
      0.0,
      0.0,
      0.0
    ],
    [
      0.0,
      0.0,
      0.0,
      0.0,
      0.0,
      0.0,
      0.0,
      0.0,
      0.0,
      0.0,
      0.0,
      0.0,
      0.0,
      0.0,
      0.0,
      0.0
    ],
    [
      0.0,
      0.0,
      0.0,
      0.0,
      0.0,
      0.0,
      0.0,
      0.0,
      0.0,
      0.0,
      0.0,
      0.0,
      0.0,
      0.0,
      0.0,
      0.0
    ],
    [
      0.0,
      0.0,
      0.0,
      0.0,
      0.0,
      0.0,
      0.0,
      0.0,
      0.0,
      0.0,
      0.0,
      0.0,
      0.0,
      0.0,
      0.0,
      0.0
    ],
    [
      0.0,
      0.0,
      0.0,
      0.0,
      0.0,
      0.0,
      0.0,
      0.0,
      0.0,
      0.0,
      0.0,
      0.0,
      0.0,
      0.0,
      0.0,
      0.0
    ],
    [
      0.0,
      0.0,
      0.0,
      0.0,
      0.0,
      0.0,
      0.0,
      0.0,
      0.0,
      0.0,
      0.0,
      0.0,
      0.0,
      0.0,
      0.0,
      0.0
    ]
  ]
}