{
  "config": {
    "symbols": [
      "H",
      "H"
    ],
    "geometry": [
      [
        0.0,
        0.0,
        0.0
      ],
      [
        0.0,
        0.0,
        0.7414
      ]
    ],
    "basis": "STO-3G",
    "ansatz": "RY-CZ",
    "optimizer": {
      "name": "GradientDescent",
      "stepsize": 0.1,
      "iterations_planned": 50
    },
    "seed": 4,
    "noisy": true,
    "depolarizing_prob": 0.04,
    "amplitude_damping_prob": 0.0
  },
  "energies": [
    1.2666178947548015,
    1.2666178947548015,
    1.2666124991768928,
    1.2666063471626776,
    1.2665993325934684,
    1.2665913344483613,
    1.266582214747875,
    1.2665718161372967,
    1.2665599592192758,
    1.2665464393921235,
    1.2665310234002285,
    1.2665134452440867,
    1.2664934016615137,
    1.2664705468409692,
    1.266444486479686,
    1.2664147710251143,
    1.2663808878698997,
    1.2663422526462043,
    1.2662981990243294,
    1.2662479673594387,
    1.266190691648805,
    1.2661253845466856,
    1.2660509205662502,
    1.265966016724575,
    1.2658692105132283,
    1.2657588349943836,
    1.2656329902671763,
    1.2654895110586775,
    1.2653259298691313,
    1.2651394350884084,
    1.2649268232160555,
    1.2646844448876355,
    1.2644081431188257,
    1.2640931835298514,
    1.2637341753126092,
    1.2633249810119025,
    1.2628586152560566,
    1.2623271291551093,
    1.2617214805503534,
    1.2610313865236973,
    1.2602451586440997,
    1.2593495158644215,
    1.2583293757660803,
    1.2571676192562662,
    1.255844829939513,
    1.2543390004784611,
    1.2526252096969452,
    1.2506752641747132,
    1.2484573042865537,
    1.245935373516324,
    1.2430689514907525
  ],
  "final_params": [
    0.18502061106554704,
    0.21293676718712073,
    -0.00043527805752998516,
    -0.009831483835173278
  ],
  "final_state_real": [
    [
      0.8802784815009901,
      -0.004208698911075371,
      -0.00018621728141918128,
      -8.903245118232331e-07,
      0.0914283466716116,
      -0.00043712801478405815,
      1.9353190274264863e-05,
      9.252964897694047e-08,
      0.07936205159254885,
      -0.0003794378564709831,
      -1.6809561628949342e-05,
      -8.036829147756692e-08,
      -0.008251830435884436,
      3.945282166950568e-05,
      -1.7467147810322142e-06,
      -8.351228053943352e-09
    ],
    [
      -0.004208698911075371,
      0.024138474538767465,
      8.903245118232331e-07,
      -5.09734677781399e-06,
      -0.00043712801478405815,
      0.0025070939079314737,
      -9.252964897694047e-08,
      5.29757073742693e-07,
      -0.00037943785647098316,
      0.00217621911925486,
      8.036829147756691e-08,
      -4.60130038161779e-07,
      3.945282166950568e-05,
      -0.00022627680110410474,
      8.351228053943352e-09,
      -4.7813021933299e-08
    ],
    [
      -0.00018621728141918128,
      8.903245118232331e-07,
      0.024117260335909704,
      -0.00011530662027885569,
      -1.9353190274264866e-05,
      9.25296489769405e-08,
      0.002504881882770136,
      -1.1976130683883654e-05,
      -1.680956162894934e-05,
      8.03682914775669e-08,
      0.0021743065396597943,
      -1.0395539752294502e-05,
      1.7467147810322142e-06,
      -8.351228053943352e-09,
      -0.00022607715561979088,
      1.0809010911720414e-06
    ],
    [
      -8.903245118232331e-07,
      -5.09734677781399e-06,
      -0.00011530662027885569,
      0.000661329212058591,
      -9.252964897694049e-08,
      -5.29757073742693e-07,
      -1.1976130683883654e-05,
      6.868738566319122e-05,
      -8.03682914775669e-08,
      -4.601300381617789e-07,
      -1.0395539752294503e-05,
      5.9622544626514866e-05,
      8.351228053943352e-09,
      4.7813021933299e-08,
      1.0809010911720414e-06,
      -6.199353703864397e-06
    ],
    [
      0.0914283466716116,
      -0.00043712801478405815,
      -1.9353190274264863e-05,
      -9.252964897694047e-08,
      0.03416083456872226,
      -0.0001633263453238752,
      -2.975850501830957e-06,
      -1.4227855895594984e-08,
      0.008251830435884436,
      -3.945282166950568e-05,
      -1.7467147810322142e-06,
      -8.351228053943352e-09,
      0.0012682474969999962,
      -6.063617334478652e-06,
      -6.523261286589047e-07,
      -3.1188401936790104e-09
    ],
    [
      -0.00043712801478405815,
      0.0025070939079314737,
      9.252964897694047e-08,
      -5.29757073742693e-07,
      -0.0001633263453238752,
      0.0009367381491072176,
      1.4227855895594984e-08,
      -8.145829351153712e-08,
      -3.945282166950568e-05,
      0.00022627680110410474,
      8.351228053943352e-09,
      -4.7813021933299e-08,
      -6.0636173344786535e-06,
      3.4777130826814974e-05,
      3.1188401936790104e-09,
      -1.7856197151317865e-08
    ],
    [
      1.9353190274264866e-05,
      -9.25296489769405e-08,
      0.002504881882770136,
      -1.1976130683883654e-05,
      -2.975850501830957e-06,
      1.4227855895594984e-08,
      0.0009359148927291955,
      -4.474686662007235e-06,
      1.7467147810322142e-06,
      -8.351228053943352e-09,
      0.00022607715561979088,
      -1.0809010911720414e-06,
      -6.523261286589046e-07,
      3.1188401936790104e-09,
      3.47465667948176e-05,
      -1.6612621531635524e-07
    ],
    [
      9.252964897694049e-08,
      5.29757073742693e-07,
      -1.1976130683883654e-05,
      6.868738566319122e-05,
      -1.4227855895594984e-08,
      -8.145829351153712e-08,
      -4.474686662007235e-06,
      2.5664103216604135e-05,
      8.351228053943352e-09,
      4.7813021933299e-08,
      -1.0809010911720414e-06,
      6.199353703864397e-06,
      -3.1188401936790104e-09,
      -1.7856197151317865e-08,
      -1.6612621531635527e-07,
      9.52799750888088e-07
    ],
    [
      0.07936205159254885,
      -0.0003794378564709831,
      -1.6809561628949342e-05,
      -8.036829147756692e-08,
      0.008251830435884436,
      -3.945282166950568e-05,
      1.7467147810322142e-06,
      8.351228053943352e-09,
      0.03168649930880963,
      -0.00015149630252165553,
      -6.703076223010749e-06,
      -3.2048116160239675e-08,
      0.001718347296861617,
      -8.2155892557543e-06,
      3.6373294939781897e-07,
      1.7390456897373682e-09
    ],
    [
      -0.00037943785647098316,
      0.00217621911925486,
      8.036829147756691e-08,
      -4.60130038161779e-07,
      -3.945282166950568e-05,
      0.00022627680110410474,
      -8.351228053943352e-09,
      4.7813021933299e-08,
      -0.00015149630252165555,
      0.0008688883948227169,
      3.2048116160239675e-08,
      -1.8348406617478393e-07,
      -8.2155892557543e-06,
      4.711950064180613e-05,
      -1.7390456897373682e-09,
      9.956503303386605e-09
    ],
    [
      -1.680956162894934e-05,
      8.03682914775669e-08,
      0.0021743065396597943,
      -1.0395539752294502e-05,
      -1.7467147810322142e-06,
      8.351228053943352e-09,
      0.00022607715561979088,
      -1.0809010911720414e-06,
      -6.703076223010749e-06,
      3.2048116160239675e-08,
      0.0008681247684950084,
      -4.150576460232403e-06,
      -3.63732949397819e-07,
      1.7390456897373686e-09,
      4.707792680179974e-05,
      -2.2508502599777143e-07
    ],
    [
      -8.03682914775669e-08,
      -4.601300381617789e-07,
      -1.0395539752294503e-05,
      5.9622544626514866e-05,
      -8.351228053943352e-09,
      -4.7813021933299e-08,
      -1.0809010911720414e-06,
      6.199353703864397e-06,
      -3.2048116160239675e-08,
      -1.8348406617478393e-07,
      -4.150576460232403e-06,
      2.3805202627535295e-05,
      -1.7390456897373682e-09,
      -9.956503303386606e-09,
      -2.2508502599777143e-07,
      1.2909429928418886e-06
    ],
    [
      -0.008251830435884436,
      3.945282166950568e-05,
      1.7467147810322142e-06,
      8.351228053943352e-09,
      0.0012682474969999962,
      -6.063617334478652e-06,
      -6.523261286589047e-07,
      -3.1188401936790104e-09,
      0.001718347296861617,
      -8.2155892557543e-06,
      -3.6373294939781897e-07,
      -1.7390456897373682e-09,
      0.0012296532105436464,
      -5.879094215038532e-06,
      -1.0711869806087185e-07,
      -5.1214582143697e-10
    ],
    [
      3.945282166950568e-05,
      -0.00022627680110410474,
      -8.351228053943352e-09,
      4.7813021933299e-08,
      -6.0636173344786535e-06,
      3.4777130826814974e-05,
      3.1188401936790104e-09,
      -1.7856197151317865e-08,
      -8.2155892557543e-06,
      4.711950064180613e-05,
      1.7390456897373682e-09,
      -9.956503303386605e-09,
      -5.879094215038534e-06,
      3.3718821188960396e-05,
      5.1214582143697e-10,
      -2.9321722787645214e-09
    ],
    [
      -1.7467147810322142e-06,
      8.351228053943352e-09,
      -0.00022607715561979088,
      1.0809010911720414e-06,
      -6.523261286589046e-07,
      3.1188401936790104e-09,
      3.47465667948176e-05,
      -1.6612621531635524e-07,
      3.63732949397819e-07,
      -1.7390456897373686e-09,
      4.707792680179974e-05,
      -2.2508502599777143e-07,
      -1.0711869806087185e-07,
      5.1214582143697e-10,
      3.3689187256970274e-05,
      -1.610707961201849e-07
    ],
    [
      -8.351228053943352e-09,
      -4.7813021933299e-08,
      1.0809010911720414e-06,
      -6.199353703864397e-06,
      -3.1188401936790104e-09,
      -1.7856197151317865e-08,
      -1.6612621531635527e-07,
      9.52799750888088e-07,
      1.7390456897373682e-09,
      9.956503303386606e-09,
      -2.2508502599777143e-07,
      1.2909429928418886e-06,
      -5.1214582143697e-10,
      -2.9321722787645214e-09,
      -1.6107079612018495e-07,
      9.238049161982513e-07
    ]
  ],
  "final_state_imag": [
    [
      0.0,
      0.0,
      0.0,
      0.0,
      0.0,
      0.0,
      0.0,
      0.0,
      0.0,
      0.0,
      0.0,
      0.0,
      0.0,
      0.0,
      0.0,
      0.0
    ],
    [
      0.0,
      0.0,
      0.0,
      0.0,
      0.0,
      0.0,
      0.0,
      0.0,
      0.0,
      0.0,
      0.0,
      0.0,
      0.0,
      0.0,
      0.0,
      0.0
    ],
    [
      0.0,
      0.0,
      0.0,
      0.0,
      0.0,
      0.0,
      0.0,
      0.0,
      0.0,
      0.0,
      0.0,
      0.0,
      0.0,
      0.0,
      0.0,
      0.0
    ],
    [
      0.0,
      0.0,
      0.0,
      0.0,
      0.0,
      0.0,
      0.0,
      0.0,
      0.0,
      0.0,
      0.0,
      0.0,
      0.0,
      0.0,
      0.0,
      0.0
    ],
    [
      0.0,
      0.0,
      0.0,
      0.0,
      0.0,
      0.0,
      0.0,
      0.0,
      0.0,
      0.0,
      0.0,
      0.0,
      0.0,
      0.0,
      0.0,
      0.0
    ],
    [
      0.0,
      0.0,
      0.0,
      0.0,
      0.0,
      0.0,
      0.0,
      0.0,
      0.0,
      0.0,
      0.0,
      0.0,
      0.0,
      0.0,
      0.0,
      0.0
    ],
    [
      0.0,
      0.0,
      0.0,
      0.0,
      0.0,
      0.0,
      0.0,
      0.0,
      0.0,
      0.0,
      0.0,
      0.0,
      0.0,
      0.0,
      0.0,
      0.0
    ],
    [
      0.0,
      0.0,
      0.0,
      0.0,
      0.0,
      0.0,
      0.0,
      0.0,
      0.0,
      0.0,
      0.0,
      0.0,
      0.0,
      0.0,
      0.0,
      0.0
    ],
    [
      0.0,
      0.0,
      0.0,
      0.0,
      0.0,
      0.0,
      0.0,
      0.0,
      0.0,
      0.0,
      0.0,
      0.0,
      0.0,
      0.0,
      0.0,
      0.0
    ],
    [
      0.0,
      0.0,
      0.0,
      0.0,
      0.0,
      0.0,
      0.0,
      0.0,
      0.0,
      0.0,
      0.0,
      0.0,
      0.0,
      0.0,
      0.0,
      0.0
    ],
    [
      0.0,
      0.0,
      0.0,
      0.0,
      0.0,
      0.0,
      0.0,
      0.0,
      0.0,
      0.0,
      0.0,
      0.0,
      0.0,
      0.0,
      0.0,
      0.0
    ],
    [
      0.0,
      0.0,
      0.0,
      0.0,
      0.0,
      0.0,
      0.0,
      0.0,
      0.0,
      0.0,
      0.0,
      0.0,
      0.0,
      0.0,
      0.0,
      0.0
    ],
    [
      0.0,
      0.0,
      0.0,
      0.0,
      0.0,
      0.0,
      0.0,
      0.0,
      0.0,
      0.0,
      0.0,
      0.0,
      0.0,
      0.0,
      0.0,
      0.0
    ],
    [
      0.0,
      0.0,
      0.0,
      0.0,
      0.0,
      0.0,
      0.0,
      0.0,
      0.0,
      0.0,
      0.0,
      0.0,
      0.0,
      0.0,
      0.0,
      0.0
    ],
    [
      0.0,
      0.0,
      0.0,
      0.0,
      0.0,
      0.0,
      0.0,
      0.0,
      0.0,
      0.0,
      0.0,
      0.0,
      0.0,
      0.0,
      0.0,
      0.0
    ],
    [
      0.0,
      0.0,
      0.0,
      0.0,
      0.0,
      0.0,
      0.0,
      0.0,
      0.0,
      0.0,
      0.0,
      0.0,
      0.0,
      0.0,
      0.0,
      0.0
    ]
  ]
}