{
  "config": {
    "symbols": [
      "H",
      "H"
    ],
    "geometry": [
      [
        0.0,
        0.0,
        0.0
      ],
      [
        0.0,
        0.0,
        0.7414
      ]
    ],
    "basis": "STO-3G",
    "ansatz": "RY-CZ",
    "optimizer": {
      "name": "Nesterov",
      "stepsize": 0.1,
      "iterations_planned": 50
    },
    "seed": 2,
    "noisy": true,
    "depolarizing_prob": 0.06,
    "amplitude_damping_prob": 0.0
  },
  "energies": [
    1.2277163980864088,
    1.2277163980864088,
    1.2277041117655436,
    1.227682268335749,
    1.227645826948227,
    1.2275864083857035,
    1.2274904114074499,
    1.2273359408089861,
    1.227087858076033,
    1.2266898452802697,
    1.2260517128381412,
    1.2250291500425896,
    1.2233915229528212,
    1.2207709194573675,
    1.2165821689519407,
    1.2098989513509446,
    1.1992660847345957,
    1.182425728078206,
    1.1559447354601828,
    1.1147742319802336,
    1.0518966489976689,
    0.9584871404721145,
    0.8254481571301232,
    0.6474453501338864,
    0.42956080283094805,
    0.19296372920552296,
    -0.028307120578586947,
    -0.20327904444825742,
    -0.3214301169059699,
    -0.3947303217637361,
    -0.44441169110575174,
    -0.48687167395457853,
    -0.5280643517452648,
    -0.5656765837846334,
    -0.5946043033128506,
    -0.611769690598635,
    -0.618112918918207,
    -0.6177330324273087,
    -0.6156650998411132,
    -0.6159066169664589,
    -0.6204803699948578,
    -0.6294927051554569,
    -0.6417681912366973,
    -0.6556260694763097,
    -0.6695006590380438,
    -0.682275017916749,
    -0.6933415608126106,
    -0.7024920389635769,
    -0.7097577361362204,
    -0.7152840305146466,
    -0.7192672262533277
  ],
  "final_params": [
    -3.3812006692552776,
    -2.9580808426460212,
    0.00037915759672441963,
    -0.00027811089644072084
  ],
  "final_state_real": [
    [
      0.002337296832991287,
      -3.11471615445416e-07,
      -2.812111865716919e-07,
      -3.7474616715318616e-11,
      0.001989388366176795,
      -2.6510882277627985e-07,
      -3.6143144956037904e-07,
      -4.816488705965538e-11,
      -0.0031797012448090615,
      4.2373166701594154e-07,
      8.723290255505432e-07,
      1.1624785016800874e-10,
      0.00844538656184351,
      -1.125444647896354e-06,
      -1.534355161134775e-06,
      -2.0447042761592911e-10
    ],
    [
      -3.11471615445416e-07,
      9.738741315783608e-05,
      3.7474616715318616e-11,
      -1.1717127345649493e-08,
      -2.6510882277627985e-07,
      8.289122032493437e-05,
      4.816488705965538e-11,
      -1.505963675503357e-08,
      4.2373166701594154e-07,
      -0.00013248761324439798,
      -1.1624785016800874e-10,
      3.6347025892856e-08,
      -1.125444647896354e-06,
      0.0003518912697636624,
      2.0447042761592917e-10,
      -6.393143542988943e-08
    ],
    [
      -2.812111865716919e-07,
      3.7474616715318616e-11,
      9.738745189824554e-05,
      -1.29779728020055e-08,
      3.6143144956037904e-07,
      -4.816488705965538e-11,
      8.28911105493436e-05,
      -1.1046210460518646e-08,
      8.723290255505433e-07,
      -1.1624785016800877e-10,
      -0.00013248766594755758,
      1.765547092314435e-08,
      1.534355161134775e-06,
      -2.0447042761592911e-10,
      0.0003518908037423893,
      -4.689356737409853e-08
    ],
    [
      -3.7474616715318616e-11,
      -1.1717127345649493e-08,
      -1.29779728020055e-08,
      4.057812375617369e-06,
      4.816488705965538e-11,
      1.505963675503357e-08,
      -1.1046210460518646e-08,
      3.453797872925491e-06,
      1.1624785016800874e-10,
      3.6347025892856006e-08,
      1.765547092314435e-08,
      -5.520321971873506e-06,
      2.0447042761592917e-10,
      6.393143542988943e-08,
      -4.689356737409853e-08,
      1.4662123615101326e-05
    ],
    [
      0.001989388366176794,
      -2.6510882277627985e-07,
      3.61431449560379e-07,
      4.816488705965537e-11,
      0.04663809596651032,
      -6.215061299422665e-06,
      -8.467218335014719e-06,
      -1.1283539805721818e-09,
      -0.00844538656184351,
      1.125444647896354e-06,
      -1.534355161134775e-06,
      -2.0447042761592911e-10,
      -0.09574023355238263,
      1.2758484411035527e-05,
      1.7406332064349436e-05,
      2.3195934361052175e-09
    ],
    [
      -2.6510882277627985e-07,
      8.289122032493434e-05,
      -4.816488705965537e-11,
      1.5059636755033562e-08,
      -6.215061299422665e-06,
      0.0019432548988536117,
      1.1283539805721818e-09,
      -3.5280060051769244e-07,
      1.125444647896354e-06,
      -0.0003518912697636624,
      2.0447042761592917e-10,
      -6.393143542988943e-08,
      1.2758484411035527e-05,
      -0.003989178246077043,
      -2.3195934361052175e-09,
      7.252635000231359e-07
    ],
    [
      -3.61431449560379e-07,
      4.816488705965537e-11,
      8.289111054934357e-05,
      -1.1046210460518646e-08,
      -8.467218335014719e-06,
      1.1283539805721818e-09,
      0.0019432556718743537,
      -2.589606644938066e-07,
      1.534355161134775e-06,
      -2.0447042761592911e-10,
      -0.0003518908037423893,
      4.689356737409853e-08,
      1.740633206434944e-05,
      -2.3195934361052183e-09,
      -0.003989179832959715,
      5.316030593813366e-07
    ],
    [
      -4.816488705965537e-11,
      -1.5059636755033562e-08,
      -1.1046210460518646e-08,
      3.453797872925489e-06,
      -1.1283539805721818e-09,
      -3.5280060051769244e-07,
      -2.589606644938066e-07,
      8.096902383850599e-05,
      2.0447042761592917e-10,
      6.393143542988943e-08,
      4.689356737409853e-08,
      -1.4662123615101326e-05,
      2.3195934361052175e-09,
      7.252635000231361e-07,
      5.316030593813366e-07,
      -0.0001662159033759336
    ],
    [
      -0.0031797012448090615,
      4.2373166701594154e-07,
      8.723290255505432e-07,
      1.1624785016800874e-10,
      -0.00844538656184351,
      1.125444647896354e-06,
      1.534355161134775e-06,
      2.0447042761592911e-10,
      0.04164504866847552,
      -5.549680468899773e-06,
      -5.010511880902167e-06,
      -6.677081896117591e-10,
      0.07316181724223612,
      -9.74965148636989e-06,
      -1.3292015831554811e-05,
      -1.7713135979193182e-09
    ],
    [
      4.2373166701594154e-07,
      -0.00013248761324439798,
      -1.1624785016800874e-10,
      3.6347025892856e-08,
      1.125444647896354e-06,
      -0.0003518912697636624,
      -2.0447042761592917e-10,
      6.393143542988943e-08,
      -5.549680468899773e-06,
      0.001735211165055361,
      6.677081896117591e-10,
      -2.0877123165387751e-07,
      -9.74965148636989e-06,
      0.003048410463992746,
      1.7713135979193182e-09,
      -5.53833736407963e-07
    ],
    [
      8.723290255505433e-07,
      -1.1624785016800877e-10,
      -0.00013248766594755758,
      1.765547092314435e-08,
      -1.534355161134775e-06,
      2.0447042761592911e-10,
      -0.0003518908037423893,
      4.689356737409853e-08,
      -5.010511880902167e-06,
      6.677081896117591e-10,
      0.001735211855316954,
      -2.312364870943568e-07,
      1.3292015831554811e-05,
      -1.7713135979193182e-09,
      0.0030484064268817205,
      -4.0623582839426416e-07
    ],
    [
      1.1624785016800874e-10,
      3.6347025892856006e-08,
      1.765547092314435e-08,
      -5.520321971873506e-06,
      -2.0447042761592917e-10,
      -6.393143542988943e-08,
      4.689356737409853e-08,
      -1.4662123615101326e-05,
      -6.677081896117591e-10,
      -2.0877123165387751e-07,
      -2.312364870943568e-07,
      7.230052746610531e-05,
      1.7713135979193182e-09,
      5.53833736407963e-07,
      -4.0623582839426416e-07,
      0.00012701699329639222
    ],
    [
      0.00844538656184351,
      -1.125444647896354e-06,
      1.534355161134775e-06,
      2.0447042761592911e-10,
      -0.09574023355238263,
      1.2758484411035527e-05,
      1.7406332064349436e-05,
      2.3195934361052175e-09,
      0.07316181724223611,
      -9.749651486369888e-06,
      1.3292015831554808e-05,
      1.771313597919318e-09,
      0.8309795097119328,
      -0.0001107375523034307,
      -0.00015086561307534646,
      -2.0104573699378197e-08
    ],
    [
      -1.125444647896354e-06,
      0.0003518912697636624,
      -2.0447042761592917e-10,
      6.393143542988943e-08,
      1.2758484411035527e-05,
      -0.003989178246077043,
      -2.3195934361052175e-09,
      7.252635000231359e-07,
      -9.749651486369888e-06,
      0.0030484104639927454,
      -1.7713135979193176e-09,
      5.538337364079628e-07,
      -0.0001107375523034307,
      0.03462416227828507,
      2.0104573699378197e-08,
      -6.286064299339876e-06
    ],
    [
      -1.534355161134775e-06,
      2.0447042761592911e-10,
      0.0003518908037423893,
      -4.689356737409853e-08,
      1.740633206434944e-05,
      -2.3195934361052183e-09,
      -0.003989179832959715,
      5.316030593813366e-07,
      -1.3292015831554808e-05,
      1.771313597919318e-09,
      0.0030484064268817197,
      -4.062358283942641e-07,
      -0.00015086561307534646,
      2.0104573699378197e-08,
      0.0346241760516689,
      -4.614060706300345e-06
    ],
    [
      -2.0447042761592917e-10,
      -6.393143542988943e-08,
      -4.689356737409853e-08,
      1.4662123615101326e-05,
      2.3195934361052175e-09,
      7.252635000231361e-07,
      5.316030593813366e-07,
      -0.0001662159033759336,
      -1.7713135979193176e-09,
      -5.538337364079628e-07,
      -4.062358283942641e-07,
      0.00012701699329639216,
      -2.0104573699378197e-08,
      -6.286064299339876e-06,
      -4.614060706300345e-06,
      0.001442674670498775
    ]
  ],
  "final_state_imag": [
    [
      0.0,
      0.0,
      0.0,
      0.0,
      0.0,
      0.0,
      0.0,
      0.0,
      0.0,
      0.0,
      0.0,
      0.0,
      0.0,
      0.0,
      0.0,
      0.0
    ],
    [
      0.0,
      0.0,
      0.0,
      0.0,
      0.0,
      0.0,
      0.0,
      0.0,
      0.0,
      0.0,
      0.0,
      0.0,
      0.0,
      0.0,
      0.0,
      0.0
    ],
    [
      0.0,
      0.0,
      0.0,
      0.0,
      0.0,
      0.0,
      0.0,
      0.0,
      0.0,
      0.0,
      0.0,
      0.0,
      0.0,
      0.0,
      0.0,
      0.0
    ],
    [
      0.0,
      0.0,
      0.0,
      0.0,
      0.0,
      0.0,
      0.0,
      0.0,
      0.0,
      0.0,
      0.0,
      0.0,
      0.0,
      0.0,
      0.0,
      0.0
    ],
    [
      0.0,
      0.0,
      0.0,
      0.0,
      0.0,
      0.0,
      0.0,
      0.0,
      0.0,
      0.0,
      0.0,
      0.0,
      0.0,
      0.0,
      0.0,
      0.0
    ],
    [
      0.0,
      0.0,
      0.0,
      0.0,
      0.0,
      0.0,
      0.0,
      0.0,
      0.0,
      0.0,
      0.0,
      0.0,
      0.0,
      0.0,
      0.0,
      0.0
    ],
    [
      0.0,
      0.0,
      0.0,
      0.0,
      0.0,
      0.0,
      0.0,
      0.0,
      0.0,
      0.0,
      0.0,
      0.0,
      0.0,
      0.0,
      0.0,
      0.0
    ],
    [
      0.0,
      0.0,
      0.0,
      0.0,
      0.0,
      0.0,
      0.0,
      0.0,
      0.0,
      0.0,
      0.0,
      0.0,
      0.0,
      0.0,
      0.0,
      0.0
    ],
    [
      0.0,
      0.0,
      0.0,
      0.0,
      0.0,
      0.0,
      0.0,
      0.0,
      0.0,
      0.0,
      0.0,
      0.0,
      0.0,
      0.0,
      0.0,
      0.0
    ],
    [
      0.0,
      0.0,
      0.0,
      0.0,
      0.0,
      0.0,
      0.0,
      0.0,
      0.0,
      0.0,
      0.0,
      0.0,
      0.0,
      0.0,
      0.0,
      0.0
    ],
    [
      0.0,
      0.0,
      0.0,
      0.0,
      0.0,
      0.0,
      0.0,
      0.0,
      0.0,
      0.0,
      0.0,
      0.0,
      0.0,
      0.0,
      0.0,
      0.0
    ],
    [
      0.0,
      0.0,
      0.0,
      0.0,
      0.0,
      0.0,
      0.0,
      0.0,
      0.0,
      0.0,
      0.0,
      0.0,
      0.0,
      0.0,
      0.0,
      0.0
    ],
    [
      0.0,
      0.0,
      0.0,
      0.0,
      0.0,
      0.0,
      0.0,
      0.0,
      0.0,
      0.0,
      0.0,
      0.0,
      0.0,
      0.0,
      0.0,
      0.0
    ],
    [
      0.0,
      0.0,
      0.0,
      0.0,
      0.0,
      0.0,
      0.0,
      0.0,
      0.0,
      0.0,
      0.0,
      0.0,
      0.0,
      0.0,
      0.0,
      0.0
    ],
    [
      0.0,
      0.0,
      0.0,
      0.0,
      0.0,
      0.0,
      0.0,
      0.0,
      0.0,
      0.0,
      0.0,
      0.0,
      0.0,
      0.0,
      0.0,
      0.0
    ],
    [
      0.0,
      0.0,
      0.0,
      0.0,
      0.0,
      0.0,
      0.0,
      0.0,
      0.0,
      0.0,
      0.0,
      0.0,
      0.0,
      0.0,
      0.0,
      0.0
    ]
  ]
}