{
  "config": {
    "symbols": [
      "H",
      "H"
    ],
    "geometry": [
      [
        0.0,
        0.0,
        0.0
      ],
      [
        0.0,
        0.0,
        0.7414
      ]
    ],
    "basis": "STO-3G",
    "ansatz": "RY-CZ",
    "optimizer": {
      "name": "Nesterov",
      "stepsize": 0.1,
      "iterations_planned": 50
    },
    "seed": 4,
    "noisy": true,
    "depolarizing_prob": 0.06,
    "amplitude_damping_prob": 0.0
  },
  "energies": [
    1.2277260410117754,
    1.2277260410117754,
    1.2277161687933669,
    1.2276986167723214,
    1.2276693338064906,
    1.2276215857994714,
    1.2275444415262085,
    1.2274203032901112,
    1.2272209274748662,
    1.2269010418807866,
    1.226388133405727,
    1.2255661428924394,
    1.2242495049632371,
    1.222141990866218,
    1.2187719057375286,
    1.2133911907786694,
    1.2048212278190575,
    1.191224562921627,
    1.1697855946290765,
    1.1363108588760893,
    1.0848470345704302,
    1.0076252477833996,
    0.8960296389767393,
    0.7437198205237074,
    0.5527247515350568,
    0.340625847556445,
    0.14172508187270835,
    -0.005710743017254827,
    -0.08105188937580723,
    -0.09218637026704216,
    -0.0662146579506542,
    -0.032499233862847865,
    -0.01235355826110951,
    -0.017225619015417415,
    -0.05075616917787462,
    -0.11118562011066227,
    -0.1931017412503186,
    -0.2887745581919876,
    -0.3894259577016529,
    -0.4864499184955135,
    -0.5724188090886202,
    -0.6418224829277988,
    -0.6915973071904498,
    -0.7213945994883816,
    -0.7334083310782467,
    -0.7316910884295538,
    -0.7211511435981013,
    -0.7065684626081306,
    -0.6918923358873802,
    -0.6799036553174873,
    -0.6721826104310014
  ],
  "final_params": [
    -2.8955348073618965,
    -3.687289354584167,
    6.687971536926052e-06,
    7.880471915739545e-05
  ],
  "final_state_real": [
    [
      0.005301171932985568,
      2.001754043369523e-07,
      5.187941541095799e-09,
      -1.9589975743642377e-13,
      -0.005487534863411736,
      -2.0721257940411037e-07,
      1.758564521469205e-08,
      -6.640444200521037e-13,
      -0.003368146367455855,
      -1.2718320957981052e-07,
      -3.534514777744789e-08,
      1.3346537969458464e-12,
      0.02465374861384084,
      9.309402071075588e-07,
      -7.900671013972582e-08,
      2.9833403537066447e-12
    ],
    [
      2.001754043369523e-07,
      0.00022088217209053075,
      1.9589975743642377e-13,
      2.1616422283856316e-10,
      -2.0721257940411042e-07,
      -0.00022864729448045958,
      6.640444200521037e-13,
      7.327351900240715e-10,
      -1.2718320957981057e-07,
      -0.00014033943719751936,
      -1.3346537969458464e-12,
      -1.4727144359480182e-09,
      9.309402071075588e-07,
      0.0010272395637868294,
      -2.9833403537066447e-12,
      -3.2919461333749245e-09
    ],
    [
      5.187941541095799e-09,
      1.9589975743642377e-13,
      0.00022088216393368254,
      8.340641845142566e-09,
      -1.758564521469205e-08,
      -6.640444200521037e-13,
      -0.0002286472859143443,
      -8.633857477488563e-09,
      -3.534514777744789e-08,
      -1.3346537969458466e-12,
      -0.00014033943201499386,
      -5.299300397741637e-09,
      7.900671013972585e-08,
      2.9833403537066447e-12,
      0.0010272395253019982,
      3.878917530655916e-08
    ],
    [
      -1.9589975743642377e-13,
      2.1616422283856316e-10,
      8.340641845142566e-09,
      9.203423839575614e-06,
      6.640444200521037e-13,
      -7.327351900240715e-10,
      -8.633857477488566e-09,
      -9.526970600804786e-06,
      1.3346537969458466e-12,
      -1.4727144359480182e-09,
      -5.2993003977416396e-09,
      -5.847476551466081e-06,
      -2.9833403537066447e-12,
      3.2919461333749254e-09,
      3.878917530655916e-08,
      4.2801648479671903e-05
    ],
    [
      -0.005487534863411736,
      -2.0721257940411037e-07,
      -1.758564521469205e-08,
      6.640444200521037e-13,
      0.044331697680447646,
      1.6739912646314275e-06,
      -1.41143694268896e-07,
      5.329669822207988e-12,
      -0.02465374861384084,
      -9.309402071075588e-07,
      -7.900671013972582e-08,
      2.9833403537066447e-12,
      0.09163415149829718,
      3.4601600474623076e-06,
      -2.955781147166261e-07,
      1.1161205367836902e-11
    ],
    [
      -2.0721257940411042e-07,
      -0.00022864729448045958,
      -6.640444200521037e-13,
      -7.327351900240715e-10,
      1.6739912646314275e-06,
      0.0018471541387270606,
      -5.329669822207988e-12,
      -5.880987042455241e-09,
      -9.309402071075588e-07,
      -0.0010272395637868294,
      -2.9833403537066447e-12,
      -3.2919461333749245e-09,
      3.4601600474623076e-06,
      0.0038180897877834875,
      -1.1161205367836906e-11,
      -1.2315754321763533e-08
    ],
    [
      1.758564521469205e-08,
      6.640444200521037e-13,
      -0.0002286472859143443,
      -8.633857477488563e-09,
      -1.41143694268896e-07,
      -5.329669822207988e-12,
      0.001847154070514421,
      6.974963600765707e-08,
      7.900671013972585e-08,
      2.9833403537066447e-12,
      -0.0010272395253019982,
      -3.878917530655916e-08,
      -2.955781147166261e-07,
      -1.1161205367836902e-11,
      0.0038180896467871444,
      1.441733352723748e-07
    ],
    [
      -6.640444200521037e-13,
      7.327351900240715e-10,
      -8.633857477488566e-09,
      -9.526970600804786e-06,
      5.329669822207988e-12,
      -5.880987042455241e-09,
      6.974963600765707e-08,
      7.696475580095122e-05,
      -2.9833403537066447e-12,
      3.2919461333749254e-09,
      -3.878917530655916e-08,
      -4.2801648479671903e-05,
      1.1161205367836906e-11,
      -1.2315754321763533e-08,
      1.441733352723748e-07,
      0.00015908707453367706
    ],
    [
      -0.003368146367455855,
      -1.2718320957981052e-07,
      -3.534514777744789e-08,
      1.3346537969458464e-12,
      -0.02465374861384084,
      -9.309402071075588e-07,
      7.900671013972582e-08,
      -2.9833403537066447e-12,
      0.09313279096640371,
      3.5167495648889894e-06,
      9.114352094229893e-08,
      -3.4416335463808305e-12,
      -0.2079138518720196,
      -7.85095067504682e-06,
      6.662917549043436e-07,
      -2.5159572854415817e-11
    ],
    [
      -1.2718320957981057e-07,
      -0.00014033943719751936,
      -1.3346537969458464e-12,
      -1.4727144359480182e-09,
      -9.309402071075588e-07,
      -0.0010272395637868294,
      2.9833403537066447e-12,
      3.2919461333749245e-09,
      3.5167495648889894e-06,
      0.003880533101277291,
      3.441633546380829e-12,
      3.79764656467214e-09,
      -7.85095067504682e-06,
      -0.008663077483573776,
      2.5159572854415817e-11,
      2.776215542170857e-08
    ],
    [
      -3.534514777744789e-08,
      -1.3346537969458466e-12,
      -0.00014033943201499386,
      -5.299300397741637e-09,
      -7.900671013972585e-08,
      -2.9833403537066447e-12,
      -0.0010272395253019982,
      -3.878917530655916e-08,
      9.114352094229893e-08,
      3.4416335463808305e-12,
      0.003880532957975009,
      1.4653123183118924e-07,
      -6.662917549043436e-07,
      -2.5159572854415817e-11,
      -0.008663077159017474,
      -3.2712294488141615e-07
    ],
    [
      1.3346537969458466e-12,
      -1.4727144359480182e-09,
      -5.2993003977416396e-09,
      -5.847476551466081e-06,
      2.9833403537066447e-12,
      -3.2919461333749254e-09,
      -3.878917530655916e-08,
      -4.2801648479671903e-05,
      -3.441633546380829e-12,
      3.79764656467214e-09,
      1.4653123183118924e-07,
      0.00016168887926328385,
      2.5159572854415817e-11,
      -2.776215542170857e-08,
      -3.2712294488141615e-07,
      -0.0003609615617190461
    ],
    [
      0.02465374861384084,
      9.309402071075588e-07,
      7.900671013972582e-08,
      -2.9833403537066447e-12,
      0.09163415149829718,
      3.4601600474623076e-06,
      -2.955781147166261e-07,
      1.1161205367836902e-11,
      -0.2079138518720196,
      -7.85095067504682e-06,
      -6.662917549043436e-07,
      2.5159572854415817e-11,
      0.7788343380392252,
      2.940924770962884e-05,
      -2.4796604110834575e-06,
      9.363345157381029e-11
    ],
    [
      9.309402071075588e-07,
      0.0010272395637868294,
      2.9833403537066447e-12,
      3.2919461333749245e-09,
      3.4601600474623076e-06,
      0.0038180897877834875,
      -1.1161205367836906e-11,
      -1.2315754321763533e-08,
      -7.85095067504682e-06,
      -0.008663077483573776,
      -2.5159572854415817e-11,
      -2.776215542170857e-08,
      2.940924770962884e-05,
      0.032451431958727066,
      -9.363345157381029e-11,
      -1.033191799520915e-07
    ],
    [
      -7.900671013972585e-08,
      -2.9833403537066447e-12,
      0.0010272395253019982,
      3.878917530655916e-08,
      -2.955781147166261e-07,
      -1.1161205367836902e-11,
      0.0038180896467871444,
      1.441733352723748e-07,
      6.662917549043436e-07,
      2.5159572854415817e-11,
      -0.008663077159017474,
      -3.2712294488141615e-07,
      -2.4796604110834575e-06,
      -9.363345157381029e-11,
      0.03245143076034425,
      1.2253853209068429e-06
    ],
    [
      2.9833403537066447e-12,
      -3.2919461333749254e-09,
      3.878917530655916e-08,
      4.2801648479671903e-05,
      1.1161205367836906e-11,
      -1.2315754321763533e-08,
      1.441733352723748e-07,
      0.00015908707453367706,
      -2.5159572854415817e-11,
      2.776215542170857e-08,
      -3.2712294488141615e-07,
      -0.0003609615617190461,
      9.363345157381029e-11,
      -1.033191799520915e-07,
      1.2253853209068429e-06,
      0.0013521429986432046
    ]
  ],
  "final_state_imag": [
    [
      0.0,
      0.0,
      0.0,
      0.0,
      0.0,
      0.0,
      0.0,
      0.0,
      0.0,
      0.0,
      0.0,
      0.0,
      0.0,
      0.0,
      0.0,
      0.0
    ],
    [
      0.0,
      0.0,
      0.0,
      0.0,
      0.0,
      0.0,
      0.0,
      0.0,
      0.0,
      0.0,
      0.0,
      0.0,
      0.0,
      0.0,
      0.0,
      0.0
    ],
    [
      0.0,
      0.0,
      0.0,
      0.0,
      0.0,
      0.0,
      0.0,
      0.0,
      0.0,
      0.0,
      0.0,
      0.0,
      0.0,
      0.0,
      0.0,
      0.0
    ],
    [
      0.0,
      0.0,
      0.0,
      0.0,
      0.0,
      0.0,
      0.0,
      0.0,
      0.0,
      0.0,
      0.0,
      0.0,
      0.0,
      0.0,
      0.0,
      0.0
    ],
    [
      0.0,
      0.0,
      0.0,
      0.0,
      0.0,
      0.0,
      0.0,
      0.0,
      0.0,
      0.0,
      0.0,
      0.0,
      0.0,
      0.0,
      0.0,
      0.0
    ],
    [
      0.0,
      0.0,
      0.0,
      0.0,
      0.0,
      0.0,
      0.0,
      0.0,
      0.0,
      0.0,
      0.0,
      0.0,
      0.0,
      0.0,
      0.0,
      0.0
    ],
    [
      0.0,
      0.0,
      0.0,
      0.0,
      0.0,
      0.0,
      0.0,
      0.0,
      0.0,
      0.0,
      0.0,
      0.0,
      0.0,
      0.0,
      0.0,
      0.0
    ],
    [
      0.0,
      0.0,
      0.0,
      0.0,
      0.0,
      0.0,
      0.0,
      0.0,
      0.0,
      0.0,
      0.0,
      0.0,
      0.0,
      0.0,
      0.0,
      0.0
    ],
    [
      0.0,
      0.0,
      0.0,
      0.0,
      0.0,
      0.0,
      0.0,
      0.0,
      0.0,
      0.0,
      0.0,
      0.0,
      0.0,
      0.0,
      0.0,
      0.0
    ],
    [
      0.0,
      0.0,
      0.0,
      0.0,
      0.0,
      0.0,
      0.0,
      0.0,
      0.0,
      0.0,
      0.0,
      0.0,
      0.0,
      0.0,
      0.0,
      0.0
    ],
    [
      0.0,
      0.0,
      0.0,
      0.0,
      0.0,
      0.0,
      0.0,
      0.0,
      0.0,
      0.0,
      0.0,
      0.0,
      0.0,
      0.0,
      0.0,
      0.0
    ],
    [
      0.0,
      0.0,
      0.0,
      0.0,
      0.0,
      0.0,
      0.0,
      0.0,
      0.0,
      0.0,
      0.0,
      0.0,
      0.0,
      0.0,
      0.0,
      0.0
    ],
    [
      0.0,
      0.0,
      0.0,
      0.0,
      0.0,
      0.0,
      0.0,
      0.0,
      0.0,
      0.0,
      0.0,
      0.0,
      0.0,
      0.0,
      0.0,
      0.0
    ],
    [
      0.0,
      0.0,
      0.0,
      0.0,
      0.0,
      0.0,
      0.0,
      0.0,
      0.0,
      0.0,
      0.0,
      0.0,
      0.0,
      0.0,
      0.0,
      0.0
    ],
    [
      0.0,
      0.0,
      0.0,
      0.0,
      0.0,
      0.0,
      0.0,
      0.0,
      0.0,
      0.0,
      0.0,
      0.0,
      0.0,
      0.0,
      0.0,
      0.0
    ],
    [
      0.0,
      0.0,
      0.0,
      0.0,
      0.0,
      0.0,
      0.0,
      0.0,
      0.0,
      0.0,
      0.0,
      0.0,
      0.0,
      0.0,
      0.0,
      0.0
    ]
  ]
}