{
  "config": {
    "symbols": [
      "H",
      "H"
    ],
    "geometry": [
      [
        0.0,
        0.0,
        0.0
      ],
      [
        0.0,
        0.0,
        0.7414
      ]
    ],
    "basis": "STO-3G",
    "ansatz": "RY-CZ",
    "optimizer": {
      "name": "Momentum",
      "stepsize": 0.1,
      "iterations_planned": 50
    },
    "seed": 3,
    "noisy": true,
    "depolarizing_prob": 0.08,
    "amplitude_damping_prob": 0.0
  },
  "energies": [
    1.1902546338195592,
    1.1902546338195592,
    1.1902460156118357,
    1.1902276137429832,
    1.1901962318318418,
    1.1901462608112738,
    1.1900687970054566,
    1.1899501459419037,
    1.1897694744136778,
    1.189495217975511,
    1.1890796354966722,
    1.1884505888572487,
    1.1874991699723176,
    1.1860611356277393,
    1.183889172191162,
    1.1806117320436886,
    1.1756725526716951,
    1.1682431889688272,
    1.157099688781531,
    1.1404559132732168,
    1.115754610782904,
    1.0794428906368294,
    1.0268184913617875,
    0.9521503138909155,
    0.849458453003563,
    0.7145038419239274,
    0.5483707917655788,
    0.36192030718568713,
    0.17807628100208428,
    0.02723281297202798,
    -0.06558024322776143,
    -0.09429984990515494,
    -0.07476246303361866,
    -0.034870706435059934,
    -0.0014313334217201379,
    0.0074230744977430985,
    -0.016680249865945518,
    -0.07421246445405943,
    -0.15976444386475447,
    -0.2636301580652597,
    -0.373519606445994,
    -0.4768432319561252,
    -0.5632258840503611,
    -0.6263565354083441,
    -0.6645056744880502,
    -0.6797831340313861,
    -0.6767637656918819,
    -0.6611258635020532,
    -0.6386284788115952,
    -0.6144519075739961,
    -0.592802827419356
  ],
  "final_params": [
    -3.893883571684735,
    -2.7915867948957636,
    1.1334459793245992e-05,
    -0.00024348868999476557
  ],
  "final_state_real": [
    [
      0.012530576878907367,
      -1.4395817044352916e-06,
      -1.918248804864188e-08,
      -2.203789909551184e-12,
      -0.011201101484656148,
      1.2868442468992478e-06,
      5.99029231823945e-08,
      6.881977839747815e-12,
      -0.006296193106415478,
      7.233413506160682e-07,
      1.1763017314049293e-07,
      1.3514002353001889e-11,
      0.04189408856797206,
      -4.813023694735086e-06,
      -2.240474628965209e-07,
      -2.5739806887399763e-11
    ],
    [
      -1.4395817044352916e-06,
      0.0007059481783129241,
      2.203789909551184e-12,
      -1.0807032686221602e-09,
      1.2868442468992478e-06,
      -0.0006310481364590375,
      -6.881977839747815e-12,
      3.3748116886130048e-09,
      7.233413506160678e-07,
      -0.00035471519761091566,
      -1.3514002353001889e-11,
      6.627050269973797e-09,
      -4.813023694735086e-06,
      0.0023602309608286008,
      2.5739806887399763e-11,
      -1.2622388965643846e-08
    ],
    [
      -1.9182488048641892e-08,
      2.2037899095511853e-12,
      0.0007059479935793099,
      -8.11031945700132e-08,
      -5.99029231823945e-08,
      6.881977839747815e-12,
      -0.0006310479706081632,
      7.249826747216888e-08,
      1.1763017314049293e-07,
      -1.3514002353001889e-11,
      -0.0003547151047884926,
      4.075162536367738e-08,
      2.240474628965209e-07,
      -2.5739806887399763e-11,
      0.0023602303405171757,
      -2.7115626464630753e-07
    ],
    [
      -2.2037899095511853e-12,
      -1.0807032686221606e-09,
      -8.11031945700132e-08,
      3.977172837827348e-05,
      -6.881977839747815e-12,
      -3.3748116886130048e-09,
      7.249826747216888e-08,
      -3.5552007667642665e-05,
      1.3514002353001889e-11,
      6.627050269973797e-09,
      4.075162536367735e-08,
      -1.9983954806344833e-05,
      2.5739806887399763e-11,
      1.2622388965643846e-08,
      -2.7115626464630753e-07,
      0.00013297075828102502
    ],
    [
      -0.011201101484656148,
      1.2868442468992478e-06,
      -5.99029231823945e-08,
      -6.881977839747815e-12,
      0.14329442374066542,
      -1.646245282704394e-05,
      -7.636366469176149e-07,
      -8.773078511886205e-11,
      -0.04189408856797207,
      4.813023694735086e-06,
      -2.240474628965209e-07,
      -2.5739806887399766e-11,
      -0.2506454730969753,
      2.8795532788063977e-05,
      1.3451693435642854e-06,
      1.5454046516111066e-10
    ],
    [
      1.2868442468992478e-06,
      -0.0006310481364590375,
      6.881977839747815e-12,
      -3.3748116886130048e-09,
      -1.646245282704394e-05,
      0.008072927398291,
      8.773078511886205e-11,
      -4.302177164249355e-08,
      4.8130236947350875e-06,
      -0.0023602309608286008,
      2.5739806887399766e-11,
      -1.2622388965643846e-08,
      2.879553278806397e-05,
      -0.014120875426975528,
      -1.5454046516111066e-10,
      7.578416849545087e-08
    ],
    [
      5.99029231823945e-08,
      -6.881977839747815e-12,
      -0.0006310479706081632,
      7.249826747216888e-08,
      -7.636366469176151e-07,
      8.773078511886207e-11,
      0.008072925285754835,
      -9.274621305743493e-07,
      2.240474628965209e-07,
      -2.5739806887399763e-11,
      -0.0023602303405171757,
      2.7115626464630753e-07,
      1.3451693435642854e-06,
      -1.5454046516111066e-10,
      -0.014120871731802934,
      1.6222835364344012e-06
    ],
    [
      6.881977839747815e-12,
      3.3748116886130048e-09,
      7.249826747216888e-08,
      -3.5552007667642665e-05,
      -8.773078511886207e-11,
      -4.302177164249355e-08,
      -9.274621305743493e-07,
      0.00045481281142994827,
      2.5739806887399763e-11,
      1.2622388965643846e-08,
      2.7115626464630763e-07,
      -0.00013297075828102502,
      1.5454046516111066e-10,
      7.578416849545087e-08,
      1.6222835364344012e-06,
      -0.0007955422780284624
    ],
    [
      -0.006296193106415478,
      7.233413506160682e-07,
      1.1763017314049293e-07,
      1.3514002353001889e-11,
      -0.04189408856797206,
      4.813023694735086e-06,
      2.240474628965209e-07,
      2.5739806887399763e-11,
      0.059535037365016204,
      -6.83971307879818e-06,
      -9.113947057395596e-08,
      -1.0470604496320355e-11,
      0.11141935428834986,
      -1.2800469244529261e-05,
      -5.958650611379506e-07,
      -6.845626103663265e-11
    ],
    [
      7.233413506160678e-07,
      -0.00035471519761091566,
      -1.3514002353001889e-11,
      6.627050269973797e-09,
      4.813023694735086e-06,
      -0.0023602309608286008,
      -2.5739806887399763e-11,
      1.2622388965643846e-08,
      -6.839713078798181e-06,
      0.003354087491723673,
      1.0470604496320355e-11,
      -5.134616713953369e-09,
      -1.2800469244529261e-05,
      0.00627714836665377,
      6.845626103663265e-11,
      -3.356985379564037e-08
    ],
    [
      1.1763017314049293e-07,
      -1.3514002353001889e-11,
      -0.0003547151047884926,
      4.075162536367738e-08,
      -2.240474628965209e-07,
      2.5739806887399763e-11,
      -0.0023602303405171757,
      2.7115626464630753e-07,
      -9.113947057395599e-08,
      1.0470604496320359e-11,
      0.0033540866140208537,
      -3.8533594788246857e-07,
      5.958650611379506e-07,
      -6.845626103663265e-11,
      0.00627714671690554,
      -7.211531972849639e-07
    ],
    [
      1.3514002353001889e-11,
      6.627050269973797e-09,
      4.075162536367735e-08,
      -1.9983954806344833e-05,
      -2.5739806887399763e-11,
      -1.2622388965643846e-08,
      2.7115626464630753e-07,
      -0.00013297075828102502,
      -1.0470604496320359e-11,
      -5.134616713953371e-09,
      -3.8533594788246867e-07,
      0.00018896267569751762,
      6.845626103663265e-11,
      3.356985379564037e-08,
      -7.211531972849639e-07,
      0.0003536421613007829
    ],
    [
      0.04189408856797207,
      -4.813023694735086e-06,
      2.240474628965209e-07,
      2.5739806887399766e-11,
      -0.2506454730969753,
      2.8795532788063977e-05,
      1.3451693435642854e-06,
      1.5454046516111066e-10,
      0.11141935428834986,
      -1.2800469244529261e-05,
      5.958650611379506e-07,
      6.845626103663265e-11,
      0.6808177272316345,
      -7.821609121824716e-05,
      -3.6281758411349495e-06,
      -4.1682482942230623e-10
    ],
    [
      -4.8130236947350875e-06,
      0.0023602309608286008,
      -2.5739806887399766e-11,
      1.2622388965643846e-08,
      2.879553278806397e-05,
      -0.014120875426975528,
      -1.5454046516111066e-10,
      7.578416849545087e-08,
      -1.2800469244529261e-05,
      0.00627714836665377,
      -6.845626103663265e-11,
      3.356985379564037e-08,
      -7.821609121824716e-05,
      0.03835593835359211,
      4.1682482942230623e-10,
      -2.04404219135072e-07
    ],
    [
      -2.240474628965209e-07,
      2.5739806887399763e-11,
      0.0023602303405171757,
      -2.7115626464630753e-07,
      1.3451693435642854e-06,
      -1.5454046516111066e-10,
      -0.014120871731802934,
      1.6222835364344012e-06,
      -5.958650611379506e-07,
      6.845626103663265e-11,
      0.00627714671690554,
      -7.211531972849639e-07,
      -3.6281758411349495e-06,
      4.1682482942230623e-10,
      0.038355928316550644,
      -4.406540347821252e-06
    ],
    [
      -2.5739806887399763e-11,
      -1.2622388965643846e-08,
      -2.7115626464630763e-07,
      0.00013297075828102502,
      1.5454046516111066e-10,
      7.578416849545087e-08,
      1.6222835364344012e-06,
      -0.0007955422780284624,
      -6.845626103663265e-11,
      -3.356985379564037e-08,
      -7.211531972849639e-07,
      0.0003536421613007829,
      -4.1682482942230623e-10,
      -2.04404219135072e-07,
      -4.406540347821252e-06,
      0.0021608979366424105
    ]
  ],
  "final_state_imag": [
    [
      0.0,
      0.0,
      0.0,
      0.0,
      0.0,
      0.0,
      0.0,
      0.0,
      0.0,
      0.0,
      0.0,
      0.0,
      0.0,
      0.0,
      0.0,
      0.0
    ],
    [
      0.0,
      0.0,
      0.0,
      0.0,
      0.0,
      0.0,
      0.0,
      0.0,
      0.0,
      0.0,
      0.0,
      0.0,
      0.0,
      0.0,
      0.0,
      0.0
    ],
    [
      0.0,
      0.0,
      0.0,
      0.0,
      0.0,
      0.0,
      0.0,
      0.0,
      0.0,
      0.0,
      0.0,
      0.0,
      0.0,
      0.0,
      0.0,
      0.0
    ],
    [
      0.0,
      0.0,
      0.0,
      0.0,
      0.0,
      0.0,
      0.0,
      0.0,
      0.0,
      0.0,
      0.0,
      0.0,
      0.0,
      0.0,
      0.0,
      0.0
    ],
    [
      0.0,
      0.0,
      0.0,
      0.0,
      0.0,
      0.0,
      0.0,
      0.0,
      0.0,
      0.0,
      0.0,
      0.0,
      0.0,
      0.0,
      0.0,
      0.0
    ],
    [
      0.0,
      0.0,
      0.0,
      0.0,
      0.0,
      0.0,
      0.0,
      0.0,
      0.0,
      0.0,
      0.0,
      0.0,
      0.0,
      0.0,
      0.0,
      0.0
    ],
    [
      0.0,
      0.0,
      0.0,
      0.0,
      0.0,
      0.0,
      0.0,
      0.0,
      0.0,
      0.0,
      0.0,
      0.0,
      0.0,
      0.0,
      0.0,
      0.0
    ],
    [
      0.0,
      0.0,
      0.0,
      0.0,
      0.0,
      0.0,
      0.0,
      0.0,
      0.0,
      0.0,
      0.0,
      0.0,
      0.0,
      0.0,
      0.0,
      0.0
    ],
    [
      0.0,
      0.0,
      0.0,
      0.0,
      0.0,
      0.0,
      0.0,
      0.0,
      0.0,
      0.0,
      0.0,
      0.0,
      0.0,
      0.0,
      0.0,
      0.0
    ],
    [
      0.0,
      0.0,
      0.0,
      0.0,
      0.0,
      0.0,
      0.0,
      0.0,
      0.0,
      0.0,
      0.0,
      0.0,
      0.0,
      0.0,
      0.0,
      0.0
    ],
    [
      0.0,
      0.0,
      0.0,
      0.0,
      0.0,
      0.0,
      0.0,
      0.0,
      0.0,
      0.0,
      0.0,
      0.0,
      0.0,
      0.0,
      0.0,
      0.0
    ],
    [
      0.0,
      0.0,
      0.0,
      0.0,
      0.0,
      0.0,
      0.0,
      0.0,
      0.0,
      0.0,
      0.0,
      0.0,
      0.0,
      0.0,
      0.0,
      0.0
    ],
    [
      0.0,
      0.0,
      0.0,
      0.0,
      0.0,
      0.0,
      0.0,
      0.0,
      0.0,
      0.0,
      0.0,
      0.0,
      0.0,
      0.0,
      0.0,
      0.0
    ],
    [
      0.0,
      0.0,
      0.0,
      0.0,
      0.0,
      0.0,
      0.0,
      0.0,
      0.0,
      0.0,
      0.0,
      0.0,
      0.0,
      0.0,
      0.0,
      0.0
    ],
    [
      0.0,
      0.0,
      0.0,
      0.0,
      0.0,
      0.0,
      0.0,
      0.0,
      0.0,
      0.0,
      0.0,
      0.0,
      0.0,
      0.0,
      0.0,
      0.0
    ],
    [
      0.0,
      0.0,
      0.0,
      0.0,
      0.0,
      0.0,
      0.0,
      0.0,
      0.0,
      0.0,
      0.0,
      0.0,
      0.0,
      0.0,
      0.0,
      0.0
    ]
  ]
}