{
  "config": {
    "symbols": [
      "H",
      "H"
    ],
    "geometry": [
      [
        0.0,
        0.0,
        0.0
      ],
      [
        0.0,
        0.0,
        0.7414
      ]
    ],
    "basis": "STO-3G",
    "ansatz": "RY-CZ",
    "optimizer": {
      "name": "GradientDescent",
      "stepsize": 0.1,
      "iterations_planned": 50
    },
    "seed": 4,
    "noisy": true,
    "depolarizing_prob": 0.1,
    "amplitude_damping_prob": 0.0
  },
  "energies": [
    1.1542818836330966,
    1.1542818836330966,
    1.154275667757127,
    1.1542687021563032,
    1.1542608963937395,
    1.1542521491134698,
    1.154242346770959,
    1.1542313620878906,
    1.1542190524632823,
    1.154205258109251,
    1.1541897999529602,
    1.1541724773286641,
    1.1541530654305663,
    1.1541313123231778,
    1.1541069356953377,
    1.1540796192661367,
    1.1540490086034696,
    1.1540147066435638,
    1.1539762684635093,
    1.1539331955857346,
    1.1538849295740718,
    1.1538308447259034,
    1.1537702401510126,
    1.153702330620274,
    1.153626236606175,
    1.1535409728520318,
    1.153445435825398,
    1.1533383895678377,
    1.1532184499195992,
    1.1530840668683056,
    1.1529335047898543,
    1.1527648204255363,
    1.1525758383506395,
    1.1523641234409965,
    1.152126950335665,
    1.1518612692703238,
    1.1515636681497468,
    1.151230330006833,
    1.150856986361399,
    1.1504388645224508,
    1.1499706297208732,
    1.1494463206891545,
    1.1488592786544678,
    1.1482020684377479,
    1.1474663916431487,
    1.1466429909630014,
    1.1457215450683447,
    1.1446905537170076,
    1.1435372118189024,
    1.1422472725535686,
    1.1408048994758013
  ],
  "final_params": [
    -0.22690501738515517,
    0.020111389622929413,
    0.0006690269454697775,
    0.008168680894181293
  ],
  "final_state_real": [
    [
      0.7497216709166428,
      0.002843408168945466,
      0.00023287437311175757,
      -8.832057403888623e-07,
      0.006987687653726261,
      2.6501633289569232e-05,
      -2.1705080417107e-06,
      8.231928384318599e-09,
      -0.07924823755344754,
      -0.0003005583202076834,
      -2.4616357739369353e-05,
      9.336067413670731e-08,
      0.0007400052174950138,
      2.806557459099194e-06,
      -2.2985962668555833e-07,
      8.717719303312901e-10
    ],
    [
      0.002843408168945466,
      0.05356399097094272,
      8.832057403888623e-07,
      1.6630018794072206e-05,
      2.6501633289569232e-05,
      0.0004992365205801504,
      -8.231928384318599e-09,
      -1.550002649240041e-07,
      -0.0003005583202076834,
      -0.005661903670979717,
      -9.336067413670731e-08,
      -1.7579027111362672e-06,
      2.806557459099194e-06,
      5.286979732077197e-05,
      -8.717719303312901e-10,
      -1.6414729799164225e-08
    ],
    [
      0.00023287437311175757,
      8.832057403888623e-07,
      0.053551631387914,
      0.0002031002669442005,
      2.1705080417107e-06,
      8.231928384318599e-09,
      0.0004991197687670834,
      1.8929767567816188e-06,
      -2.4616357739369353e-05,
      -9.336067413670731e-08,
      -0.005660597219252478,
      -2.1468417982747855e-05,
      2.2985962668555833e-07,
      8.717719303312901e-10,
      5.285743315180754e-05,
      2.0046870238514297e-07
    ],
    [
      -8.832057403888623e-07,
      1.6630018794072206e-05,
      0.0002031002669442005,
      0.003826005318259504,
      -8.231928384318597e-09,
      1.550002649240041e-07,
      1.8929767567816188e-06,
      3.5659695890838896e-05,
      9.336067413670731e-08,
      -1.7579027111362672e-06,
      -2.1468417982747855e-05,
      -0.0004044223211148108,
      -8.717719303312899e-10,
      1.6414729799164225e-08,
      2.0046870238514297e-07,
      3.7764082084342176e-06
    ],
    [
      0.006987687653726261,
      2.6501633289569232e-05,
      2.1705080417107e-06,
      -8.231928384318599e-09,
      0.0536269752835619,
      0.0002033866506895601,
      1.661045462815264e-05,
      -6.299726621706343e-08,
      -0.0007400052174950138,
      -2.806557459099194e-06,
      -2.2985962668555833e-07,
      8.717719303312901e-10,
      -0.005652615342139342,
      -2.1438212690443237e-05,
      -1.7607878487045265e-06,
      6.678012332582745e-09
    ],
    [
      2.6501633289569232e-05,
      0.0004992365205801504,
      8.231928384318599e-09,
      1.550002649240041e-07,
      0.0002033866506895601,
      0.003831388275565868,
      6.299726621706343e-08,
      1.1861853623184929e-06,
      -2.806557459099194e-06,
      -5.286979732077197e-05,
      -8.717719303312901e-10,
      -1.6414729799164225e-08,
      -2.1438212690443237e-05,
      -0.0004038520545609624,
      -6.678012332582745e-09,
      -1.2574133694941908e-07
    ],
    [
      -2.1705080417107e-06,
      -8.231928384318599e-09,
      0.0004991197687670834,
      1.8929767567816188e-06,
      1.661045462815264e-05,
      6.299726621706343e-08,
      0.0038305042047442465,
      1.4527595263699462e-05,
      2.2985962668555833e-07,
      8.717719303312901e-10,
      -5.285743315180754e-05,
      -2.0046870238514297e-07,
      -1.7607878487045265e-06,
      -6.678012332582745e-09,
      -0.0004037588680207293,
      -1.5312985197796535e-06
    ],
    [
      8.231928384318597e-09,
      -1.550002649240041e-07,
      1.8929767567816188e-06,
      3.5659695890838896e-05,
      -6.299726621706343e-08,
      1.1861853623184929e-06,
      1.4527595263699462e-05,
      0.00027367101765408535,
      -8.717719303312899e-10,
      1.6414729799164225e-08,
      -2.0046870238514297e-07,
      -3.7764082084342176e-06,
      6.678012332582745e-09,
      -1.2574133694941908e-07,
      -1.5312985197796535e-06,
      -2.8846620285976725e-05
    ],
    [
      -0.07924823755344754,
      -0.0003005583202076834,
      -2.4616357739369353e-05,
      9.336067413670731e-08,
      -0.0007400052174950138,
      -2.806557459099194e-06,
      2.2985962668555833e-07,
      -8.717719303312901e-10,
      0.06322635171794748,
      0.00023979342193433765,
      1.9639017506935022e-05,
      -7.448347693199488e-08,
      0.00040878034378415525,
      1.5503478838489192e-06,
      -1.269749117941229e-07,
      4.815685362172498e-10
    ],
    [
      -0.0003005583202076834,
      -0.005661903670979717,
      -9.336067413670731e-08,
      -1.7579027111362672e-06,
      -2.806557459099194e-06,
      -5.286979732077197e-05,
      8.717719303312901e-10,
      1.6414729799164225e-08,
      0.00023979342193433765,
      0.0045172173406767225,
      7.448347693199488e-08,
      1.4024610173860002e-06,
      1.5503478838489192e-06,
      2.9205380467103805e-05,
      -4.815685362172496e-10,
      -9.067529163024564e-09
    ],
    [
      -2.4616357739369353e-05,
      -9.336067413670731e-08,
      -0.005660597219252478,
      -2.1468417982747855e-05,
      -2.2985962668555833e-07,
      -8.717719303312901e-10,
      -5.285743315180754e-05,
      -2.0046870238514297e-07,
      1.9639017506935022e-05,
      7.448347693199488e-08,
      0.004516175018740499,
      1.71280748709354e-05,
      1.2697491179412285e-07,
      4.815685362172496e-10,
      2.919855047574645e-05,
      1.1073930715835047e-07
    ],
    [
      9.336067413670731e-08,
      -1.7579027111362672e-06,
      -2.1468417982747855e-05,
      -0.0004044223211148108,
      8.717719303312899e-10,
      -1.6414729799164225e-08,
      -2.0046870238514297e-07,
      -3.7764082084342176e-06,
      -7.448347693199488e-08,
      1.4024610173860002e-06,
      1.71280748709354e-05,
      0.0003226588843713829,
      -4.815685362172496e-10,
      9.067529163024561e-09,
      1.1073930715835047e-07,
      2.086095353406677e-06
    ],
    [
      0.0007400052174950138,
      2.806557459099194e-06,
      2.2985962668555833e-07,
      -8.717719303312901e-10,
      -0.005652615342139342,
      -2.1438212690443237e-05,
      -1.7607878487045265e-06,
      6.678012332582745e-09,
      0.00040878034378415536,
      1.5503478838489192e-06,
      1.2697491179412293e-07,
      -4.815685362172498e-10,
      0.004522529002933343,
      1.715222649961685e-05,
      1.400811110649295e-06,
      -5.312754673663527e-09
    ],
    [
      2.806557459099194e-06,
      5.286979732077197e-05,
      8.717719303312901e-10,
      1.6414729799164225e-08,
      -2.1438212690443237e-05,
      -0.0004038520545609624,
      -6.678012332582745e-09,
      -1.2574133694941908e-07,
      1.5503478838489192e-06,
      2.9205380467103812e-05,
      4.815685362172496e-10,
      9.067529163024564e-09,
      1.715222649961685e-05,
      0.0003231128458415361,
      5.312754673663527e-09,
      1.0003468731127105e-07
    ],
    [
      -2.2985962668555833e-07,
      -8.717719303312901e-10,
      5.285743315180754e-05,
      2.0046870238514297e-07,
      -1.7607878487045265e-06,
      -6.678012332582745e-09,
      -0.0004037588680207293,
      -1.5312985197796535e-06,
      -1.2697491179412288e-07,
      -4.815685362172496e-10,
      2.9198550475746455e-05,
      1.1073930715835047e-07,
      1.400811110649295e-06,
      5.312754673663527e-09,
      0.00032303828940962294,
      1.225157126158057e-06
    ],
    [
      8.717719303312899e-10,
      -1.6414729799164225e-08,
      2.0046870238514297e-07,
      3.7764082084342176e-06,
      6.678012332582745e-09,
      -1.2574133694941908e-07,
      -1.5312985197796535e-06,
      -2.8846620285976725e-05,
      4.815685362172496e-10,
      -9.067529163024561e-09,
      1.1073930715835047e-07,
      2.086095353406677e-06,
      -5.312754673663527e-09,
      1.0003468731127105e-07,
      1.225157126158057e-06,
      2.3079524960309788e-05
    ]
  ],
  "final_state_imag": [
    [
      0.0,
      0.0,
      0.0,
      0.0,
      0.0,
      0.0,
      0.0,
      0.0,
      0.0,
      0.0,
      0.0,
      0.0,
      0.0,
      0.0,
      0.0,
      0.0
    ],
    [
      0.0,
      0.0,
      0.0,
      0.0,
      0.0,
      0.0,
      0.0,
      0.0,
      0.0,
      0.0,
      0.0,
      0.0,
      0.0,
      0.0,
      0.0,
      0.0
    ],
    [
      0.0,
      0.0,
      0.0,
      0.0,
      0.0,
      0.0,
      0.0,
      0.0,
      0.0,
      0.0,
      0.0,
      0.0,
      0.0,
      0.0,
      0.0,
      0.0
    ],
    [
      0.0,
      0.0,
      0.0,
      0.0,
      0.0,
      0.0,
      0.0,
      0.0,
      0.0,
      0.0,
      0.0,
      0.0,
      0.0,
      0.0,
      0.0,
      0.0
    ],
    [
      0.0,
      0.0,
      0.0,
      0.0,
      0.0,
      0.0,
      0.0,
      0.0,
      0.0,
      0.0,
      0.0,
      0.0,
      0.0,
      0.0,
      0.0,
      0.0
    ],
    [
      0.0,
      0.0,
      0.0,
      0.0,
      0.0,
      0.0,
      0.0,
      0.0,
      0.0,
      0.0,
      0.0,
      0.0,
      0.0,
      0.0,
      0.0,
      0.0
    ],
    [
      0.0,
      0.0,
      0.0,
      0.0,
      0.0,
      0.0,
      0.0,
      0.0,
      0.0,
      0.0,
      0.0,
      0.0,
      0.0,
      0.0,
      0.0,
      0.0
    ],
    [
      0.0,
      0.0,
      0.0,
      0.0,
      0.0,
      0.0,
      0.0,
      0.0,
      0.0,
      0.0,
      0.0,
      0.0,
      0.0,
      0.0,
      0.0,
      0.0
    ],
    [
      0.0,
      0.0,
      0.0,
      0.0,
      0.0,
      0.0,
      0.0,
      0.0,
      0.0,
      0.0,
      0.0,
      0.0,
      0.0,
      0.0,
      0.0,
      0.0
    ],
    [
      0.0,
      0.0,
      0.0,
      0.0,
      0.0,
      0.0,
      0.0,
      0.0,
      0.0,
      0.0,
      0.0,
      0.0,
      0.0,
      0.0,
      0.0,
      0.0
    ],
    [
      0.0,
      0.0,
      0.0,
      0.0,
      0.0,
      0.0,
      0.0,
      0.0,
      0.0,
      0.0,
      0.0,
      0.0,
      0.0,
      0.0,
      0.0,
      0.0
    ],
    [
      0.0,
      0.0,
      0.0,
      0.0,
      0.0,
      0.0,
      0.0,
      0.0,
      0.0,
      0.0,
      0.0,
      0.0,
      0.0,
      0.0,
      0.0,
      0.0
    ],
    [
      0.0,
      0.0,
      0.0,
      0.0,
      0.0,
      0.0,
      0.0,
      0.0,
      0.0,
      0.0,
      0.0,
      0.0,
      0.0,
      0.0,
      0.0,
      0.0
    ],
    [
      0.0,
      0.0,
      0.0,
      0.0,
      0.0,
      0.0,
      0.0,
      0.0,
      0.0,
      0.0,
      0.0,
      0.0,
      0.0,
      0.0,
      0.0,
      0.0
    ],
    [
      0.0,
      0.0,
      0.0,
      0.0,
      0.0,
      0.0,
      0.0,
      0.0,
      0.0,
      0.0,
      0.0,
      0.0,
      0.0,
      0.0,
      0.0,
      0.0
    ],
    [
      0.0,
      0.0,
      0.0,
      0.0,
      0.0,
      0.0,
      0.0,
      0.0,
      0.0,
      0.0,
      0.0,
      0.0,
      0.0,
      0.0,
      0.0,
      0.0
    ]
  ]
}