{
  "config": {
    "symbols": [
      "H",
      "H"
    ],
    "geometry": [
      [
        0.0,
        0.0,
        0.0
      ],
      [
        0.0,
        0.0,
        0.7414
      ]
    ],
    "basis": "STO-3G",
    "ansatz": "RY-CZ",
    "optimizer": {
      "name": "Nesterov",
      "stepsize": 0.1,
      "iterations_planned": 50
    },
    "seed": 4,
    "noisy": true,
    "depolarizing_prob": 0.04,
    "amplitude_damping_prob": 0.0
  },
  "energies": [
    1.266636793276357,
    1.266636793276357,
    1.2666328748368871,
    1.2666258592390682,
    1.2666140490919993,
    1.2665945873755198,
    1.2665627722597774,
    1.2665109251792077,
    1.2664265405158674,
    1.266289272311335,
    1.266066035066666,
    1.265703047208886,
    1.2651129259408596,
    1.264153793016131,
    1.262595547171067,
    1.2600656815082394,
    1.255962930748106,
    1.2493214643287511,
    1.238602061645538,
    1.221383439507758,
    1.1939382587614844,
    1.1507340833206041,
    1.0840629883887876,
    0.9843711128131453,
    0.8424525192378662,
    0.6550072188752878,
    0.43343127482926214,
    0.21006125975536954,
    0.03047670429282226,
    -0.07084396396887407,
    -0.09146342956307091,
    -0.0573609794230632,
    -0.0026454432449496135,
    0.04623339679683969,
    0.07474263085590468,
    0.07807144092143876,
    0.057836640361598024,
    0.019579190734201418,
    -0.029154965747862888,
    -0.08073665250051212,
    -0.12943364892133422,
    -0.1728750114753403,
    -0.21234059613589856,
    -0.251761055726031,
    -0.2959428458764185,
    -0.34872475164905076,
    -0.41156132141292556,
    -0.48277923704124015,
    -0.557662023976527,
    -0.6294629893133654,
    -0.6911999277418133
  ],
  "final_params": [
    -2.8901636356258065,
    -2.464277346530759,
    0.003868523300547326,
    0.000990474205633976
  ],
  "final_state_real": [
    [
      0.005162465171305854,
      2.4865989224664697e-06,
      6.19846186152504e-06,
      -2.985606961265941e-09,
      0.0030760290078133703,
      1.4816281173100293e-06,
      -5.786843226703914e-06,
      2.787343022733558e-09,
      -0.009338269702909786,
      -4.497954099530144e-06,
      -2.7525930979766207e-05,
      1.325838780401824e-08,
      -0.03309386378693511,
      -1.5940291516303603e-05,
      6.225851609800773e-05,
      -2.998799754082325e-08
    ],
    [
      2.4865989224664697e-06,
      0.0001414386671486204,
      2.985606961265941e-09,
      1.6981935382602127e-07,
      1.4816281173100293e-06,
      8.42755211974757e-05,
      -2.787343022733558e-09,
      -1.5854223183194087e-07,
      -4.497954099530144e-06,
      -0.0002558452941426444,
      -1.3258387804018238e-08,
      -7.54128349398843e-07,
      -1.59402915163036e-05,
      -0.000906689310145621,
      2.9987997540823244e-08,
      1.7056975117580799e-06
    ],
    [
      6.19846186152504e-06,
      2.985606961265941e-09,
      0.0001414567021847323,
      6.811670155287423e-08,
      5.786843226703914e-06,
      2.787343022733558e-09,
      8.426326738908677e-05,
      4.059809032781044e-08,
      -2.7525930979766204e-05,
      -1.325838780401824e-08,
      -0.00025587791732279694,
      -1.2321480325114774e-07,
      -6.225851609800774e-05,
      -2.9987997540823244e-08,
      -0.0009065574759318783,
      -4.367799093914666e-07
    ],
    [
      -2.985606961265941e-09,
      1.6981935382602127e-07,
      6.811670155287423e-08,
      3.875560754860641e-06,
      -2.787343022733558e-09,
      1.5854223183194087e-07,
      4.059809032781044e-08,
      2.308603319077802e-06,
      1.3258387804018238e-08,
      -7.541283493988429e-07,
      -1.2321480325114774e-07,
      -7.010416608727788e-06,
      2.998799754082324e-08,
      -1.7056975117580803e-06,
      -4.3677990939146656e-07,
      -2.4837413296676708e-05
    ],
    [
      0.0030760290078133694,
      1.481628117310029e-06,
      5.7868432267039124e-06,
      -2.787343022733557e-09,
      0.03420023390162896,
      1.6473189057153528e-05,
      -6.390398172379957e-05,
      3.0780567332594005e-08,
      0.03309386378693511,
      1.5940291516303603e-05,
      6.225851609800773e-05,
      -2.998799754082325e-08,
      0.09627430639378587,
      4.637233929840524e-05,
      -0.0001823534390315262,
      8.783399965122296e-08
    ],
    [
      1.481628117310029e-06,
      8.427552119747567e-05,
      2.787343022733557e-09,
      1.5854223183194081e-07,
      1.6473189057153528e-05,
      0.0009370010912817212,
      -3.0780567332594005e-08,
      -1.7507783585161091e-06,
      1.59402915163036e-05,
      0.000906689310145621,
      2.9987997540823244e-08,
      1.7056975117580799e-06,
      4.637233929840524e-05,
      0.0026376758244647993,
      -8.783399965122296e-08,
      -4.995939940601255e-06
    ],
    [
      -5.7868432267039124e-06,
      -2.787343022733557e-09,
      8.426326738908675e-05,
      4.059809032781043e-08,
      -6.390398172379957e-05,
      -3.078056733259401e-08,
      0.0009371205695606023,
      4.5125866197882253e-07,
      -6.225851609800774e-05,
      -2.9987997540823244e-08,
      0.0009065574759318783,
      4.367799093914666e-07,
      -0.0001823534390315262,
      -8.783399965122295e-08,
      0.0026380121580834963,
      1.2703016830574873e-06
    ],
    [
      2.787343022733557e-09,
      -1.5854223183194081e-07,
      4.059809032781043e-08,
      2.3086033190778013e-06,
      3.0780567332594005e-08,
      -1.7507783585161091e-06,
      4.5125866197882253e-07,
      2.5674765817873815e-05,
      2.998799754082324e-08,
      -1.7056975117580803e-06,
      4.3677990939146656e-07,
      2.4837413296676708e-05,
      8.783399965122295e-08,
      -4.995939940601255e-06,
      1.2703016830574873e-06,
      7.227495221373182e-05
    ],
    [
      -0.009338269702909786,
      -4.497954099530144e-06,
      -2.7525930979766207e-05,
      1.325838780401824e-08,
      0.03309386378693511,
      1.5940291516303603e-05,
      -6.225851609800773e-05,
      2.998799754082325e-08,
      0.11908678433214026,
      5.7360400462593824e-05,
      0.0001429849628811562,
      -6.887142489077125e-08,
      0.26911638430539975,
      0.0001296250460586956,
      -0.0005062807671049235,
      2.4385975366018073e-07
    ],
    [
      -4.497954099530144e-06,
      -0.0002558452941426444,
      -1.3258387804018238e-08,
      -7.54128349398843e-07,
      1.59402915163036e-05,
      0.000906689310145621,
      -2.9987997540823244e-08,
      -1.7056975117580799e-06,
      5.7360400462593824e-05,
      0.0032626808108213445,
      6.887142489077126e-08,
      3.917361201177329e-06,
      0.0001296250460586956,
      0.007373117578705803,
      -2.4385975366018073e-07,
      -1.387058187095908e-05
    ],
    [
      -2.7525930979766204e-05,
      -1.325838780401824e-08,
      -0.00025587791732279694,
      -1.2321480325114774e-07,
      6.225851609800774e-05,
      2.9987997540823244e-08,
      0.0009065574759318783,
      4.367799093914666e-07,
      0.00014298496288115618,
      6.887142489077124e-08,
      0.003263096839672796,
      1.571303375048631e-06,
      0.0005062807671049235,
      2.4385975366018073e-07,
      0.007372045514495998,
      3.5518557370468224e-06
    ],
    [
      1.3258387804018238e-08,
      -7.541283493988429e-07,
      -1.2321480325114774e-07,
      -7.010416608727788e-06,
      -2.998799754082324e-08,
      1.7056975117580803e-06,
      4.3677990939146656e-07,
      2.4837413296676708e-05,
      -6.887142489077125e-08,
      3.917361201177328e-06,
      1.571303375048631e-06,
      8.940071312160574e-05,
      -2.4385975366018073e-07,
      1.387058187095908e-05,
      3.5518557370468224e-06,
      0.00020197565642181932
    ],
    [
      -0.03309386378693511,
      -1.5940291516303603e-05,
      -6.225851609800773e-05,
      2.998799754082325e-08,
      0.09627430639378587,
      4.637233929840524e-05,
      -0.0001823534390315262,
      8.783399965122296e-08,
      0.26911638430539975,
      0.0001296250460586956,
      0.0005062807671049235,
      -2.4385975366018073e-07,
      0.7889246210104353,
      0.00038000045470826715,
      -0.001474125139246637,
      7.100403899926626e-07
    ],
    [
      -1.59402915163036e-05,
      -0.000906689310145621,
      -2.9987997540823244e-08,
      -1.7056975117580799e-06,
      4.637233929840524e-05,
      0.0026376758244647993,
      -8.783399965122296e-08,
      -4.995939940601255e-06,
      0.0001296250460586956,
      0.007373117578705803,
      2.4385975366018073e-07,
      1.387058187095908e-05,
      0.00038000045470826715,
      0.021614566524663065,
      -7.100403899926625e-07,
      -4.0386628844073625e-05
    ],
    [
      6.225851609800774e-05,
      2.9987997540823244e-08,
      -0.0009065574759318783,
      -4.367799093914666e-07,
      -0.0001823534390315262,
      -8.783399965122295e-08,
      0.0026380121580834963,
      1.2703016830574873e-06,
      -0.0005062807671049235,
      -2.4385975366018073e-07,
      0.007372045514495998,
      3.5518557370468224e-06,
      -0.001474125139246637,
      -7.100403899926627e-07,
      0.021617322627330553,
      1.0409550703755917e-05
    ],
    [
      -2.998799754082324e-08,
      1.7056975117580803e-06,
      -4.3677990939146656e-07,
      -2.4837413296676708e-05,
      8.783399965122295e-08,
      -4.995939940601255e-06,
      1.2703016830574873e-06,
      7.227495221373182e-05,
      2.4385975366018073e-07,
      -1.387058187095908e-05,
      3.5518557370468224e-06,
      0.00020197565642181932,
      7.100403899926626e-07,
      -4.0386628844073625e-05,
      1.0409550703755917e-05,
      0.0005922607123290172
    ]
  ],
  "final_state_imag": [
    [
      0.0,
      0.0,
      0.0,
      0.0,
      0.0,
      0.0,
      0.0,
      0.0,
      0.0,
      0.0,
      0.0,
      0.0,
      0.0,
      0.0,
      0.0,
      0.0
    ],
    [
      0.0,
      0.0,
      0.0,
      0.0,
      0.0,
      0.0,
      0.0,
      0.0,
      0.0,
      0.0,
      0.0,
      0.0,
      0.0,
      0.0,
      0.0,
      0.0
    ],
    [
      0.0,
      0.0,
      0.0,
      0.0,
      0.0,
      0.0,
      0.0,
      0.0,
      0.0,
      0.0,
      0.0,
      0.0,
      0.0,
      0.0,
      0.0,
      0.0
    ],
    [
      0.0,
      0.0,
      0.0,
      0.0,
      0.0,
      0.0,
      0.0,
      0.0,
      0.0,
      0.0,
      0.0,
      0.0,
      0.0,
      0.0,
      0.0,
      0.0
    ],
    [
      0.0,
      0.0,
      0.0,
      0.0,
      0.0,
      0.0,
      0.0,
      0.0,
      0.0,
      0.0,
      0.0,
      0.0,
      0.0,
      0.0,
      0.0,
      0.0
    ],
    [
      0.0,
      0.0,
      0.0,
      0.0,
      0.0,
      0.0,
      0.0,
      0.0,
      0.0,
      0.0,
      0.0,
      0.0,
      0.0,
      0.0,
      0.0,
      0.0
    ],
    [
      0.0,
      0.0,
      0.0,
      0.0,
      0.0,
      0.0,
      0.0,
      0.0,
      0.0,
      0.0,
      0.0,
      0.0,
      0.0,
      0.0,
      0.0,
      0.0
    ],
    [
      0.0,
      0.0,
      0.0,
      0.0,
      0.0,
      0.0,
      0.0,
      0.0,
      0.0,
      0.0,
      0.0,
      0.0,
      0.0,
      0.0,
      0.0,
      0.0
    ],
    [
      0.0,
      0.0,
      0.0,
      0.0,
      0.0,
      0.0,
      0.0,
      0.0,
      0.0,
      0.0,
      0.0,
      0.0,
      0.0,
      0.0,
      0.0,
      0.0
    ],
    [
      0.0,
      0.0,
      0.0,
      0.0,
      0.0,
      0.0,
      0.0,
      0.0,
      0.0,
      0.0,
      0.0,
      0.0,
      0.0,
      0.0,
      0.0,
      0.0
    ],
    [
      0.0,
      0.0,
      0.0,
      0.0,
      0.0,
      0.0,
      0.0,
      0.0,
      0.0,
      0.0,
      0.0,
      0.0,
      0.0,
      0.0,
      0.0,
      0.0
    ],
    [
      0.0,
      0.0,
      0.0,
      0.0,
      0.0,
      0.0,
      0.0,
      0.0,
      0.0,
      0.0,
      0.0,
      0.0,
      0.0,
      0.0,
      0.0,
      0.0
    ],
    [
      0.0,
      0.0,
      0.0,
      0.0,
      0.0,
      0.0,
      0.0,
      0.0,
      0.0,
      0.0,
      0.0,
      0.0,
      0.0,
      0.0,
      0.0,
      0.0
    ],
    [
      0.0,
      0.0,
      0.0,
      0.0,
      0.0,
      0.0,
      0.0,
      0.0,
      0.0,
      0.0,
      0.0,
      0.0,
      0.0,
      0.0,
      0.0,
      0.0
    ],
    [
      0.0,
      0.0,
      0.0,
      0.0,
      0.0,
      0.0,
      0.0,
      0.0,
      0.0,
      0.0,
      0.0,
      0.0,
      0.0,
      0.0,
      0.0,
      0.0
    ],
    [
      0.0,
      0.0,
      0.0,
      0.0,
      0.0,
      0.0,
      0.0,
      0.0,
      0.0,
      0.0,
      0.0,
      0.0,
      0.0,
      0.0,
      0.0,
      0.0
    ]
  ]
}