{
  "config": {
    "symbols": [
      "H",
      "H"
    ],
    "geometry": [
      [
        0.0,
        0.0,
        0.0
      ],
      [
        0.0,
        0.0,
        0.7414
      ]
    ],
    "basis": "STO-3G",
    "ansatz": "RY-CZ",
    "optimizer": {
      "name": "GradientDescent",
      "stepsize": 0.1,
      "iterations_planned": 50
    },
    "seed": 6,
    "noisy": true,
    "depolarizing_prob": 0.1,
    "amplitude_damping_prob": 0.0
  },
  "energies": [
    1.1543183787358366,
    1.1543183787358366,
    1.154316558351601,
    1.154314518526232,
    1.154312232777909,
    1.154309671435673,
    1.1543068012515432,
    1.1543035849734975,
    1.1542999808397796,
    1.1542959420625356,
    1.1542914162007425,
    1.154286344499602,
    1.154280661106744,
    1.1542742922386928,
    1.1542671552025248,
    1.1542591573211258,
    1.154250194776316,
    1.1542401511873335,
    1.1542288961667384,
    1.1542162836103418,
    1.1542021497627961,
    1.1541863111592656,
    1.154168562210029,
    1.154148672537179,
    1.1541263839958007,
    1.1541014073227238,
    1.1540734184429906,
    1.1540420542100993,
    1.1540069077122306,
    1.1539675230606792,
    1.1539233894710486,
    1.1538739346800337,
    1.1538185175542084,
    1.1537564198571797,
    1.153686836930049,
    1.1536088673963185,
    1.1535215016308868,
    1.1534236086546932,
    1.1533139218739754,
    1.1531910226483446,
    1.1530533222878363,
    1.152899041984206,
    1.1527261898631376,
    1.1525325359928686,
    1.1523155841860366,
    1.1520725404307772,
    1.1518002781124381,
    1.1514952987331069,
    1.151153688545634,
    1.1507710701913294,
    1.1503425487432692
  ],
  "final_params": [
    -0.04714249244739126,
    -0.11424436900812684,
    -0.0009008520051701514,
    -0.00864767073360416
  ],
  "final_state_real": [
    [
      0.75613438425674,
      -0.0030358867560286193,
      -0.00031610672855489873,
      -1.2691749530331344e-06,
      -0.0401380164369976,
      0.00016115452770690668,
      -1.6787790958440095e-05,
      -6.740332260123951e-08,
      -0.01654463416590499,
      6.642686378689426e-05,
      6.9230534265978495e-06,
      2.7796200503913758e-08,
      -0.0008787219035583744,
      3.5280770183534398e-06,
      -3.6752687195431336e-07,
      -1.4756278760134664e-09
    ],
    [
      -0.0030358867560286193,
      0.054023663257686094,
      1.2691749530331346e-06,
      -2.2573172320627056e-05,
      0.00016115452770690668,
      -0.002867747756181343,
      6.740332260123953e-08,
      -1.198815665582138e-06,
      6.642686378689426e-05,
      -0.0011820673196591151,
      -2.7796200503913758e-08,
      4.94375044460214e-07,
      3.5280770183534398e-06,
      -6.278219481005887e-05,
      1.4756278760134664e-09,
      -2.6245083269858114e-08
    ],
    [
      -0.00031610672855489873,
      1.2691749530331344e-06,
      0.05400975150007903,
      -0.0002168484412129378,
      1.6787790958440095e-05,
      -6.740332260123951e-08,
      -0.0028669930722739234,
      1.1511070222151514e-05,
      6.923053426597851e-06,
      -2.7796200503913758e-08,
      -0.0011817629227886572,
      4.7447625766171275e-06,
      3.6752687195431336e-07,
      -1.4756278760134664e-09,
      -6.276567288549503e-05,
      2.520062134480437e-07
    ],
    [
      -1.2691749530331346e-06,
      -2.2573172320627056e-05,
      -0.0002168484412129378,
      0.0038588439944305672,
      6.740332260123953e-08,
      1.198815665582138e-06,
      1.1511070222151514e-05,
      -0.00020483854659101853,
      2.7796200503913758e-08,
      4.943750444602142e-07,
      4.7447625766171275e-06,
      -8.443361857417637e-05,
      1.4756278760134664e-09,
      2.6245083269858114e-08,
      2.520062134480437e-07,
      -4.484429813942611e-06
    ],
    [
      -0.0401380164369976,
      0.00016115452770690668,
      1.6787790958440095e-05,
      6.740332260123951e-08,
      0.056469010113432895,
      -0.0002267236135517521,
      -2.1550399300624807e-05,
      -8.652529209123003e-08,
      0.0008787219035583744,
      -3.5280770183534398e-06,
      -3.6752687195431336e-07,
      -1.4756278760134664e-09,
      -0.0011279211745601637,
      4.528614260886157e-06,
      5.17021817949295e-07,
      2.0758531288236744e-09
    ],
    [
      0.00016115452770690668,
      -0.002867747756181343,
      -6.740332260123953e-08,
      1.198815665582138e-06,
      -0.0002267236135517521,
      0.004034551067085371,
      8.652529209123006e-08,
      -1.5389133892062663e-06,
      -3.5280770183534398e-06,
      6.278219481005887e-05,
      1.4756278760134664e-09,
      -2.6245083269858114e-08,
      4.528614260886157e-06,
      -8.058677793835415e-05,
      -2.0758531288236744e-09,
      3.692051302877097e-08
    ],
    [
      -1.6787790958440095e-05,
      6.740332260123951e-08,
      -0.0028669930722739234,
      1.1511070222151514e-05,
      -2.1550399300624807e-05,
      8.652529209123003e-08,
      0.004033512120573526,
      -1.6194498061309925e-05,
      3.6752687195431336e-07,
      -1.4756278760134664e-09,
      6.276567288549503e-05,
      -2.520062134480437e-07,
      5.170218179492951e-07,
      -2.0758531288236744e-09,
      -8.056602585207549e-05,
      3.2347153311228007e-07
    ],
    [
      -6.740332260123953e-08,
      -1.198815665582138e-06,
      1.1511070222151514e-05,
      -0.00020483854659101853,
      -8.652529209123006e-08,
      -1.5389133892062663e-06,
      -1.6194498061309925e-05,
      0.0002881830334456414,
      1.4756278760134664e-09,
      2.6245083269858114e-08,
      -2.520062134480437e-07,
      4.484429813942611e-06,
      2.0758531288236744e-09,
      3.6920513028770973e-08,
      3.2347153311228007e-07,
      -5.756214690489077e-06
    ],
    [
      -0.01654463416590499,
      6.642686378689426e-05,
      6.9230534265978495e-06,
      2.7796200503913758e-08,
      0.0008787219035583744,
      -3.5280770183534398e-06,
      3.6752687195431336e-07,
      1.4756278760134664e-09,
      0.05442770474047526,
      -0.00021852775303303774,
      -2.2753843822584015e-05,
      -9.135714635645902e-08,
      -0.0028448050235040214,
      1.1421919932207767e-05,
      -1.1898443493606315e-06,
      -4.777249295262172e-09
    ],
    [
      6.642686378689426e-05,
      -0.0011820673196591151,
      -2.7796200503913758e-08,
      4.94375044460214e-07,
      -3.5280770183534398e-06,
      6.278219481005887e-05,
      -1.4756278760134664e-09,
      2.6245083269858114e-08,
      -0.00021852775303303774,
      0.0038887055714025235,
      9.135714635645902e-08,
      -1.6248513276256376e-06,
      1.1421919932207767e-05,
      -0.00020325327325859552,
      4.777249295262172e-09,
      -8.496675048844256e-08
    ],
    [
      6.923053426597851e-06,
      -2.7796200503913758e-08,
      -0.0011817629227886572,
      4.7447625766171275e-06,
      -3.6752687195431336e-07,
      1.4756278760134664e-09,
      6.276567288549503e-05,
      -2.520062134480437e-07,
      -2.2753843822584015e-05,
      9.135714635645902e-08,
      0.0038877041818992488,
      -1.5609081107152264e-05,
      1.1898443493606315e-06,
      -4.777249295262172e-09,
      -0.0002031997846021653,
      8.158537292266274e-07
    ],
    [
      2.7796200503913758e-08,
      4.943750444602142e-07,
      4.7447625766171275e-06,
      -8.443361857417637e-05,
      -1.4756278760134664e-09,
      -2.6245083269858114e-08,
      -2.520062134480437e-07,
      4.484429813942611e-06,
      -9.135714635645902e-08,
      -1.6248513276256376e-06,
      -1.5609081107152264e-05,
      0.00027776546860102796,
      4.777249295262172e-09,
      8.496675048844256e-08,
      8.158537292266274e-07,
      -1.451804992067966e-05
    ],
    [
      -0.0008787219035583744,
      3.5280770183534398e-06,
      3.6752687195431336e-07,
      1.4756278760134664e-09,
      -0.0011279211745601637,
      4.528614260886157e-06,
      5.17021817949295e-07,
      2.0758531288236744e-09,
      -0.0028448050235040214,
      1.1421919932207767e-05,
      1.1898443493606315e-06,
      4.777249295262172e-09,
      0.004064725362889015,
      -1.631991105419485e-05,
      -1.5512305677339603e-06,
      -6.22822232208635e-09
    ],
    [
      3.5280770183534398e-06,
      -6.278219481005887e-05,
      -1.4756278760134664e-09,
      2.6245083269858114e-08,
      4.528614260886157e-06,
      -8.058677793835415e-05,
      -2.0758531288236744e-09,
      3.692051302877097e-08,
      1.1421919932207767e-05,
      -0.00020325327325859552,
      -4.777249295262172e-09,
      8.496675048844256e-08,
      -1.631991105419485e-05,
      0.00029041313133186585,
      6.22822232208635e-09,
      -1.1077332986413007e-07
    ],
    [
      -3.6752687195431336e-07,
      1.4756278760134664e-09,
      -6.276567288549503e-05,
      2.520062134480437e-07,
      5.170218179492951e-07,
      -2.0758531288236744e-09,
      -8.056602585207549e-05,
      3.2347153311228007e-07,
      -1.1898443493606315e-06,
      4.777249295262172e-09,
      -0.0002031997846021653,
      8.158537292266274e-07,
      -1.5512305677339603e-06,
      6.22822232208635e-09,
      0.0002903383463793955,
      -1.1657046382933603e-06
    ],
    [
      -1.4756278760134664e-09,
      -2.6245083269858114e-08,
      2.520062134480437e-07,
      -4.484429813942611e-06,
      2.0758531288236744e-09,
      3.6920513028770973e-08,
      3.2347153311228007e-07,
      -5.756214690489077e-06,
      -4.777249295262172e-09,
      -8.496675048844256e-08,
      8.158537292266274e-07,
      -1.451804992067966e-05,
      -6.22822232208635e-09,
      -1.1077332986413007e-07,
      -1.1657046382933603e-06,
      2.0743853714590643e-05
    ]
  ],
  "final_state_imag": [
    [
      0.0,
      0.0,
      0.0,
      0.0,
      0.0,
      0.0,
      0.0,
      0.0,
      0.0,
      0.0,
      0.0,
      0.0,
      0.0,
      0.0,
      0.0,
      0.0
    ],
    [
      0.0,
      0.0,
      0.0,
      0.0,
      0.0,
      0.0,
      0.0,
      0.0,
      0.0,
      0.0,
      0.0,
      0.0,
      0.0,
      0.0,
      0.0,
      0.0
    ],
    [
      0.0,
      0.0,
      0.0,
      0.0,
      0.0,
      0.0,
      0.0,
      0.0,
      0.0,
      0.0,
      0.0,
      0.0,
      0.0,
      0.0,
      0.0,
      0.0
    ],
    [
      0.0,
      0.0,
      0.0,
      0.0,
      0.0,
      0.0,
      0.0,
      0.0,
      0.0,
      0.0,
      0.0,
      0.0,
      0.0,
      0.0,
      0.0,
      0.0
    ],
    [
      0.0,
      0.0,
      0.0,
      0.0,
      0.0,
      0.0,
      0.0,
      0.0,
      0.0,
      0.0,
      0.0,
      0.0,
      0.0,
      0.0,
      0.0,
      0.0
    ],
    [
      0.0,
      0.0,
      0.0,
      0.0,
      0.0,
      0.0,
      0.0,
      0.0,
      0.0,
      0.0,
      0.0,
      0.0,
      0.0,
      0.0,
      0.0,
      0.0
    ],
    [
      0.0,
      0.0,
      0.0,
      0.0,
      0.0,
      0.0,
      0.0,
      0.0,
      0.0,
      0.0,
      0.0,
      0.0,
      0.0,
      0.0,
      0.0,
      0.0
    ],
    [
      0.0,
      0.0,
      0.0,
      0.0,
      0.0,
      0.0,
      0.0,
      0.0,
      0.0,
      0.0,
      0.0,
      0.0,
      0.0,
      0.0,
      0.0,
      0.0
    ],
    [
      0.0,
      0.0,
      0.0,
      0.0,
      0.0,
      0.0,
      0.0,
      0.0,
      0.0,
      0.0,
      0.0,
      0.0,
      0.0,
      0.0,
      0.0,
      0.0
    ],
    [
      0.0,
      0.0,
      0.0,
      0.0,
      0.0,
      0.0,
      0.0,
      0.0,
      0.0,
      0.0,
      0.0,
      0.0,
      0.0,
      0.0,
      0.0,
      0.0
    ],
    [
      0.0,
      0.0,
      0.0,
      0.0,
      0.0,
      0.0,
      0.0,
      0.0,
      0.0,
      0.0,
      0.0,
      0.0,
      0.0,
      0.0,
      0.0,
      0.0
    ],
    [
      0.0,
      0.0,
      0.0,
      0.0,
      0.0,
      0.0,
      0.0,
      0.0,
      0.0,
      0.0,
      0.0,
      0.0,
      0.0,
      0.0,
      0.0,
      0.0
    ],
    [
      0.0,
      0.0,
      0.0,
      0.0,
      0.0,
      0.0,
      0.0,
      0.0,
      0.0,
      0.0,
      0.0,
      0.0,
      0.0,
      0.0,
      0.0,
      0.0
    ],
    [
      0.0,
      0.0,
      0.0,
      0.0,
      0.0,
      0.0,
      0.0,
      0.0,
      0.0,
      0.0,
      0.0,
      0.0,
      0.0,
      0.0,
      0.0,
      0.0
    ],
    [
      0.0,
      0.0,
      0.0,
      0.0,
      0.0,
      0.0,
      0.0,
      0.0,
      0.0,
      0.0,
      0.0,
      0.0,
      0.0,
      0.0,
      0.0,
      0.0
    ],
    [
      0.0,
      0.0,
      0.0,
      0.0,
      0.0,
      0.0,
      0.0,
      0.0,
      0.0,
      0.0,
      0.0,
      0.0,
      0.0,
      0.0,
      0.0,
      0.0
    ]
  ]
}