{
  "config": {
    "symbols": [
      "H",
      "H"
    ],
    "geometry": [
      [
        0.0,
        0.0,
        0.0
      ],
      [
        0.0,
        0.0,
        0.7414
      ]
    ],
    "basis": "STO-3G",
    "ansatz": "RY-CZ",
    "optimizer": {
      "name": "GradientDescent",
      "stepsize": 0.1,
      "iterations_planned": 50
    },
    "seed": 1,
    "noisy": true,
    "depolarizing_prob": 0.04,
    "amplitude_damping_prob": 0.0
  },
  "energies": [
    1.2665438989618132,
    1.2665438989618132,
    1.2665285915506277,
    1.2665111396051214,
    1.2664912423693906,
    1.2664685568898908,
    1.2664426921744258,
    1.2664132023633217,
    1.2663795791863162,
    1.266341243102032,
    1.2662975334095974,
    1.2662476968742071,
    1.2661908747856414,
    1.2661260882208523,
    1.2660522212409666,
    1.2659680018923642,
    1.2658719803415481,
    1.2657625041054288,
    1.265637689943874,
    1.2654953917206102,
    1.2653331640557062,
    1.2651482205763807,
    1.2649373871437708,
    1.2646970481781212,
    1.2644230858541388,
    1.2641108111519714,
    1.2637548857636212,
    1.2633492336472145,
    1.262886940612863,
    1.262360141200091,
    1.2617598909464773,
    1.2610760220154482,
    1.2602969809410545,
    1.2594096467833689,
    1.2583991266199708,
    1.257248527311875,
    1.2559387014671737,
    1.254447965052314,
    1.252751785138668,
    1.2508224369721124,
    1.248628628200585,
    1.246135092387368,
    1.2433021501192707,
    1.2400852431478047,
    1.2364344447178637,
    1.2322939542812577,
    1.227601588034102,
    1.2222882820140863,
    1.2162776269603186,
    1.209485465858005,
    1.201819589962947
  ],
  "final_params": [
    0.46386052013747237,
    -0.07322547408904499,
    -0.013501534141911587,
    -0.01628864580637006
  ],
  "final_state_real": [
    [
      0.85020191370938,
      -0.0067347313992876705,
      -0.0055819152528771895,
      -4.4216473558699787e-05,
      -0.03019530416494747,
      0.00023918821570409886,
      -0.00019825930608411384,
      -1.5704873628663194e-06,
      0.19498725707389178,
      -0.0015445587471653182,
      -0.0012803574909333972,
      -1.014219861441979e-05,
      0.006946769867855924,
      -5.502794343526847e-05,
      4.5611786720332306e-05,
      3.6130830908711385e-07
    ],
    [
      -0.0067347313992876705,
      0.02334955706423209,
      4.4216473558699787e-05,
      -0.00015255919747556682,
      0.00023918821570409886,
      -0.0008292700431538762,
      1.5704873628663194e-06,
      -5.418620537577095e-06,
      -0.0015445587471653185,
      0.005355040976067725,
      1.014219861441979e-05,
      -3.499342115556963e-05,
      -5.502794343526847e-05,
      0.00019078291500651125,
      -3.613083090871138e-07,
      1.2466146944624198e-06
    ],
    [
      -0.0055819152528771895,
      4.4216473558699787e-05,
      0.02333192128952336,
      -0.00018420648875400376,
      0.0001982593060841138,
      -1.5704873628663192e-06,
      -0.0008258935104186085,
      6.563994425560889e-06,
      -0.0012803574909333972,
      1.014219861441979e-05,
      0.005350996347043281,
      -4.224633866165763e-05,
      -4.5611786720332306e-05,
      3.6130830908711385e-07,
      0.0001900061056147246,
      -1.5101208598254217e-06
    ],
    [
      -4.4216473558699787e-05,
      -0.00015255919747556682,
      -0.00018420648875400376,
      0.0006407772304240191,
      1.5704873628663192e-06,
      5.418620537577094e-06,
      6.563994425560889e-06,
      -2.2681962178092773e-05,
      -1.014219861441979e-05,
      -3.499342115556963e-05,
      -4.224633866165764e-05,
      0.00014695731983319579,
      -3.613083090871138e-07,
      -1.2466146944624198e-06,
      -1.5101208598254217e-06,
      5.218240907324098e-06
    ],
    [
      -0.03019530416494747,
      0.00023918821570409886,
      0.00019825930608411384,
      1.5704873628663194e-06,
      0.02443301356179348,
      -0.0001935420056818164,
      -0.00014544532385672363,
      -1.1521277241234471e-06,
      -0.006946769867855924,
      5.502794343526847e-05,
      4.5611786720332306e-05,
      3.6130830908711385e-07,
      0.005080690671258099,
      -4.0245836244360784e-05,
      -3.6794779493536694e-05,
      -2.9146544167533766e-07
    ],
    [
      0.00023918821570409886,
      -0.0008292700431538762,
      -1.5704873628663194e-06,
      5.418620537577095e-06,
      -0.0001935420056818164,
      0.0006710171257121685,
      1.1521277241234471e-06,
      -3.975162803254382e-06,
      5.502794343526847e-05,
      -0.00019078291500651125,
      -3.613083090871138e-07,
      1.2466146944624198e-06,
      -4.0245836244360784e-05,
      0.00013953376820415378,
      2.9146544167533766e-07,
      -1.0056372726065654e-06
    ],
    [
      -0.0001982593060841138,
      1.5704873628663192e-06,
      -0.0008258935104186085,
      6.563994425560889e-06,
      -0.00014544532385672363,
      1.1521277241234471e-06,
      0.0006705103106654333,
      -5.2937067834399036e-06,
      -4.5611786720332306e-05,
      3.6130830908711385e-07,
      -0.0001900061056147246,
      1.5101208598254217e-06,
      -3.6794779493536694e-05,
      2.9146544167533766e-07,
      0.0001394283792199628,
      -1.1007928515644218e-06
    ],
    [
      -1.5704873628663192e-06,
      -5.418620537577094e-06,
      6.563994425560889e-06,
      -2.2681962178092773e-05,
      -1.1521277241234471e-06,
      -3.975162803254382e-06,
      -5.2937067834399036e-06,
      1.8414588944797614e-05,
      -3.613083090871138e-07,
      -1.2466146944624198e-06,
      1.5101208598254217e-06,
      -5.218240907324098e-06,
      -2.9146544167533766e-07,
      -1.0056372726065654e-06,
      -1.1007928515644218e-06,
      3.8291973288627e-06
    ],
    [
      0.19498725707389178,
      -0.0015445587471653182,
      -0.0012803574909333972,
      -1.014219861441979e-05,
      -0.006946769867855924,
      5.502794343526847e-05,
      -4.5611786720332306e-05,
      -3.6130830908711385e-07,
      0.07061054692747223,
      -0.0005593295661245414,
      -0.00046358645229206707,
      -3.6722445937132187e-06,
      0.0008583724889597907,
      -6.79948719583085e-06,
      5.635986744601733e-06,
      4.4644794408409106e-08
    ],
    [
      -0.0015445587471653185,
      0.005355040976067725,
      1.014219861441979e-05,
      -3.499342115556963e-05,
      5.502794343526847e-05,
      -0.00019078291500651125,
      3.613083090871138e-07,
      -1.2466146944624198e-06,
      -0.0005593295661245414,
      0.0019392158124255,
      3.6722445937132187e-06,
      -1.2670270672018565e-05,
      -6.799487195830853e-06,
      2.357395001134356e-05,
      -4.464479440840912e-08,
      1.5403702417305238e-07
    ],
    [
      -0.0012803574909333972,
      1.014219861441979e-05,
      0.005350996347043281,
      -4.224633866165763e-05,
      4.5611786720332306e-05,
      -3.6130830908711385e-07,
      -0.0001900061056147246,
      1.5101208598254217e-06,
      -0.00046358645229206707,
      3.6722445937132187e-06,
      0.001937751134826457,
      -1.529862578379887e-05,
      -5.635986744601736e-06,
      4.4644794408409126e-08,
      2.3477964132473347e-05,
      -1.8659696891305295e-07
    ],
    [
      -1.014219861441979e-05,
      -3.499342115556963e-05,
      -4.224633866165764e-05,
      0.00014695731983319579,
      3.613083090871138e-07,
      1.2466146944624198e-06,
      1.5101208598254217e-06,
      -5.218240907324098e-06,
      -3.6722445937132187e-06,
      -1.2670270672018565e-05,
      -1.529862578379887e-05,
      5.32175121807323e-05,
      -4.4644794408409126e-08,
      -1.5403702417305243e-07,
      -1.86596968913053e-07,
      6.447880843638855e-07
    ],
    [
      0.006946769867855924,
      -5.502794343526847e-05,
      -4.5611786720332306e-05,
      -3.6130830908711385e-07,
      0.005080690671258099,
      -4.0245836244360784e-05,
      -3.6794779493536694e-05,
      -2.9146544167533766e-07,
      0.0008583724889597907,
      -6.79948719583085e-06,
      -5.635986744601733e-06,
      -4.4644794408409106e-08,
      0.0020291985031620475,
      -1.6073954497477645e-05,
      -1.2079452774646556e-05,
      -9.568593932672398e-08
    ],
    [
      -5.502794343526847e-05,
      0.00019078291500651125,
      3.613083090871138e-07,
      -1.2466146944624198e-06,
      -4.0245836244360784e-05,
      0.00013953376820415378,
      2.9146544167533766e-07,
      -1.0056372726065654e-06,
      -6.799487195830853e-06,
      2.357395001134356e-05,
      4.464479440840912e-08,
      -1.5403702417305238e-07,
      -1.6073954497477645e-05,
      5.57289809399706e-05,
      9.568593932672398e-08,
      -3.301432461365664e-07
    ],
    [
      4.5611786720332306e-05,
      -3.6130830908711385e-07,
      0.0001900061056147246,
      -1.5101208598254217e-06,
      -3.6794779493536694e-05,
      2.9146544167533766e-07,
      0.0001394283792199628,
      -1.1007928515644218e-06,
      5.635986744601736e-06,
      -4.4644794408409126e-08,
      2.3477964132473347e-05,
      -1.8659696891305295e-07,
      -1.2079452774646556e-05,
      9.568593932672398e-08,
      5.568688918851252e-05,
      -4.396503056803661e-07
    ],
    [
      3.613083090871138e-07,
      1.2466146944624198e-06,
      -1.5101208598254217e-06,
      5.218240907324098e-06,
      -2.9146544167533766e-07,
      -1.0056372726065654e-06,
      -1.1007928515644218e-06,
      3.8291973288627e-06,
      4.4644794408409126e-08,
      1.5403702417305243e-07,
      -1.86596968913053e-07,
      6.447880843638855e-07,
      -9.568593932672398e-08,
      -3.301432461365664e-07,
      -4.396503056803661e-07,
      1.52935929203425e-06
    ]
  ],
  "final_state_imag": [
    [
      0.0,
      0.0,
      0.0,
      0.0,
      0.0,
      0.0,
      0.0,
      0.0,
      0.0,
      0.0,
      0.0,
      0.0,
      0.0,
      0.0,
      0.0,
      0.0
    ],
    [
      0.0,
      0.0,
      0.0,
      0.0,
      0.0,
      0.0,
      0.0,
      0.0,
      0.0,
      0.0,
      0.0,
      0.0,
      0.0,
      0.0,
      0.0,
      0.0
    ],
    [
      0.0,
      0.0,
      0.0,
      0.0,
      0.0,
      0.0,
      0.0,
      0.0,
      0.0,
      0.0,
      0.0,
      0.0,
      0.0,
      0.0,
      0.0,
      0.0
    ],
    [
      0.0,
      0.0,
      0.0,
      0.0,
      0.0,
      0.0,
      0.0,
      0.0,
      0.0,
      0.0,
      0.0,
      0.0,
      0.0,
      0.0,
      0.0,
      0.0
    ],
    [
      0.0,
      0.0,
      0.0,
      0.0,
      0.0,
      0.0,
      0.0,
      0.0,
      0.0,
      0.0,
      0.0,
      0.0,
      0.0,
      0.0,
      0.0,
      0.0
    ],
    [
      0.0,
      0.0,
      0.0,
      0.0,
      0.0,
      0.0,
      0.0,
      0.0,
      0.0,
      0.0,
      0.0,
      0.0,
      0.0,
      0.0,
      0.0,
      0.0
    ],
    [
      0.0,
      0.0,
      0.0,
      0.0,
      0.0,
      0.0,
      0.0,
      0.0,
      0.0,
      0.0,
      0.0,
      0.0,
      0.0,
      0.0,
      0.0,
      0.0
    ],
    [
      0.0,
      0.0,
      0.0,
      0.0,
      0.0,
      0.0,
      0.0,
      0.0,
      0.0,
      0.0,
      0.0,
      0.0,
      0.0,
      0.0,
      0.0,
      0.0
    ],
    [
      0.0,
      0.0,
      0.0,
      0.0,
      0.0,
      0.0,
      0.0,
      0.0,
      0.0,
      0.0,
      0.0,
      0.0,
      0.0,
      0.0,
      0.0,
      0.0
    ],
    [
      0.0,
      0.0,
      0.0,
      0.0,
      0.0,
      0.0,
      0.0,
      0.0,
      0.0,
      0.0,
      0.0,
      0.0,
      0.0,
      0.0,
      0.0,
      0.0
    ],
    [
      0.0,
      0.0,
      0.0,
      0.0,
      0.0,
      0.0,
      0.0,
      0.0,
      0.0,
      0.0,
      0.0,
      0.0,
      0.0,
      0.0,
      0.0,
      0.0
    ],
    [
      0.0,
      0.0,
      0.0,
      0.0,
      0.0,
      0.0,
      0.0,
      0.0,
      0.0,
      0.0,
      0.0,
      0.0,
      0.0,
      0.0,
      0.0,
      0.0
    ],
    [
      0.0,
      0.0,
      0.0,
      0.0,
      0.0,
      0.0,
      0.0,
      0.0,
      0.0,
      0.0,
      0.0,
      0.0,
      0.0,
      0.0,
      0.0,
      0.0
    ],
    [
      0.0,
      0.0,
      0.0,
      0.0,
      0.0,
      0.0,
      0.0,
      0.0,
      0.0,
      0.0,
      0.0,
      0.0,
      0.0,
      0.0,
      0.0,
      0.0
    ],
    [
      0.0,
      0.0,
      0.0,
      0.0,
      0.0,
      0.0,
      0.0,
      0.0,
      0.0,
      0.0,
      0.0,
      0.0,
      0.0,
      0.0,
      0.0,
      0.0
    ],
    [
      0.0,
      0.0,
      0.0,
      0.0,
      0.0,
      0.0,
      0.0,
      0.0,
      0.0,
      0.0,
      0.0,
      0.0,
      0.0,
      0.0,
      0.0,
      0.0
    ]
  ]
}