{
  "config": {
    "symbols": [
      "H",
      "H"
    ],
    "geometry": [
      [
        0.0,
        0.0,
        0.0
      ],
      [
        0.0,
        0.0,
        0.7414
      ]
    ],
    "basis": "STO-3G",
    "ansatz": "RY-CZ",
    "optimizer": {
      "name": "Momentum",
      "stepsize": 0.1,
      "iterations_planned": 50
    },
    "seed": 2,
    "noisy": true,
    "depolarizing_prob": 0.06,
    "amplitude_damping_prob": 0.0
  },
  "energies": [
    1.2276232235488092,
    1.2276232235488092,
    1.2276046213212808,
    1.227564679940431,
    1.22749601138048,
    1.2273855987028626,
    1.2272126010819244,
    1.2269446278876472,
    1.2265318498095836,
    1.2258979070209512,
    1.2249259990524297,
    1.2234377106032301,
    1.2211609312691252,
    1.2176815542310708,
    1.2123714304209692,
    1.2042824730077142,
    1.1919946410199573,
    1.1734061244724328,
    1.1454631598010891,
    1.103856873228434,
    1.042787899492091,
    0.9550463124707331,
    0.8328815817336377,
    0.6703260395615543,
    0.46735612436748664,
    0.23479564427804273,
    -0.00381464718730673,
    -0.2181433949227455,
    -0.38420867065846576,
    -0.4951639445479565,
    -0.5602071811025328,
    -0.5940200083000703,
    -0.6073186990588837,
    -0.6047461826602644,
    -0.5882872307194067,
    -0.5612892402417314,
    -0.5299067152731923,
    -0.5018364822318373,
    -0.483989204743703,
    -0.48067159164807843,
    -0.49288937732794535,
    -0.5186233844517822,
    -0.5537032444187906,
    -0.5929528149985174,
    -0.6313393427918848,
    -0.6648789296458557,
    -0.6911166309533355,
    -0.7091487200259696,
    -0.7193175210764037,
    -0.7227846720459162,
    -0.7211473823851132
  ],
  "final_params": [
    -2.8005700085630587,
    -3.1725665354276593,
    -0.00011160851549862002,
    -0.0025252990422857647
  ],
  "final_state_real": [
    [
      0.002464602250896796,
      -2.9822665357182785e-06,
      1.302956781474901e-07,
      1.576629625622468e-10,
      -0.00014712904353966056,
      1.7803198185372244e-07,
      -7.868324904084668e-09,
      -9.52098666984214e-12,
      0.005637420539613647,
      -6.821502584014583e-06,
      3.049755404630395e-07,
      3.6903255658254853e-10,
      0.002019836347613737,
      -2.4440821426866933e-06,
      1.0801897608897643e-07,
      1.3070726539256733e-10
    ],
    [
      -2.9822665357182785e-06,
      0.00010269568291180768,
      -1.576629625622468e-10,
      5.428779221596016e-09,
      1.7803198185372244e-07,
      -6.130610972609726e-06,
      9.52098666984214e-12,
      -3.2783434842488783e-10,
      -6.821502584014583e-06,
      0.0002349014945377153,
      -3.690325565825486e-10,
      1.2706828811978192e-08,
      -2.4440821426866933e-06,
      8.416306242226584e-05,
      -1.3070726539256733e-10,
      4.500618756257714e-09
    ],
    [
      1.302956781474901e-07,
      -1.576629625622468e-10,
      0.00010269176811581391,
      -1.2426109638399096e-07,
      7.86832490408467e-09,
      -9.520986669842143e-12,
      -6.130376356774178e-06,
      7.4179997973583025e-09,
      3.049755404630395e-07,
      -3.6903255658254853e-10,
      0.00023489254000911522,
      -2.842292531280152e-07,
      -1.0801897608897646e-07,
      1.3070726539256735e-10,
      8.415984153819726e-05,
      -1.0183676354326818e-07
    ],
    [
      1.576629625622468e-10,
      5.428779221596016e-09,
      -1.2426109638399096e-07,
      4.278987107245044e-06,
      9.520986669842143e-12,
      3.278343484248879e-10,
      7.4179997973583025e-09,
      -2.554421048005797e-07,
      3.690325565825486e-10,
      1.2706828811978192e-08,
      -2.842292531280152e-07,
      9.787563002649917e-06,
      -1.3070726539256735e-10,
      -4.500618756257716e-09,
      -1.0183676354326818e-07,
      3.5067940059576773e-06
    ],
    [
      -0.00014712904353966056,
      1.7803198185372244e-07,
      7.868324904084673e-09,
      9.520986669842143e-12,
      0.05881244969383924,
      -7.116539820643704e-05,
      3.1451724337466873e-06,
      3.805783973220503e-09,
      -0.002019836347613737,
      2.4440821426866933e-06,
      1.0801897608897643e-07,
      1.3070726539256733e-10,
      0.13608018263322397,
      -0.0001646624215707938,
      7.2775875396557155e-06,
      8.806170919264028e-09
    ],
    [
      1.7803198185372252e-07,
      -6.130610972609726e-06,
      -9.52098666984214e-12,
      3.2783434842488804e-10,
      -7.116539820643704e-05,
      0.002450612338290065,
      -3.805783973220503e-09,
      1.310438458083999e-07,
      2.4440821426866933e-06,
      -8.416306242226584e-05,
      -1.3070726539256733e-10,
      4.500618756257714e-09,
      -0.0001646624215707938,
      0.0056702241837186555,
      -8.80617091926403e-09,
      3.032212317426745e-07
    ],
    [
      -7.868324904084673e-09,
      9.520986669842143e-12,
      -6.130376356774178e-06,
      7.4179997973583025e-09,
      3.1451724337466873e-06,
      -3.805783973220503e-09,
      0.0024505189200752747,
      -2.965224704037163e-06,
      -1.0801897608897646e-07,
      1.3070726539256735e-10,
      -8.415984153819726e-05,
      1.0183676354326818e-07,
      7.2775875396557155e-06,
      -8.806170919264028e-09,
      0.005670008032754088,
      -6.8609337202322515e-06
    ],
    [
      -9.52098666984214e-12,
      -3.2783434842488804e-10,
      7.417999797358309e-09,
      -2.554421048005797e-07,
      3.805783973220503e-09,
      1.310438458083999e-07,
      -2.965224704037163e-06,
      0.00010210885504704256,
      -1.3070726539256735e-10,
      -4.500618756257716e-09,
      1.0183676354326818e-07,
      -3.5067940059576773e-06,
      8.80617091926403e-09,
      3.032212317426745e-07,
      -6.8609337202322515e-06,
      0.0002362593586154682
    ],
    [
      0.005637420539613647,
      -6.821502584014583e-06,
      3.049755404630395e-07,
      3.6903255658254853e-10,
      -0.002019836347613737,
      2.4440821426866933e-06,
      -1.0801897608897643e-07,
      -1.3070726539256733e-10,
      0.03460268289464974,
      -4.1870619571671566e-05,
      1.8293337319806495e-06,
      2.213566710728817e-09,
      -0.012225647098612097,
      1.479351819359447e-05,
      -6.538162773322808e-07,
      -7.911437487507541e-10
    ],
    [
      -6.821502584014583e-06,
      0.0002349014945377153,
      -3.690325565825486e-10,
      1.2706828811978192e-08,
      2.4440821426866933e-06,
      -8.416306242226584e-05,
      1.3070726539256733e-10,
      -4.500618756257714e-09,
      -4.1870619571671566e-05,
      0.0014418335247213818,
      -2.213566710728817e-09,
      7.621932741544696e-08,
      1.479351819359447e-05,
      -0.000509421419774279,
      7.911437487507541e-10,
      -2.7241304328643367e-08
    ],
    [
      3.049755404630395e-07,
      -3.6903255658254853e-10,
      0.00023489254000911522,
      -2.842292531280152e-07,
      1.0801897608897646e-07,
      -1.3070726539256735e-10,
      -8.415984153819726e-05,
      1.0183676354326818e-07,
      1.8293337319806495e-06,
      -2.213566710728817e-09,
      0.0014417785615141062,
      -1.7446090186569398e-06,
      6.538162773322808e-07,
      -7.911437487507541e-10,
      -0.0005094019244364439,
      6.163966373888101e-07
    ],
    [
      3.690325565825486e-10,
      1.2706828811978192e-08,
      -2.842292531280152e-07,
      9.787563002649917e-06,
      1.3070726539256735e-10,
      4.500618756257716e-09,
      1.0183676354326818e-07,
      -3.5067940059576773e-06,
      2.213566710728817e-09,
      7.621932741544696e-08,
      -1.7446090186569398e-06,
      6.007640134566075e-05,
      7.911437487507541e-10,
      2.7241304328643367e-08,
      6.163966373888101e-07,
      -2.1225890906962513e-05
    ],
    [
      0.002019836347613737,
      -2.4440821426866933e-06,
      -1.0801897608897643e-07,
      -1.3070726539256733e-10,
      0.13608018263322397,
      -0.0001646624215707938,
      7.2775875396557155e-06,
      8.806170919264028e-09,
      -0.012225647098612099,
      1.479351819359447e-05,
      6.53816277332281e-07,
      7.911437487507543e-10,
      0.8257188543396637,
      -0.0009991525838754628,
      4.415779638857746e-05,
      5.34326932238137e-08
    ],
    [
      -2.4440821426866933e-06,
      8.416306242226584e-05,
      1.3070726539256733e-10,
      -4.500618756257714e-09,
      -0.0001646624215707938,
      0.0056702241837186555,
      -8.80617091926403e-09,
      3.032212317426745e-07,
      1.479351819359447e-05,
      -0.000509421419774279,
      -7.911437487507541e-10,
      2.7241304328643374e-08,
      -0.0009991525838754628,
      0.03440626641021357,
      -5.34326932238137e-08,
      1.8398379049412446e-06
    ],
    [
      1.0801897608897646e-07,
      -1.3070726539256735e-10,
      8.415984153819726e-05,
      -1.0183676354326818e-07,
      7.2775875396557155e-06,
      -8.806170919264028e-09,
      0.005670008032754088,
      -6.8609337202322515e-06,
      -6.53816277332281e-07,
      7.911437487507543e-10,
      -0.000509401924436444,
      6.163966373888101e-07,
      4.415779638857746e-05,
      -5.34326932238137e-08,
      0.03440495483108888,
      -4.163135455542357e-05
    ],
    [
      1.3070726539256735e-10,
      4.500618756257716e-09,
      -1.0183676354326818e-07,
      3.5067940059576773e-06,
      8.80617091926403e-09,
      3.032212317426745e-07,
      -6.8609337202322515e-06,
      0.0002362593586154682,
      -7.911437487507541e-10,
      -2.7241304328643374e-08,
      6.163966373888101e-07,
      -2.1225890906962513e-05,
      5.34326932238137e-08,
      1.8398379049412446e-06,
      -4.163135455542357e-05,
      0.0014335945407186602
    ]
  ],
  "final_state_imag": [
    [
      0.0,
      0.0,
      0.0,
      0.0,
      0.0,
      0.0,
      0.0,
      0.0,
      0.0,
      0.0,
      0.0,
      0.0,
      0.0,
      0.0,
      0.0,
      0.0
    ],
    [
      0.0,
      0.0,
      0.0,
      0.0,
      0.0,
      0.0,
      0.0,
      0.0,
      0.0,
      0.0,
      0.0,
      0.0,
      0.0,
      0.0,
      0.0,
      0.0
    ],
    [
      0.0,
      0.0,
      0.0,
      0.0,
      0.0,
      0.0,
      0.0,
      0.0,
      0.0,
      0.0,
      0.0,
      0.0,
      0.0,
      0.0,
      0.0,
      0.0
    ],
    [
      0.0,
      0.0,
      0.0,
      0.0,
      0.0,
      0.0,
      0.0,
      0.0,
      0.0,
      0.0,
      0.0,
      0.0,
      0.0,
      0.0,
      0.0,
      0.0
    ],
    [
      0.0,
      0.0,
      0.0,
      0.0,
      0.0,
      0.0,
      0.0,
      0.0,
      0.0,
      0.0,
      0.0,
      0.0,
      0.0,
      0.0,
      0.0,
      0.0
    ],
    [
      0.0,
      0.0,
      0.0,
      0.0,
      0.0,
      0.0,
      0.0,
      0.0,
      0.0,
      0.0,
      0.0,
      0.0,
      0.0,
      0.0,
      0.0,
      0.0
    ],
    [
      0.0,
      0.0,
      0.0,
      0.0,
      0.0,
      0.0,
      0.0,
      0.0,
      0.0,
      0.0,
      0.0,
      0.0,
      0.0,
      0.0,
      0.0,
      0.0
    ],
    [
      0.0,
      0.0,
      0.0,
      0.0,
      0.0,
      0.0,
      0.0,
      0.0,
      0.0,
      0.0,
      0.0,
      0.0,
      0.0,
      0.0,
      0.0,
      0.0
    ],
    [
      0.0,
      0.0,
      0.0,
      0.0,
      0.0,
      0.0,
      0.0,
      0.0,
      0.0,
      0.0,
      0.0,
      0.0,
      0.0,
      0.0,
      0.0,
      0.0
    ],
    [
      0.0,
      0.0,
      0.0,
      0.0,
      0.0,
      0.0,
      0.0,
      0.0,
      0.0,
      0.0,
      0.0,
      0.0,
      0.0,
      0.0,
      0.0,
      0.0
    ],
    [
      0.0,
      0.0,
      0.0,
      0.0,
      0.0,
      0.0,
      0.0,
      0.0,
      0.0,
      0.0,
      0.0,
      0.0,
      0.0,
      0.0,
      0.0,
      0.0
    ],
    [
      0.0,
      0.0,
      0.0,
      0.0,
      0.0,
      0.0,
      0.0,
      0.0,
      0.0,
      0.0,
      0.0,
      0.0,
      0.0,
      0.0,
      0.0,
      0.0
    ],
    [
      0.0,
      0.0,
      0.0,
      0.0,
      0.0,
      0.0,
      0.0,
      0.0,
      0.0,
      0.0,
      0.0,
      0.0,
      0.0,
      0.0,
      0.0,
      0.0
    ],
    [
      0.0,
      0.0,
      0.0,
      0.0,
      0.0,
      0.0,
      0.0,
      0.0,
      0.0,
      0.0,
      0.0,
      0.0,
      0.0,
      0.0,
      0.0,
      0.0
    ],
    [
      0.0,
      0.0,
      0.0,
      0.0,
      0.0,
      0.0,
      0.0,
      0.0,
      0.0,
      0.0,
      0.0,
      0.0,
      0.0,
      0.0,
      0.0,
      0.0
    ],
    [
      0.0,
      0.0,
      0.0,
      0.0,
      0.0,
      0.0,
      0.0,
      0.0,
      0.0,
      0.0,
      0.0,
      0.0,
      0.0,
      0.0,
      0.0,
      0.0
    ]
  ]
}