{
  "config": {
    "symbols": [
      "H",
      "H"
    ],
    "geometry": [
      [
        0.0,
        0.0,
        0.0
      ],
      [
        0.0,
        0.0,
        0.7414
      ]
    ],
    "basis": "STO-3G",
    "ansatz": "RY-CZ",
    "optimizer": {
      "name": "GradientDescent",
      "stepsize": 0.1,
      "iterations_planned": 50
    },
    "seed": 6,
    "noisy": true,
    "depolarizing_prob": 0.06,
    "amplitude_damping_prob": 0.0
  },
  "energies": [
    1.227618462403235,
    1.227618462403235,
    1.2275990417434886,
    1.2275770273042297,
    1.2275520727846088,
    1.2275237856586911,
    1.227491721007318,
    1.2274553746045525,
    1.2274141749361496,
    1.2273674743132568,
    1.227314538721451,
    1.2272545362944756,
    1.2271865243463196,
    1.2271094346881843,
    1.2270220569245929,
    1.2269230196000809,
    1.2268107689334393,
    1.2266835445810629,
    1.2265393524602457,
    1.2263759339055458,
    1.2261907308693816,
    1.2259808463621173,
    1.2257430003075085,
    1.2254734792528104,
    1.2251680799350824,
    1.2248220454429153,
    1.2244299938770058,
    1.2239858373227939,
    1.2234826916492636,
    1.222912774699293,
    1.222267292491069,
    1.2215363119059557,
    1.2207086183195153,
    1.2197715575800527,
    1.2187108596883134,
    1.2175104443021822,
    1.2161522046680548,
    1.214615771865121,
    1.2128782551443995,
    1.2109139603905175,
    1.2086940847510013,
    1.20618639084748,
    1.203354858731936,
    1.2001593223595515,
    1.19655509335916,
    1.1924925803637272,
    1.1879169137900716,
    1.1827675890873486,
    1.1769781481846247,
    1.1704759200428352,
    1.1631818507734069
  ],
  "final_params": [
    0.030353439714597363,
    0.4778066727697856,
    -0.0025189878490667426,
    -0.0026411273184995866
  ],
  "final_state_real": [
    [
      0.8035872779601156,
      -0.0010169723659593998,
      -0.0009651593791755928,
      -1.2214487669030516e-06,
      0.18709648847817723,
      -0.00023677827421426248,
      0.00022582837162128262,
      2.8579506348904936e-07,
      0.011630808779007474,
      -1.4719261300445392e-05,
      -1.4108133184314725e-05,
      -1.7854420993146813e-08,
      -0.002721433102401086,
      3.4440851275049694e-06,
      -3.284812082740807e-06,
      -4.157064371481444e-09
    ],
    [
      -0.0010169723659593998,
      0.033484202183466136,
      1.2214487669030516e-06,
      -4.0213293922137215e-05,
      -0.00023677827421426248,
      0.007796012729224372,
      -2.8579506348904936e-07,
      9.409122347980723e-06,
      -1.4719261300445392e-05,
      0.0004846372800999575,
      1.785442099314681e-08,
      -5.878143223537901e-07,
      3.4440851275049694e-06,
      -0.00011339778357478952,
      4.157064371481444e-09,
      -1.368614517066325e-07
    ],
    [
      -0.0009651593791755928,
      1.2214487669030516e-06,
      0.03348407578705285,
      -4.23722381319982e-05,
      -0.00022582837162128257,
      2.8579506348904936e-07,
      0.0077953907390385085,
      -9.8661363811579e-06,
      -1.4108133184314725e-05,
      1.7854420993146813e-08,
      0.00048463545068757946,
      -6.132792451653275e-07,
      3.284812082740807e-06,
      -4.157064371481444e-09,
      -0.00011338873634629819,
      1.4350900093786918e-07
    ],
    [
      -1.2214487669030516e-06,
      -4.0213293922137215e-05,
      -4.23722381319982e-05,
      0.001395228115639516,
      -2.8579506348904936e-07,
      -9.409122347980721e-06,
      -9.8661363811579e-06,
      0.00032482151816500015,
      -1.785442099314681e-08,
      -5.878143223537901e-07,
      -6.132792451653275e-07,
      2.019398746243412e-05,
      4.157064371481444e-09,
      1.368614517066325e-07,
      1.4350900093786918e-07,
      -4.724728075318814e-06
    ],
    [
      0.18709648847817723,
      -0.00023677827421426248,
      -0.00022582837162128262,
      -2.8579506348904936e-07,
      0.08095062131250384,
      -0.00010244630190144254,
      1.707941299363953e-05,
      2.1614697417465146e-08,
      0.002721433102401086,
      -3.4440851275049694e-06,
      -3.284812082740807e-06,
      -4.157064371481444e-09,
      -0.00020581822118994993,
      2.60471325395332e-07,
      -1.421204862437498e-06,
      -1.7985930243186129e-09
    ],
    [
      -0.00023677827421426248,
      0.007796012729224372,
      2.8579506348904936e-07,
      -9.409122347980723e-06,
      -0.00010244630190144254,
      0.0033730834786058093,
      -2.1614697417465146e-08,
      7.116124751514661e-07,
      -3.4440851275049694e-06,
      0.00011339778357478952,
      4.157064371481444e-09,
      -1.368614517066325e-07,
      2.6047132539533224e-07,
      -8.576117517514617e-06,
      1.7985930243186129e-09,
      -5.921439514537639e-08
    ],
    [
      0.00022582837162128257,
      -2.8579506348904936e-07,
      0.0077953907390385085,
      -9.8661363811579e-06,
      1.707941299363953e-05,
      -2.1614697417465172e-08,
      0.0033730707458654247,
      -4.268433681396418e-06,
      3.284812082740807e-06,
      -4.157064371481444e-09,
      0.00011338873634629819,
      -1.4350900093786918e-07,
      -1.421204862437498e-06,
      1.7985930243186129e-09,
      -8.576085144322982e-06,
      1.085255941620032e-08
    ],
    [
      2.8579506348904936e-07,
      9.409122347980721e-06,
      -9.8661363811579e-06,
      0.00032482151816500015,
      2.161469741746516e-08,
      7.116124751514661e-07,
      -4.268433681396418e-06,
      0.00014055048646414552,
      4.157064371481444e-09,
      1.368614517066325e-07,
      -1.4350900093786918e-07,
      4.724728075318814e-06,
      -1.7985930243186129e-09,
      -5.921439514537639e-08,
      1.085255941620033e-08,
      -3.573518108002996e-07
    ],
    [
      0.011630808779007474,
      -1.4719261300445392e-05,
      -1.4108133184314725e-05,
      -1.7854420993146813e-08,
      0.002721433102401086,
      -3.4440851275049694e-06,
      3.284812082740807e-06,
      4.157064371481444e-09,
      0.03366760103799937,
      -4.260771769646003e-05,
      -4.043692801938535e-05,
      -5.1174590365390626e-08,
      0.007752660354095206,
      -9.811309416563987e-06,
      9.35758162934419e-06,
      1.184240322268854e-08
    ],
    [
      -1.4719261300445392e-05,
      0.0004846372800999575,
      1.785442099314681e-08,
      -5.878143223537901e-07,
      -3.4440851275049694e-06,
      0.00011339778357478952,
      -4.157064371481444e-09,
      1.368614517066325e-07,
      -4.260771769646003e-05,
      0.0014028753205878877,
      5.1174590365390626e-08,
      -1.6848016056589655e-06,
      -9.811309416563987e-06,
      0.00032304101107129545,
      -1.1842403222688537e-08,
      3.898829442890893e-07
    ],
    [
      -1.4108133184314725e-05,
      1.7854420993146813e-08,
      0.00048463545068757946,
      -6.132792451653275e-07,
      -3.284812082740807e-06,
      4.157064371481444e-09,
      0.00011338873634629819,
      -1.4350900093786918e-07,
      -4.043692801938535e-05,
      5.1174590365390626e-08,
      0.001402870025003784,
      -1.7752540982686192e-06,
      -9.357581629344189e-06,
      1.1842403222688536e-08,
      0.00032301523785292123,
      -4.0882009594328003e-07
    ],
    [
      -1.785442099314681e-08,
      -5.878143223537901e-07,
      -6.132792451653275e-07,
      2.019398746243412e-05,
      -4.157064371481444e-09,
      -1.368614517066325e-07,
      -1.4350900093786918e-07,
      4.724728075318814e-06,
      -5.1174590365390626e-08,
      -1.6848016056589655e-06,
      -1.7752540982686192e-06,
      5.8455359912607206e-05,
      -1.1842403222688537e-08,
      -3.898829442890892e-07,
      -4.0882009594328003e-07,
      1.3459530569054677e-05
    ],
    [
      -0.002721433102401086,
      3.4440851275049694e-06,
      3.284812082740807e-06,
      4.157064371481444e-09,
      -0.00020581822118994993,
      2.60471325395332e-07,
      -1.421204862437498e-06,
      -1.7985930243186129e-09,
      0.007752660354095206,
      -9.811309416563987e-06,
      -9.35758162934419e-06,
      -1.184240322268854e-08,
      0.0033915584490659587,
      -4.292155083629126e-06,
      7.15569893158037e-07,
      9.055830389146737e-10
    ],
    [
      3.4440851275049694e-06,
      -0.00011339778357478952,
      -4.157064371481444e-09,
      1.368614517066325e-07,
      2.6047132539533224e-07,
      -8.576117517514617e-06,
      1.7985930243186129e-09,
      -5.921439514537639e-08,
      -9.811309416563987e-06,
      0.00032304101107129545,
      1.1842403222688537e-08,
      -3.898829442890893e-07,
      -4.292155083629126e-06,
      0.00014132083961538753,
      -9.055830389146737e-10,
      2.981416650582154e-08
    ],
    [
      -3.284812082740807e-06,
      4.157064371481444e-09,
      -0.00011338873634629819,
      1.4350900093786918e-07,
      -1.421204862437498e-06,
      1.7985930243186129e-09,
      -8.576085144322982e-06,
      1.085255941620032e-08,
      9.357581629344189e-06,
      -1.1842403222688536e-08,
      0.00032301523785292123,
      -4.0882009594328003e-07,
      7.155698931580374e-07,
      -9.055830389146752e-10,
      0.0001413203061564403,
      -1.788329982117338e-07
    ],
    [
      -4.157064371481444e-09,
      -1.368614517066325e-07,
      1.4350900093786918e-07,
      -4.724728075318814e-06,
      -1.7985930243186129e-09,
      -5.921439514537639e-08,
      1.085255941620033e-08,
      -3.573518108002996e-07,
      1.1842403222688537e-08,
      3.898829442890892e-07,
      -4.0882009594328003e-07,
      1.3459530569054677e-05,
      9.055830389146752e-10,
      2.981416650582156e-08,
      -1.788329982117338e-07,
      5.888592109103106e-06
    ]
  ],
  "final_state_imag": [
    [
      0.0,
      0.0,
      0.0,
      0.0,
      0.0,
      0.0,
      0.0,
      0.0,
      0.0,
      0.0,
      0.0,
      0.0,
      0.0,
      0.0,
      0.0,
      0.0
    ],
    [
      0.0,
      0.0,
      0.0,
      0.0,
      0.0,
      0.0,
      0.0,
      0.0,
      0.0,
      0.0,
      0.0,
      0.0,
      0.0,
      0.0,
      0.0,
      0.0
    ],
    [
      0.0,
      0.0,
      0.0,
      0.0,
      0.0,
      0.0,
      0.0,
      0.0,
      0.0,
      0.0,
      0.0,
      0.0,
      0.0,
      0.0,
      0.0,
      0.0
    ],
    [
      0.0,
      0.0,
      0.0,
      0.0,
      0.0,
      0.0,
      0.0,
      0.0,
      0.0,
      0.0,
      0.0,
      0.0,
      0.0,
      0.0,
      0.0,
      0.0
    ],
    [
      0.0,
      0.0,
      0.0,
      0.0,
      0.0,
      0.0,
      0.0,
      0.0,
      0.0,
      0.0,
      0.0,
      0.0,
      0.0,
      0.0,
      0.0,
      0.0
    ],
    [
      0.0,
      0.0,
      0.0,
      0.0,
      0.0,
      0.0,
      0.0,
      0.0,
      0.0,
      0.0,
      0.0,
      0.0,
      0.0,
      0.0,
      0.0,
      0.0
    ],
    [
      0.0,
      0.0,
      0.0,
      0.0,
      0.0,
      0.0,
      0.0,
      0.0,
      0.0,
      0.0,
      0.0,
      0.0,
      0.0,
      0.0,
      0.0,
      0.0
    ],
    [
      0.0,
      0.0,
      0.0,
      0.0,
      0.0,
      0.0,
      0.0,
      0.0,
      0.0,
      0.0,
      0.0,
      0.0,
      0.0,
      0.0,
      0.0,
      0.0
    ],
    [
      0.0,
      0.0,
      0.0,
      0.0,
      0.0,
      0.0,
      0.0,
      0.0,
      0.0,
      0.0,
      0.0,
      0.0,
      0.0,
      0.0,
      0.0,
      0.0
    ],
    [
      0.0,
      0.0,
      0.0,
      0.0,
      0.0,
      0.0,
      0.0,
      0.0,
      0.0,
      0.0,
      0.0,
      0.0,
      0.0,
      0.0,
      0.0,
      0.0
    ],
    [
      0.0,
      0.0,
      0.0,
      0.0,
      0.0,
      0.0,
      0.0,
      0.0,
      0.0,
      0.0,
      0.0,
      0.0,
      0.0,
      0.0,
      0.0,
      0.0
    ],
    [
      0.0,
      0.0,
      0.0,
      0.0,
      0.0,
      0.0,
      0.0,
      0.0,
      0.0,
      0.0,
      0.0,
      0.0,
      0.0,
      0.0,
      0.0,
      0.0
    ],
    [
      0.0,
      0.0,
      0.0,
      0.0,
      0.0,
      0.0,
      0.0,
      0.0,
      0.0,
      0.0,
      0.0,
      0.0,
      0.0,
      0.0,
      0.0,
      0.0
    ],
    [
      0.0,
      0.0,
      0.0,
      0.0,
      0.0,
      0.0,
      0.0,
      0.0,
      0.0,
      0.0,
      0.0,
      0.0,
      0.0,
      0.0,
      0.0,
      0.0
    ],
    [
      0.0,
      0.0,
      0.0,
      0.0,
      0.0,
      0.0,
      0.0,
      0.0,
      0.0,
      0.0,
      0.0,
      0.0,
      0.0,
      0.0,
      0.0,
      0.0
    ],
    [
      0.0,
      0.0,
      0.0,
      0.0,
      0.0,
      0.0,
      0.0,
      0.0,
      0.0,
      0.0,
      0.0,
      0.0,
      0.0,
      0.0,
      0.0,
      0.0
    ]
  ]
}