{
  "config": {
    "symbols": [
      "H",
      "H"
    ],
    "geometry": [
      [
        0.0,
        0.0,
        0.0
      ],
      [
        0.0,
        0.0,
        0.7414
      ]
    ],
    "basis": "STO-3G",
    "ansatz": "RY-CZ",
    "optimizer": {
      "name": "Adam",
      "stepsize": 0.1,
      "iterations_planned": 50
    },
    "seed": 2,
    "noisy": true,
    "depolarizing_prob": 0.1,
    "amplitude_damping_prob": 0.0
  },
  "energies": [
    1.154328261357759,
    1.154328261357759,
    1.1482693516802305,
    1.1356457724230338,
    1.1140797553872233,
    1.0831625581677042,
    1.0426790591947825,
    0.9929350744194465,
    0.9342812289019238,
    0.8669335895957926,
    0.7917790737693502,
    0.7097609948984616,
    0.6216573059714421,
    0.5289756617293554,
    0.4329347194706648,
    0.3348998336090292,
    0.23660741566917598,
    0.1392327986646687,
    0.04448941956784891,
    -0.04648671377285027,
    -0.13244487332569513,
    -0.2123846495018519,
    -0.28565225486882617,
    -0.35157018910427806,
    -0.4100308795033598,
    -0.4607693801416577,
    -0.5041005216453804,
    -0.5401303199018648,
    -0.5694504185931228,
    -0.5924284575146949,
    -0.6098011869208648,
    -0.6220862898410673,
    -0.6300675672748168,
    -0.6343255920384507,
    -0.635622782026182,
    -0.6345353989135392,
    -0.6317510444051648,
    -0.6277841757015101,
    -0.6232019788261702,
    -0.6184090927787886,
    -0.6138193890493077,
    -0.6096974694711117,
    -0.6062925284194167,
    -0.6037237231138979,
    -0.6020890299068565,
    -0.6013808211950697,
    -0.6015791402467282,
    -0.6025845050418885,
    -0.6043021653519998,
    -0.6065817261504494,
    -0.6092964543182599
  ],
  "final_params": [
    3.416233022935358,
    3.4161249230229873,
    0.002759657406553816,
    0.0032161275340710353
  ],
  "final_state_real": [
    [
      0.005986671177680502,
      8.939313414031124e-06,
      -4.43634227106575e-06,
      6.6243623931438945e-09,
      0.00490464874607732,
      7.323638609173312e-06,
      -6.284179417902365e-06,
      9.38355953264192e-09,
      0.004908032877641866,
      7.328687819565294e-06,
      -1.0872988237456945e-05,
      1.6235585529788858e-08,
      -0.012026274226890489,
      -1.795767460880931e-05,
      1.5408904670516738e-05,
      -2.3008632423302405e-08
    ],
    [
      8.939313414031124e-06,
      0.00042763477162262715,
      -6.624362393143896e-09,
      -3.1687017749800964e-07,
      7.323638609173312e-06,
      0.00035034467138223593,
      -9.383559532641918e-09,
      -4.488537912341229e-07,
      7.328687819565296e-06,
      0.00035058640377170504,
      -1.6235585529788858e-08,
      -7.766140442335792e-07,
      -1.795767460880931e-05,
      -0.0008590505273884056,
      2.3008632423302405e-08,
      1.1005964057014897e-06
    ],
    [
      -4.43634227106575e-06,
      -6.6243623931438945e-09,
      0.0004276307098796781,
      6.385054537262146e-07,
      6.284179417902365e-06,
      9.38355953264192e-09,
      0.0003503227628272198,
      5.231309160621716e-07,
      -1.0872988237456942e-05,
      -1.6235585529788858e-08,
      0.00035058307384638546,
      5.234638192799611e-07,
      -1.5408904670516738e-05,
      -2.3008632423302405e-08,
      -0.0008589968072742481,
      -1.2827250591920228e-06
    ],
    [
      6.6243623931438945e-09,
      -3.1687017749800964e-07,
      6.385054537262146e-07,
      3.05461508626017e-05,
      -9.383559532641918e-09,
      4.488537912341229e-07,
      5.231309160621716e-07,
      2.5023955755971366e-05,
      1.6235585529788858e-08,
      -7.76614044233579e-07,
      5.234638192799613e-07,
      2.5042550069894404e-05,
      2.3008632423302405e-08,
      -1.1005964057014897e-06,
      -1.2827250591920228e-06,
      -6.135912472908046e-05
    ],
    [
      0.00490464874607732,
      7.323638609173312e-06,
      6.284179417902365e-06,
      -9.38355953264192e-09,
      0.06623405380135643,
      9.890086628100475e-05,
      -8.463267049867062e-05,
      1.2637381099724068e-07,
      0.012026274226890489,
      1.795767460880931e-05,
      1.5408904670516738e-05,
      -2.3008632423302405e-08,
      0.09363117269811536,
      0.00013981031749200166,
      -0.00012029424475260074,
      1.796238032056399e-07
    ],
    [
      7.323638609173312e-06,
      0.00035034467138223593,
      9.383559532641918e-09,
      4.488537912341229e-07,
      9.890086628100475e-05,
      0.00473117424196961,
      -1.2637381099724068e-07,
      -6.044973017062073e-06,
      1.795767460880931e-05,
      0.0008590505273884056,
      2.3008632423302405e-08,
      1.1005964057014897e-06,
      0.00013981031749200172,
      0.006688181790039544,
      -1.796238032056399e-07,
      -8.592136575068305e-06
    ],
    [
      -6.284179417902365e-06,
      -9.38355953264192e-09,
      0.0003503227628272198,
      5.231309160621716e-07,
      -8.463267049867062e-05,
      -1.2637381099724068e-07,
      0.004731129304525573,
      7.06416025189927e-06,
      -1.5408904670516738e-05,
      -2.3008632423302405e-08,
      0.0008589968072742481,
      1.2827250591920228e-06,
      -0.00012029424475260071,
      -1.796238032056399e-07,
      0.0066881182646271325,
      9.98618641849152e-06
    ],
    [
      9.383559532641918e-09,
      -4.488537912341229e-07,
      5.231309160621716e-07,
      2.5023955755971366e-05,
      1.2637381099724068e-07,
      -6.044973017062073e-06,
      7.06416025189927e-06,
      0.0003379499791471403,
      2.3008632423302405e-08,
      -1.1005964057014897e-06,
      1.2827250591920228e-06,
      6.135912472908046e-05,
      1.796238032056399e-07,
      -8.592136575068302e-06,
      9.98618641849152e-06,
      0.00047773993957474405
    ],
    [
      0.004908032877641866,
      7.328687819565294e-06,
      -1.0872988237456945e-05,
      1.6235585529788858e-08,
      0.012026274226890489,
      1.795767460880931e-05,
      -1.5408904670516738e-05,
      2.3008632423302405e-08,
      0.06622298942775098,
      9.888434492874514e-05,
      -4.907365689466483e-05,
      7.32769627238363e-08,
      0.09359372449424073,
      0.00013975447575742566,
      -0.0001199188336538748,
      1.790632379894282e-07
    ],
    [
      7.328687819565296e-06,
      0.00035058640377170504,
      -1.6235585529788858e-08,
      -7.766140442335792e-07,
      1.795767460880931e-05,
      0.0008590505273884056,
      -2.3008632423302405e-08,
      -1.1005964057014897e-06,
      9.888434492874514e-05,
      0.004730383901104128,
      -7.32769627238363e-08,
      -3.505134955908907e-06,
      0.00013975447575742566,
      0.006685506821991975,
      -1.7906323798942817e-07,
      -8.56532246240079e-06
    ],
    [
      -1.0872988237456942e-05,
      -1.6235585529788858e-08,
      0.00035058307384638546,
      5.234638192799611e-07,
      1.5408904670516738e-05,
      2.3008632423302405e-08,
      0.0008589968072742481,
      1.2827250591920228e-06,
      -4.907365689466483e-05,
      -7.32769627238363e-08,
      0.004730338971166877,
      7.062980186604309e-06,
      0.0001199188336538748,
      1.790632379894282e-07,
      0.006685088748574608,
      9.98272727919644e-06
    ],
    [
      1.6235585529788858e-08,
      -7.76614044233579e-07,
      5.234638192799613e-07,
      2.5042550069894404e-05,
      -2.3008632423302405e-08,
      1.1005964057014897e-06,
      1.2827250591920228e-06,
      6.135912472908046e-05,
      7.32769627238363e-08,
      -3.505134955908907e-06,
      7.062980186604309e-06,
      0.00033789352473110153,
      -1.7906323798942817e-07,
      8.56532246240079e-06,
      9.98272727919644e-06,
      0.00047752353777701735
    ],
    [
      -0.012026274226890489,
      -1.795767460880931e-05,
      -1.5408904670516738e-05,
      2.3008632423302405e-08,
      0.09363117269811536,
      0.00013981031749200166,
      -0.00012029424475260074,
      1.796238032056399e-07,
      0.09359372449424073,
      0.00013975447575742566,
      0.0001199188336538748,
      -1.790632379894282e-07,
      0.7326637649645776,
      0.0010940154933747265,
      -0.0009361844466372174,
      1.3979140161924391e-06
    ],
    [
      -1.795767460880931e-05,
      -0.0008590505273884056,
      -2.3008632423302405e-08,
      -1.1005964057014897e-06,
      0.00013981031749200172,
      0.006688181790039544,
      -1.796238032056399e-07,
      -8.592136575068305e-06,
      0.00013975447575742566,
      0.006685506821991975,
      1.7906323798942817e-07,
      8.56532246240079e-06,
      0.0010940154933747265,
      0.052335010978203124,
      -1.3979140161924391e-06,
      -6.686790911323137e-05
    ],
    [
      1.5408904670516738e-05,
      2.3008632423302405e-08,
      -0.0008589968072742481,
      -1.2827250591920228e-06,
      -0.00012029424475260071,
      -1.796238032056399e-07,
      0.0066881182646271325,
      9.98618641849152e-06,
      -0.0001199188336538748,
      -1.790632379894282e-07,
      0.006685088748574608,
      9.98272727919644e-06,
      -0.0009361844466372174,
      -1.3979140161924391e-06,
      0.052334513891960525,
      7.81418915108536e-05
    ],
    [
      -2.3008632423302405e-08,
      1.1005964057014897e-06,
      -1.2827250591920228e-06,
      -6.135912472908046e-05,
      1.796238032056399e-07,
      -8.592136575068302e-06,
      9.98618641849152e-06,
      0.00047773993957474405,
      1.7906323798942817e-07,
      -8.56532246240079e-06,
      9.98272727919644e-06,
      0.00047752353777701735,
      1.3979140161924391e-06,
      -6.686790911323137e-05,
      7.81418915108536e-05,
      0.003738314203660799
    ]
  ],
  "final_state_imag": [
    [
      0.0,
      0.0,
      0.0,
      0.0,
      0.0,
      0.0,
      0.0,
      0.0,
      0.0,
      0.0,
      0.0,
      0.0,
      0.0,
      0.0,
      0.0,
      0.0
    ],
    [
      0.0,
      0.0,
      0.0,
      0.0,
      0.0,
      0.0,
      0.0,
      0.0,
      0.0,
      0.0,
      0.0,
      0.0,
      0.0,
      0.0,
      0.0,
      0.0
    ],
    [
      0.0,
      0.0,
      0.0,
      0.0,
      0.0,
      0.0,
      0.0,
      0.0,
      0.0,
      0.0,
      0.0,
      0.0,
      0.0,
      0.0,
      0.0,
      0.0
    ],
    [
      0.0,
      0.0,
      0.0,
      0.0,
      0.0,
      0.0,
      0.0,
      0.0,
      0.0,
      0.0,
      0.0,
      0.0,
      0.0,
      0.0,
      0.0,
      0.0
    ],
    [
      0.0,
      0.0,
      0.0,
      0.0,
      0.0,
      0.0,
      0.0,
      0.0,
      0.0,
      0.0,
      0.0,
      0.0,
      0.0,
      0.0,
      0.0,
      0.0
    ],
    [
      0.0,
      0.0,
      0.0,
      0.0,
      0.0,
      0.0,
      0.0,
      0.0,
      0.0,
      0.0,
      0.0,
      0.0,
      0.0,
      0.0,
      0.0,
      0.0
    ],
    [
      0.0,
      0.0,
      0.0,
      0.0,
      0.0,
      0.0,
      0.0,
      0.0,
      0.0,
      0.0,
      0.0,
      0.0,
      0.0,
      0.0,
      0.0,
      0.0
    ],
    [
      0.0,
      0.0,
      0.0,
      0.0,
      0.0,
      0.0,
      0.0,
      0.0,
      0.0,
      0.0,
      0.0,
      0.0,
      0.0,
      0.0,
      0.0,
      0.0
    ],
    [
      0.0,
      0.0,
      0.0,
      0.0,
      0.0,
      0.0,
      0.0,
      0.0,
      0.0,
      0.0,
      0.0,
      0.0,
      0.0,
      0.0,
      0.0,
      0.0
    ],
    [
      0.0,
      0.0,
      0.0,
      0.0,
      0.0,
      0.0,
      0.0,
      0.0,
      0.0,
      0.0,
      0.0,
      0.0,
      0.0,
      0.0,
      0.0,
      0.0
    ],
    [
      0.0,
      0.0,
      0.0,
      0.0,
      0.0,
      0.0,
      0.0,
      0.0,
      0.0,
      0.0,
      0.0,
      0.0,
      0.0,
      0.0,
      0.0,
      0.0
    ],
    [
      0.0,
      0.0,
      0.0,
      0.0,
      0.0,
      0.0,
      0.0,
      0.0,
      0.0,
      0.0,
      0.0,
      0.0,
      0.0,
      0.0,
      0.0,
      0.0
    ],
    [
      0.0,
      0.0,
      0.0,
      0.0,
      0.0,
      0.0,
      0.0,
      0.0,
      0.0,
      0.0,
      0.0,
      0.0,
      0.0,
      0.0,
      0.0,
      0.0
    ],
    [
      0.0,
      0.0,
      0.0,
      0.0,
      0.0,
      0.0,
      0.0,
      0.0,
      0.0,
      0.0,
      0.0,
      0.0,
      0.0,
      0.0,
      0.0,
      0.0
    ],
    [
      0.0,
      0.0,
      0.0,
      0.0,
      0.0,
      0.0,
      0.0,
      0.0,
      0.0,
      0.0,
      0.0,
      0.0,
      0.0,
      0.0,
      0.0,
      0.0
    ],
    [
      0.0,
      0.0,
      0.0,
      0.0,
      0.0,
      0.0,
      0.0,
      0.0,
      0.0,
      0.0,
      0.0,
      0.0,
      0.0,
      0.0,
      0.0,
      0.0
    ]
  ]
}