{
  "config": {
    "symbols": [
      "H",
      "H"
    ],
    "geometry": [
      [
        0.0,
        0.0,
        0.0
      ],
      [
        0.0,
        0.0,
        0.7414
      ]
    ],
    "basis": "STO-3G",
    "ansatz": "RY-CZ",
    "optimizer": {
      "name": "Adam",
      "stepsize": 0.1,
      "iterations_planned": 50
    },
    "seed": 1,
    "noisy": true,
    "depolarizing_prob": 0.06,
    "amplitude_damping_prob": 0.0
  },
  "energies": [
    1.227722882733923,
    1.227722882733923,
    1.220148444295434,
    1.2051581398153246,
    1.180488635589134,
    1.1455244091467023,
    1.0997378449517292,
    1.0432934752505103,
    0.9768137993477849,
    0.9014536210219823,
    0.8183716095521627,
    0.7274417290955516,
    0.6294673690473213,
    0.526416971382272,
    0.42058269409083604,
    0.3134423634443265,
    0.20552012581426884,
    0.09853934462671143,
    -0.00505278362181566,
    -0.10355956093371649,
    -0.1966910977433962,
    -0.2836261315187205,
    -0.362782961761253,
    -0.43339058414330456,
    -0.4959736214451824,
    -0.5506149482947101,
    -0.5968233143636097,
    -0.6349132077518251,
    -0.6659862600754479,
    -0.6905357156362634,
    -0.7087437286400509,
    -0.7214835256989092,
    -0.7298590263902262,
    -0.7343753839973671,
    -0.7355029519410572,
    -0.7341829459959881,
    -0.7312228519744055,
    -0.7269952768697723,
    -0.721980339405102,
    -0.7168605417531667,
    -0.7120302994777482,
    -0.7076343185066793,
    -0.7039481883037993,
    -0.701250707442858,
    -0.6995475738136221,
    -0.6987692803592473,
    -0.6989587685288121,
    -0.7000708854316992,
    -0.701902536356217,
    -0.7043082494154395,
    -0.7072070433727415
  ],
  "final_params": [
    -3.415711718309477,
    -3.4153907698546098,
    0.0012992447076279768,
    -0.0026826425331382556
  ],
  "final_state_real": [
    [
      0.0030105332190314723,
      -3.869840282072681e-06,
      -7.011916612608813e-07,
      -9.013354250023142e-10,
      -0.002445242801113751,
      3.1431972571956556e-06,
      1.5222975474411552e-06,
      1.9568126415473135e-09,
      -0.0024530194114522935,
      3.153193351640964e-06,
      4.081903681885184e-06,
      5.2470167476245045e-09,
      -0.014273631863864761,
      1.8347805994678855e-05,
      8.886117472482618e-06,
      1.1422515285304698e-08
    ],
    [
      -3.869840282072681e-06,
      0.00012544429110800188,
      9.013354250023142e-10,
      -2.9215059863906286e-08,
      3.1431972571956556e-06,
      -0.00010188950842115008,
      -1.9568126415473135e-09,
      6.342633039759485e-08,
      3.153193351640964e-06,
      -0.00010221354781888026,
      -5.247016747624503e-09,
      1.7007198889178823e-07,
      1.8347805994678855e-05,
      -0.0005947602967407693,
      -1.1422515285304696e-08,
      3.7023893502877097e-07
    ],
    [
      -7.011916612608813e-07,
      9.013354250023142e-10,
      0.00012544015239374844,
      -1.6124171481299893e-07,
      -1.5222975474411552e-06,
      1.956812641547313e-09,
      -0.00010188408658936922,
      1.3096787653885482e-07,
      4.081903681885184e-06,
      -5.2470167476245045e-09,
      -0.0001022101755437172,
      1.3138172795163116e-07,
      -8.886117472482618e-06,
      1.1422515285304698e-08,
      -0.0005947286478465031,
      7.64499645947732e-07
    ],
    [
      -9.013354250023142e-10,
      -2.9215059863906286e-08,
      -1.6124171481299893e-07,
      5.226898309587792e-06,
      -1.956812641547313e-09,
      -6.342633039759485e-08,
      1.3096787653885482e-07,
      -4.245353260543474e-06,
      5.247016747624503e-09,
      1.7007198889178823e-07,
      1.3138172795163116e-07,
      -4.25894088597067e-06,
      -1.1422515285304696e-08,
      -3.7023893502877097e-07,
      7.64499645947732e-07,
      -2.4781428472238076e-05
    ],
    [
      -0.0024452428011137502,
      3.1431972571956527e-06,
      -1.5222975474411548e-06,
      -1.9568126415473135e-09,
      0.049681412400450306,
      -6.386215231313082e-05,
      -3.088052247891982e-05,
      -3.96948657415295e-08,
      0.014273631863864761,
      -1.8347805994678855e-05,
      8.886117472482618e-06,
      1.1422515285304698e-08,
      -0.10803112082132404,
      0.000138866822803675,
      6.736173476401499e-05,
      8.658904717041007e-08
    ],
    [
      3.1431972571956544e-06,
      -0.00010188950842115006,
      1.9568126415473135e-09,
      -6.342633039759482e-08,
      -6.386215231313082e-05,
      0.002070148078892076,
      3.96948657415295e-08,
      -1.2866329745394506e-06,
      -1.8347805994678855e-05,
      0.0005947602967407693,
      -1.1422515285304696e-08,
      3.7023893502877097e-07,
      0.000138866822803675,
      -0.004501490727079141,
      -8.658904717041005e-08,
      2.8066179653769184e-06
    ],
    [
      1.5222975474411544e-06,
      -1.956812641547313e-09,
      -0.0001018840865893692,
      1.309678765388547e-07,
      -3.088052247891982e-05,
      3.96948657415295e-08,
      0.0020700797796391955,
      -2.6608961094133203e-06,
      -8.886117472482618e-06,
      1.1422515285304698e-08,
      0.0005947286478465031,
      -7.64499645947732e-07,
      6.736173476401499e-05,
      -8.658904717041007e-08,
      -0.004501342211880329,
      5.786059115469428e-06
    ],
    [
      1.956812641547313e-09,
      6.342633039759482e-08,
      1.3096787653885482e-07,
      -4.245353260543472e-06,
      -3.96948657415295e-08,
      -1.2866329745394506e-06,
      -2.6608961094133203e-06,
      8.625704205894461e-05,
      -1.1422515285304696e-08,
      -3.7023893502877097e-07,
      -7.64499645947732e-07,
      2.4781428472238076e-05,
      8.658904717041005e-08,
      2.8066179653769184e-06,
      5.786059115469428e-06,
      -0.0001875640100013624
    ],
    [
      -0.0024530194114522935,
      3.153193351640964e-06,
      4.081903681885184e-06,
      5.2470167476245045e-09,
      0.014273631863864761,
      -1.8347805994678855e-05,
      -8.886117472482618e-06,
      -1.1422515285304698e-08,
      0.04964460175878123,
      -6.381483468081261e-05,
      -1.1562862206540814e-05,
      -1.4863293300486225e-08,
      -0.10790283223879706,
      0.00013870192611635561,
      6.71754219271225e-05,
      8.63495543622356e-08
    ],
    [
      3.153193351640964e-06,
      -0.00010221354781888026,
      -5.247016747624503e-09,
      1.7007198889178823e-07,
      -1.8347805994678855e-05,
      0.0005947602967407693,
      1.1422515285304696e-08,
      -3.7023893502877097e-07,
      -6.381483468081261e-05,
      0.0020686142360431697,
      1.4863293300486225e-08,
      -4.817651581234448e-07,
      0.00013870192611635561,
      -0.004496145139064827,
      -8.63495543622356e-08,
      2.7988552651282576e-06
    ],
    [
      4.081903681885184e-06,
      -5.2470167476245045e-09,
      -0.0001022101755437172,
      1.3138172795163116e-07,
      8.886117472482618e-06,
      -1.1422515285304698e-08,
      0.0005947286478465031,
      -7.64499645947732e-07,
      -1.1562862206540814e-05,
      1.4863293300486225e-08,
      0.0020685459873955197,
      -2.6589245613338747e-06,
      -6.71754219271225e-05,
      8.63495543622356e-08,
      -0.004495905886339164,
      5.779305353401645e-06
    ],
    [
      5.247016747624503e-09,
      1.7007198889178823e-07,
      1.3138172795163116e-07,
      -4.25894088597067e-06,
      1.1422515285304696e-08,
      3.7023893502877097e-07,
      -7.64499645947732e-07,
      2.4781428472238076e-05,
      -1.4863293300486225e-08,
      -4.817651581234448e-07,
      -2.6589245613338747e-06,
      8.619313129406792e-05,
      -8.63495543622356e-08,
      -2.7988552651282576e-06,
      5.779305353401645e-06,
      -0.00018733748667339103
    ],
    [
      -0.014273631863864761,
      1.8347805994678855e-05,
      -8.886117472482618e-06,
      -1.1422515285304698e-08,
      -0.10803112082132404,
      0.000138866822803675,
      6.736173476401499e-05,
      8.658904717041007e-08,
      -0.10790283223879703,
      0.00013870192611635556,
      -6.717542192712249e-05,
      -8.634955436223558e-08,
      0.8192614909021365,
      -0.0010531061736843992,
      -0.0005092291395018285,
      -6.545803212364154e-07
    ],
    [
      1.8347805994678855e-05,
      -0.0005947602967407693,
      1.1422515285304696e-08,
      -3.7023893502877097e-07,
      0.000138866822803675,
      -0.004501490727079141,
      -8.658904717041005e-08,
      2.8066179653769184e-06,
      0.0001387019261163556,
      -0.004496145139064826,
      8.634955436223558e-08,
      -2.7988552651282576e-06,
      -0.0010531061736843992,
      0.0341373668653177,
      6.545803212364154e-07,
      -2.121696622609479e-05
    ],
    [
      8.886117472482618e-06,
      -1.1422515285304698e-08,
      -0.0005947286478465031,
      7.64499645947732e-07,
      6.736173476401499e-05,
      -8.658904717041007e-08,
      -0.004501342211880329,
      5.786059115469428e-06,
      6.717542192712249e-05,
      -8.634955436223558e-08,
      -0.004495905886339164,
      5.779305353401644e-06,
      -0.0005092291395018285,
      6.545803212364154e-07,
      0.034136240590015965,
      -4.3878980254472214e-05
    ],
    [
      1.1422515285304696e-08,
      3.7023893502877097e-07,
      7.64499645947732e-07,
      -2.4781428472238076e-05,
      8.658904717041005e-08,
      2.8066179653769184e-06,
      5.786059115469428e-06,
      -0.0001875640100013624,
      8.634955436223558e-08,
      2.7988552651282576e-06,
      5.779305353401645e-06,
      -0.00018733748667339103,
      -6.545803212364154e-07,
      -2.121696622609479e-05,
      -4.3878980254472214e-05,
      0.0014224046673314533
    ]
  ],
  "final_state_imag": [
    [
      0.0,
      0.0,
      0.0,
      0.0,
      0.0,
      0.0,
      0.0,
      0.0,
      0.0,
      0.0,
      0.0,
      0.0,
      0.0,
      0.0,
      0.0,
      0.0
    ],
    [
      0.0,
      0.0,
      0.0,
      0.0,
      0.0,
      0.0,
      0.0,
      0.0,
      0.0,
      0.0,
      0.0,
      0.0,
      0.0,
      0.0,
      0.0,
      0.0
    ],
    [
      0.0,
      0.0,
      0.0,
      0.0,
      0.0,
      0.0,
      0.0,
      0.0,
      0.0,
      0.0,
      0.0,
      0.0,
      0.0,
      0.0,
      0.0,
      0.0
    ],
    [
      0.0,
      0.0,
      0.0,
      0.0,
      0.0,
      0.0,
      0.0,
      0.0,
      0.0,
      0.0,
      0.0,
      0.0,
      0.0,
      0.0,
      0.0,
      0.0
    ],
    [
      0.0,
      0.0,
      0.0,
      0.0,
      0.0,
      0.0,
      0.0,
      0.0,
      0.0,
      0.0,
      0.0,
      0.0,
      0.0,
      0.0,
      0.0,
      0.0
    ],
    [
      0.0,
      0.0,
      0.0,
      0.0,
      0.0,
      0.0,
      0.0,
      0.0,
      0.0,
      0.0,
      0.0,
      0.0,
      0.0,
      0.0,
      0.0,
      0.0
    ],
    [
      0.0,
      0.0,
      0.0,
      0.0,
      0.0,
      0.0,
      0.0,
      0.0,
      0.0,
      0.0,
      0.0,
      0.0,
      0.0,
      0.0,
      0.0,
      0.0
    ],
    [
      0.0,
      0.0,
      0.0,
      0.0,
      0.0,
      0.0,
      0.0,
      0.0,
      0.0,
      0.0,
      0.0,
      0.0,
      0.0,
      0.0,
      0.0,
      0.0
    ],
    [
      0.0,
      0.0,
      0.0,
      0.0,
      0.0,
      0.0,
      0.0,
      0.0,
      0.0,
      0.0,
      0.0,
      0.0,
      0.0,
      0.0,
      0.0,
      0.0
    ],
    [
      0.0,
      0.0,
      0.0,
      0.0,
      0.0,
      0.0,
      0.0,
      0.0,
      0.0,
      0.0,
      0.0,
      0.0,
      0.0,
      0.0,
      0.0,
      0.0
    ],
    [
      0.0,
      0.0,
      0.0,
      0.0,
      0.0,
      0.0,
      0.0,
      0.0,
      0.0,
      0.0,
      0.0,
      0.0,
      0.0,
      0.0,
      0.0,
      0.0
    ],
    [
      0.0,
      0.0,
      0.0,
      0.0,
      0.0,
      0.0,
      0.0,
      0.0,
      0.0,
      0.0,
      0.0,
      0.0,
      0.0,
      0.0,
      0.0,
      0.0
    ],
    [
      0.0,
      0.0,
      0.0,
      0.0,
      0.0,
      0.0,
      0.0,
      0.0,
      0.0,
      0.0,
      0.0,
      0.0,
      0.0,
      0.0,
      0.0,
      0.0
    ],
    [
      0.0,
      0.0,
      0.0,
      0.0,
      0.0,
      0.0,
      0.0,
      0.0,
      0.0,
      0.0,
      0.0,
      0.0,
      0.0,
      0.0,
      0.0,
      0.0
    ],
    [
      0.0,
      0.0,
      0.0,
      0.0,
      0.0,
      0.0,
      0.0,
      0.0,
      0.0,
      0.0,
      0.0,
      0.0,
      0.0,
      0.0,
      0.0,
      0.0
    ],
    [
      0.0,
      0.0,
      0.0,
      0.0,
      0.0,
      0.0,
      0.0,
      0.0,
      0.0,
      0.0,
      0.0,
      0.0,
      0.0,
      0.0,
      0.0,
      0.0
    ]
  ]
}