{
  "config": {
    "symbols": [
      "H",
      "H"
    ],
    "geometry": [
      [
        0.0,
        0.0,
        0.0
      ],
      [
        0.0,
        0.0,
        0.7414
      ]
    ],
    "basis": "STO-3G",
    "ansatz": "RY-CZ",
    "optimizer": {
      "name": "Nesterov",
      "stepsize": 0.1,
      "iterations_planned": 50
    },
    "seed": 3,
    "noisy": true,
    "depolarizing_prob": 0.06,
    "amplitude_damping_prob": 0.0
  },
  "energies": [
    1.2277550906186783,
    1.2277550906186783,
    1.2277540915340255,
    1.2277523228261744,
    1.2277493843233862,
    1.2277446101657938,
    1.227736918802154,
    1.2277245683371545,
    1.2277047618028174,
    1.2276730131772482,
    1.2276221305878527,
    1.2275405866679485,
    1.2274099078497838,
    1.227200494011167,
    1.2268649295338794,
    1.2263272908045402,
    1.225466084948301,
    1.2240870984004766,
    1.2218803822113582,
    1.2183525915601146,
    1.2127218148362027,
    1.2037572846603837,
    1.1895431986321519,
    1.167151221225994,
    1.1322379846540627,
    1.0786809070173928,
    0.9985932281892427,
    0.8834663769460964,
    0.7275970497101041,
    0.5344843999542844,
    0.32385087298512466,
    0.13166801090558364,
    -0.004134002220303606,
    -0.06526691559168302,
    -0.061946479640666935,
    -0.021847192810631105,
    0.02677538927912898,
    0.06440370476871173,
    0.08129189439784708,
    0.07503350153344088,
    0.04796591549295934,
    0.0052372325129481645,
    -0.046791743581103024,
    -0.10216274729551095,
    -0.1568258842312177,
    -0.209515471999388,
    -0.2615580832232276,
    -0.31566583132484916,
    -0.3742387051715388,
    -0.4378464031885311,
    -0.5044338004436089
  ],
  "final_params": [
    2.920186666806226,
    1.9538813677128763,
    -0.0018489910510797029,
    -0.0063072884363134405
  ],
  "final_state_real": [
    [
      0.01548832424384595,
      -4.680960230845981e-05,
      -1.1423722330186569e-05,
      -3.452538647924821e-08,
      -0.010929017946994588,
      3.3030239330020795e-05,
      -9.682830427627411e-06,
      -2.9263969577016224e-08,
      0.02542528339096932,
      -7.684158630550681e-05,
      -2.705857417480891e-05,
      -8.17778744931579e-08,
      -0.0397200957560054,
      0.00012004411333160848,
      -3.5190989130023995e-05,
      -1.0635609525369636e-07
    ],
    [
      -4.680960230845981e-05,
      0.0006455006157142889,
      3.452538647924821e-08,
      -4.758750125638309e-07,
      3.303023933002079e-05,
      -0.0004554842540012418,
      2.9263969577016224e-08,
      -4.033551340113311e-07,
      -7.684158630550681e-05,
      0.0010596392369627758,
      8.177787449315791e-08,
      -1.1271719456425414e-06,
      0.00012004411333160848,
      -0.0016553983415552144,
      1.0635609525369636e-07,
      -1.4659418279217144e-06
    ],
    [
      -1.1423722330186569e-05,
      3.452538647924821e-08,
      0.0006453600582652213,
      -1.9503601578290426e-06,
      9.682830427627413e-06,
      -2.926396957701623e-08,
      -0.00045536642305898207,
      1.3762881537688736e-06,
      -2.705857417480891e-05,
      8.177787449315791e-08,
      0.0010594085010278227,
      -3.2016672008246647e-06,
      3.5190989130024e-05,
      -1.0635609525369639e-07,
      -0.0016549701003049685,
      5.0019404781550765e-06
    ],
    [
      -3.452538647924821e-08,
      -4.758750125638309e-07,
      -1.9503601578290426e-06,
      2.6896409734780157e-05,
      2.926396957701623e-08,
      4.0335513401133114e-07,
      1.3762881537688732e-06,
      -1.8978121960287508e-05,
      -8.177787449315791e-08,
      -1.1271719456425414e-06,
      -3.2016672008246647e-06,
      4.415253896677224e-05,
      1.0635609525369639e-07,
      1.4659418279217146e-06,
      5.0019404781550765e-06,
      -6.897351849797839e-05
    ],
    [
      -0.010929017946994586,
      3.3030239330020795e-05,
      9.682830427627411e-06,
      2.9263969577016224e-08,
      0.03172361031893653,
      -9.587671070406473e-05,
      2.705855632410721e-05,
      8.17778205438096e-08,
      0.0397200957560054,
      -0.00012004411333160848,
      -3.5190989130023995e-05,
      -1.0635609525369636e-07,
      -0.060223055393512435,
      0.00018200918500855612,
      -5.5422113418677125e-05,
      -1.67499684426005e-07
    ],
    [
      3.303023933002079e-05,
      -0.0004554842540012418,
      -2.9263969577016224e-08,
      4.033551340113311e-07,
      -9.587671070406473e-05,
      0.0013221320571003782,
      -8.17778205438096e-08,
      1.1271712020405307e-06,
      -0.00012004411333160848,
      0.0016553983415552144,
      1.0635609525369636e-07,
      -1.4659418279217144e-06,
      0.00018200918500855615,
      -0.002509891885311866,
      1.6749968442600503e-07,
      -2.3087044797767164e-06
    ],
    [
      -9.682830427627411e-06,
      2.9263969577016224e-08,
      -0.00045536642305898207,
      1.3762881537688734e-06,
      2.7058556324107208e-05,
      -8.17778205438096e-08,
      0.0013218441634799032,
      -3.99478114316545e-06,
      3.5190989130024e-05,
      -1.0635609525369639e-07,
      0.0016549701003049685,
      -5.0019404781550765e-06,
      -5.542211341867714e-05,
      1.6749968442600503e-07,
      -0.002509345357559224,
      7.583560750215294e-06
    ],
    [
      -2.9263969577016224e-08,
      -4.033551340113311e-07,
      1.3762881537688732e-06,
      -1.8978121960287508e-05,
      8.17778205438096e-08,
      1.1271712020405302e-06,
      -3.99478114316545e-06,
      5.50899637669739e-05,
      1.0635609525369639e-07,
      1.4659418279217146e-06,
      -5.0019404781550765e-06,
      6.897351849797839e-05,
      -1.6749968442600503e-07,
      -2.3087044797767164e-06,
      7.583560750215295e-06,
      -0.00010458097001603443
    ],
    [
      0.02542528339096932,
      -7.684158630550681e-05,
      -2.705857417480891e-05,
      -8.17778744931579e-08,
      0.0397200957560054,
      -0.00012004411333160848,
      3.5190989130023995e-05,
      1.0635609525369636e-07,
      0.2868481933619678,
      -0.0008669272183857471,
      -0.00021157060378464127,
      -6.394200289699568e-07,
      -0.37267604334066695,
      0.0011263206780159488,
      -0.0003301814444452561,
      -9.978920747772339e-07
    ],
    [
      -7.684158630550681e-05,
      0.0010596392369627758,
      8.177787449315791e-08,
      -1.1271719456425414e-06,
      -0.00012004411333160848,
      0.0016553983415552144,
      -1.0635609525369636e-07,
      1.4659418279217144e-06,
      -0.0008669272183857471,
      0.011954855962242173,
      6.394200289699568e-07,
      -8.81334129315354e-06,
      0.0011263206780159488,
      -0.015531868499844288,
      9.978920747772339e-07,
      -1.3754282052929065e-05
    ],
    [
      -2.705857417480891e-05,
      8.177787449315791e-08,
      0.0010594085010278227,
      -3.2016672008246647e-06,
      -3.5190989130024e-05,
      1.0635609525369639e-07,
      0.0016549701003049685,
      -5.0019404781550765e-06,
      -0.00021157060378464127,
      6.394200289699568e-07,
      0.01195225279809776,
      -3.612122776295282e-05,
      0.0003301814444452561,
      -9.978920747772339e-07,
      -0.015527850502110413,
      4.6930989237167624e-05
    ],
    [
      -8.177787449315791e-08,
      -1.1271719456425414e-06,
      -3.2016672008246647e-06,
      4.415253896677224e-05,
      -1.0635609525369639e-07,
      -1.4659418279217146e-06,
      -5.0019404781550765e-06,
      6.897351849797839e-05,
      -6.394200289699568e-07,
      -8.81334129315354e-06,
      -3.612122776295282e-05,
      0.0004981291984128269,
      9.978920747772339e-07,
      1.3754282052929065e-05,
      4.6930989237167624e-05,
      -0.0006471479355692261
    ],
    [
      -0.0397200957560054,
      0.00012004411333160848,
      3.5190989130023995e-05,
      1.0635609525369636e-07,
      -0.060223055393512435,
      0.00018200918500855612,
      -5.5422113418677125e-05,
      -1.67499684426005e-07,
      -0.37267604334066695,
      0.0011263206780159488,
      0.0003301814444452561,
      9.978920747772339e-07,
      0.5875303334072255,
      -0.0017756640949634396,
      0.000501132199607533,
      1.514548618091567e-06
    ],
    [
      0.00012004411333160848,
      -0.0016553983415552144,
      -1.0635609525369636e-07,
      1.4659418279217144e-06,
      0.00018200918500855615,
      -0.002509891885311866,
      1.6749968442600503e-07,
      -2.3087044797767164e-06,
      0.0011263206780159488,
      -0.015531868499844288,
      -9.978920747772339e-07,
      1.3754282052929065e-05,
      -0.0017756640949634396,
      0.024486263716739735,
      -1.5145486180915666e-06,
      2.0875532938525148e-05
    ],
    [
      -3.5190989130024e-05,
      1.0635609525369639e-07,
      -0.0016549701003049685,
      5.0019404781550765e-06,
      -5.542211341867714e-05,
      1.6749968442600503e-07,
      -0.002509345357559224,
      7.583560750215294e-06,
      -0.0003301814444452561,
      9.978920747772339e-07,
      -0.015527850502110413,
      4.6930989237167624e-05,
      0.0005011321996075329,
      -1.5145486180915666e-06,
      0.024480931844575046,
      -7.39844889448754e-05
    ],
    [
      -1.0635609525369639e-07,
      -1.4659418279217146e-06,
      5.0019404781550765e-06,
      -6.897351849797839e-05,
      -1.6749968442600503e-07,
      -2.3087044797767164e-06,
      7.583560750215295e-06,
      -0.00010458097001603443,
      -9.978920747772339e-07,
      -1.3754282052929065e-05,
      4.6930989237167624e-05,
      -0.0006471479355692261,
      1.5145486180915666e-06,
      2.0875532938525144e-05,
      -7.39844889448754e-05,
      0.0010202818800885837
    ]
  ],
  "final_state_imag": [
    [
      0.0,
      0.0,
      0.0,
      0.0,
      0.0,
      0.0,
      0.0,
      0.0,
      0.0,
      0.0,
      0.0,
      0.0,
      0.0,
      0.0,
      0.0,
      0.0
    ],
    [
      0.0,
      0.0,
      0.0,
      0.0,
      0.0,
      0.0,
      0.0,
      0.0,
      0.0,
      0.0,
      0.0,
      0.0,
      0.0,
      0.0,
      0.0,
      0.0
    ],
    [
      0.0,
      0.0,
      0.0,
      0.0,
      0.0,
      0.0,
      0.0,
      0.0,
      0.0,
      0.0,
      0.0,
      0.0,
      0.0,
      0.0,
      0.0,
      0.0
    ],
    [
      0.0,
      0.0,
      0.0,
      0.0,
      0.0,
      0.0,
      0.0,
      0.0,
      0.0,
      0.0,
      0.0,
      0.0,
      0.0,
      0.0,
      0.0,
      0.0
    ],
    [
      0.0,
      0.0,
      0.0,
      0.0,
      0.0,
      0.0,
      0.0,
      0.0,
      0.0,
      0.0,
      0.0,
      0.0,
      0.0,
      0.0,
      0.0,
      0.0
    ],
    [
      0.0,
      0.0,
      0.0,
      0.0,
      0.0,
      0.0,
      0.0,
      0.0,
      0.0,
      0.0,
      0.0,
      0.0,
      0.0,
      0.0,
      0.0,
      0.0
    ],
    [
      0.0,
      0.0,
      0.0,
      0.0,
      0.0,
      0.0,
      0.0,
      0.0,
      0.0,
      0.0,
      0.0,
      0.0,
      0.0,
      0.0,
      0.0,
      0.0
    ],
    [
      0.0,
      0.0,
      0.0,
      0.0,
      0.0,
      0.0,
      0.0,
      0.0,
      0.0,
      0.0,
      0.0,
      0.0,
      0.0,
      0.0,
      0.0,
      0.0
    ],
    [
      0.0,
      0.0,
      0.0,
      0.0,
      0.0,
      0.0,
      0.0,
      0.0,
      0.0,
      0.0,
      0.0,
      0.0,
      0.0,
      0.0,
      0.0,
      0.0
    ],
    [
      0.0,
      0.0,
      0.0,
      0.0,
      0.0,
      0.0,
      0.0,
      0.0,
      0.0,
      0.0,
      0.0,
      0.0,
      0.0,
      0.0,
      0.0,
      0.0
    ],
    [
      0.0,
      0.0,
      0.0,
      0.0,
      0.0,
      0.0,
      0.0,
      0.0,
      0.0,
      0.0,
      0.0,
      0.0,
      0.0,
      0.0,
      0.0,
      0.0
    ],
    [
      0.0,
      0.0,
      0.0,
      0.0,
      0.0,
      0.0,
      0.0,
      0.0,
      0.0,
      0.0,
      0.0,
      0.0,
      0.0,
      0.0,
      0.0,
      0.0
    ],
    [
      0.0,
      0.0,
      0.0,
      0.0,
      0.0,
      0.0,
      0.0,
      0.0,
      0.0,
      0.0,
      0.0,
      0.0,
      0.0,
      0.0,
      0.0,
      0.0
    ],
    [
      0.0,
      0.0,
      0.0,
      0.0,
      0.0,
      0.0,
      0.0,
      0.0,
      0.0,
      0.0,
      0.0,
      0.0,
      0.0,
      0.0,
      0.0,
      0.0
    ],
    [
      0.0,
      0.0,
      0.0,
      0.0,
      0.0,
      0.0,
      0.0,
      0.0,
      0.0,
      0.0,
      0.0,
      0.0,
      0.0,
      0.0,
      0.0,
      0.0
    ],
    [
      0.0,
      0.0,
      0.0,
      0.0,
      0.0,
      0.0,
      0.0,
      0.0,
      0.0,
      0.0,
      0.0,
      0.0,
      0.0,
      0.0,
      0.0,
      0.0
    ]
  ]
}