{
  "config": {
    "symbols": [
      "H",
      "H"
    ],
    "geometry": [
      [
        0.0,
        0.0,
        0.0
      ],
      [
        0.0,
        0.0,
        0.7414
      ]
    ],
    "basis": "STO-3G",
    "ansatz": "RY-CZ",
    "optimizer": {
      "name": "GradientDescent",
      "stepsize": 0.1,
      "iterations_planned": 50
    },
    "seed": 6,
    "noisy": true,
    "depolarizing_prob": 0.0,
    "amplitude_damping_prob": 0.0
  },
  "energies": [
    1.348793183277019,
    1.348793183277019,
    1.3487927115167464,
    1.3487921724706862,
    1.3487915558135883,
    1.3487908496315708,
    1.348790040172371,
    1.348789111562076,
    1.3487880454767935,
    1.348786820769741,
    1.348785413027357,
    1.3487837940731808,
    1.3487819313792997,
    1.3487797874081493,
    1.348777318823751,
    1.3487744756112503,
    1.348771200033455,
    1.3487674254473112,
    1.3487630749325614,
    1.3487580597017355,
    1.3487522772629423,
    1.3487456093310604,
    1.3487379193590547,
    1.3487290497432198,
    1.348718818569248,
    1.3487070158629806,
    1.3486933992601577,
    1.3486776890244347,
    1.3486595622679618,
    1.3486386463306392,
    1.3486145110614594,
    1.3485866600095244,
    1.348554520196144,
    1.3485174303196397,
    1.3484746271425823,
    1.348425229826539,
    1.3483682218274806,
    1.3483024300598458,
    1.3482265007537035,
    1.3481388718007365,
    1.3480377406797688,
    1.3479210276112312,
    1.3477863331081672,
    1.3476308889817379,
    1.3474515019719884,
    1.3472444888332982,
    1.347005601617855,
    1.3467299418834182,
    1.3464118617093161,
    1.346044850341874,
    1.3456214038332677
  ],
  "final_params": [
    0.07676909772319483,
    -0.06289939345135503,
    -5.6100318946800226e-05,
    -0.01509157708981673
  ],
  "final_state_real": [
    [
      0.9974832500338185,
      -0.007526940541019045,
      -2.7979564242831827e-05,
      -2.111318825777553e-07,
      -0.031380892491647425,
      0.00023679807345209383,
      -8.802390390391825e-07,
      -6.642223725067099e-09,
      0.03830675978716326,
      -0.0002890601954742616,
      -1.0745107212209567e-06,
      -8.108184582591665e-09,
      0.0012051333298514811,
      -9.093853874222802e-06,
      3.380418209790909e-08,
      2.5508405146664433e-10
    ],
    [
      -0.007526940541019045,
      5.6797779738173075e-05,
      2.111318825777553e-07,
      1.5931867786894486e-09,
      0.00023679807345209383,
      -1.7868621048698823e-06,
      6.642223725067099e-09,
      5.012176697651075e-11,
      -0.0002890601954742616,
      2.1812285116573528e-06,
      8.108184582591665e-09,
      6.118380757298127e-11,
      -9.093853874222804e-06,
      6.862160083561785e-08,
      -2.5508405146664433e-10,
      -1.9248468459117204e-12
    ],
    [
      -2.7979564242831824e-05,
      2.1113188257775528e-07,
      7.848511888785346e-10,
      5.922132438967791e-12,
      8.802390390391825e-07,
      -6.642223725067099e-09,
      2.469021780838797e-11,
      1.8632017075647264e-13,
      -1.0745107212209569e-06,
      8.108184582591666e-09,
      3.014096322922739e-11,
      2.274300894372061e-13,
      -3.380418209790909e-08,
      2.5508405146664433e-10,
      -9.481885962963219e-13,
      -7.15533020171462e-15
    ],
    [
      -2.1113188257775528e-07,
      1.5931867786894484e-09,
      5.922132438967792e-12,
      4.469027921186142e-14,
      6.642223725067099e-09,
      -5.012176697651075e-11,
      1.8632017075647264e-13,
      1.4058878208940295e-15,
      -8.108184582591666e-09,
      6.118380757298129e-11,
      2.274300894372062e-13,
      1.716259185837948e-15,
      -2.5508405146664433e-10,
      1.9248468459117204e-12,
      -7.155330201714619e-15,
      -5.3990888609768755e-17
    ],
    [
      -0.03138089249164743,
      0.00023679807345209389,
      8.802390390391827e-07,
      6.642223725067101e-09,
      0.0009872450625701093,
      -7.44968387702541e-06,
      2.769238145056174e-08,
      2.0896482082333708e-10,
      -0.0012051333298514811,
      9.093853874222802e-06,
      3.380418209790909e-08,
      2.5508405146664433e-10,
      -3.791357845871149e-05,
      2.8609327599867637e-07,
      -1.0634819222960092e-09,
      -8.024962018459262e-12
    ],
    [
      0.00023679807345209386,
      -1.7868621048698825e-06,
      -6.642223725067101e-09,
      -5.012176697651076e-11,
      -7.449683877025409e-06,
      5.6214806223116864e-08,
      -2.0896482082333708e-10,
      -1.5768342785668243e-12,
      9.093853874222804e-06,
      -6.862160083561785e-08,
      -2.5508405146664433e-10,
      -1.9248468459117204e-12,
      2.8609327599867637e-07,
      -2.1588403397358587e-09,
      8.024962018459261e-12,
      6.055581578298929e-14
    ],
    [
      -8.802390390391827e-07,
      6.642223725067101e-09,
      2.4690217808387977e-11,
      1.863201707564727e-13,
      2.7692381450561742e-08,
      -2.089648208233371e-10,
      7.767954610228736e-13,
      5.8613475565218824e-15,
      -3.380418209790909e-08,
      2.5508405146664433e-10,
      9.481885962963219e-13,
      7.15533020171462e-15,
      -1.0634819222960094e-09,
      8.024962018459264e-12,
      -2.983159579566922e-14,
      -2.250957425701868e-16
    ],
    [
      -6.642223725067101e-09,
      5.012176697651076e-11,
      1.863201707564727e-13,
      1.40588782089403e-15,
      2.089648208233371e-10,
      -1.5768342785668245e-12,
      5.8613475565218824e-15,
      4.423157731750776e-17,
      -2.5508405146664433e-10,
      1.9248468459117204e-12,
      7.155330201714619e-15,
      5.3990888609768755e-17,
      -8.024962018459262e-12,
      6.05558157829893e-14,
      -2.250957425701868e-16,
      -1.6986434681316057e-18
    ],
    [
      0.03830675978716326,
      -0.0002890601954742616,
      -1.0745107212209567e-06,
      -8.108184582591665e-09,
      -0.0012051333298514811,
      9.093853874222802e-06,
      -3.380418209790909e-08,
      -2.5508405146664433e-10,
      0.001471110262113811,
      -1.1100897656013962e-05,
      -4.1264877466069744e-08,
      -3.1138194963074644e-10,
      4.6281231264720996e-05,
      -3.4923501310212103e-07,
      1.2981959179411958e-09,
      9.796097813778565e-12
    ],
    [
      -0.0002890601954742616,
      2.1812285116573528e-06,
      8.108184582591665e-09,
      6.118380757298127e-11,
      9.093853874222804e-06,
      -6.862160083561785e-08,
      2.5508405146664433e-10,
      1.9248468459117204e-12,
      -1.1100897656013962e-05,
      8.37666162667628e-08,
      3.1138194963074644e-10,
      2.349666943795424e-12,
      -3.49235013102121e-07,
      2.6353035795798597e-09,
      -9.796097813778565e-12,
      -7.392068563549555e-14
    ],
    [
      -1.0745107212209569e-06,
      8.108184582591666e-09,
      3.014096322922739e-11,
      2.274300894372061e-13,
      3.380418209790909e-08,
      -2.5508405146664433e-10,
      9.481885962963219e-13,
      7.15533020171462e-15,
      -4.126487746606975e-08,
      3.113819496307465e-10,
      1.1575158160824174e-12,
      8.734091328618534e-15,
      -1.2981959179411958e-09,
      9.796097813778565e-12,
      -3.641367691089364e-14,
      -2.747890906658507e-16
    ],
    [
      -8.108184582591666e-09,
      6.118380757298129e-11,
      2.274300894372062e-13,
      1.716259185837948e-15,
      2.5508405146664433e-10,
      -1.9248468459117204e-12,
      7.155330201714619e-15,
      5.3990888609768755e-17,
      -3.113819496307465e-10,
      2.3496669437954243e-12,
      8.734091328618534e-15,
      6.591020787875064e-17,
      -9.796097813778565e-12,
      7.392068563549555e-14,
      -2.7478909066585076e-16,
      -2.0734343163875828e-18
    ],
    [
      0.0012051333298514811,
      -9.093853874222802e-06,
      -3.380418209790909e-08,
      -2.5508405146664433e-10,
      -3.791357845871149e-05,
      2.8609327599867637e-07,
      -1.0634819222960092e-09,
      -8.024962018459262e-12,
      4.6281231264721e-05,
      -3.492350131021211e-07,
      -1.298195917941196e-09,
      -9.796097813778566e-12,
      1.4560107577935175e-06,
      -1.098695782673475e-08,
      4.084133396015457e-11,
      3.0818591923579977e-13
    ],
    [
      -9.093853874222804e-06,
      6.862160083561785e-08,
      2.5508405146664433e-10,
      1.9248468459117204e-12,
      2.8609327599867637e-07,
      -2.1588403397358587e-09,
      8.024962018459261e-12,
      6.055581578298929e-14,
      -3.4923501310212103e-07,
      2.63530357957986e-09,
      9.796097813778566e-12,
      7.392068563549556e-14,
      -1.098695782673475e-08,
      8.290683408945742e-11,
      -3.0818591923579977e-13,
      -2.3255499165262562e-15
    ],
    [
      3.380418209790909e-08,
      -2.5508405146664433e-10,
      -9.481885962963219e-13,
      -7.15533020171462e-15,
      -1.0634819222960094e-09,
      8.024962018459264e-12,
      -2.983159579566922e-14,
      -2.250957425701868e-16,
      1.298195917941196e-09,
      -9.796097813778566e-12,
      -3.641367691089365e-14,
      -2.7478909066585076e-16,
      4.084133396015457e-11,
      -3.0818591923579977e-13,
      1.1456350512506683e-15,
      8.64444444548087e-18
    ],
    [
      2.5508405146664433e-10,
      -1.9248468459117204e-12,
      -7.155330201714619e-15,
      -5.3990888609768755e-17,
      -8.024962018459262e-12,
      6.05558157829893e-14,
      -2.250957425701868e-16,
      -1.6986434681316057e-18,
      9.796097813778566e-12,
      -7.392068563549556e-14,
      -2.7478909066585076e-16,
      -2.0734343163875828e-18,
      3.0818591923579977e-13,
      -2.3255499165262562e-15,
      8.64444444548087e-18,
      6.523370422416612e-20
    ]
  ],
  "final_state_imag": [
    [
      0.0,
      0.0,
      0.0,
      0.0,
      0.0,
      0.0,
      0.0,
      0.0,
      0.0,
      0.0,
      0.0,
      0.0,
      0.0,
      0.0,
      0.0,
      0.0
    ],
    [
      0.0,
      0.0,
      0.0,
      0.0,
      0.0,
      0.0,
      0.0,
      0.0,
      0.0,
      0.0,
      0.0,
      0.0,
      0.0,
      0.0,
      0.0,
      0.0
    ],
    [
      0.0,
      0.0,
      0.0,
      0.0,
      0.0,
      0.0,
      0.0,
      0.0,
      0.0,
      0.0,
      0.0,
      0.0,
      0.0,
      0.0,
      0.0,
      0.0
    ],
    [
      0.0,
      0.0,
      0.0,
      0.0,
      0.0,
      0.0,
      0.0,
      0.0,
      0.0,
      0.0,
      0.0,
      0.0,
      0.0,
      0.0,
      0.0,
      0.0
    ],
    [
      0.0,
      0.0,
      0.0,
      0.0,
      0.0,
      0.0,
      0.0,
      0.0,
      0.0,
      0.0,
      0.0,
      0.0,
      0.0,
      0.0,
      0.0,
      0.0
    ],
    [
      0.0,
      0.0,
      0.0,
      0.0,
      0.0,
      0.0,
      0.0,
      0.0,
      0.0,
      0.0,
      0.0,
      0.0,
      0.0,
      0.0,
      0.0,
      0.0
    ],
    [
      0.0,
      0.0,
      0.0,
      0.0,
      0.0,
      0.0,
      0.0,
      0.0,
      0.0,
      0.0,
      0.0,
      0.0,
      0.0,
      0.0,
      0.0,
      0.0
    ],
    [
      0.0,
      0.0,
      0.0,
      0.0,
      0.0,
      0.0,
      0.0,
      0.0,
      0.0,
      0.0,
      0.0,
      0.0,
      0.0,
      0.0,
      0.0,
      0.0
    ],
    [
      0.0,
      0.0,
      0.0,
      0.0,
      0.0,
      0.0,
      0.0,
      0.0,
      0.0,
      0.0,
      0.0,
      0.0,
      0.0,
      0.0,
      0.0,
      0.0
    ],
    [
      0.0,
      0.0,
      0.0,
      0.0,
      0.0,
      0.0,
      0.0,
      0.0,
      0.0,
      0.0,
      0.0,
      0.0,
      0.0,
      0.0,
      0.0,
      0.0
    ],
    [
      0.0,
      0.0,
      0.0,
      0.0,
      0.0,
      0.0,
      0.0,
      0.0,
      0.0,
      0.0,
      0.0,
      0.0,
      0.0,
      0.0,
      0.0,
      0.0
    ],
    [
      0.0,
      0.0,
      0.0,
      0.0,
      0.0,
      0.0,
      0.0,
      0.0,
      0.0,
      0.0,
      0.0,
      0.0,
      0.0,
      0.0,
      0.0,
      0.0
    ],
    [
      0.0,
      0.0,
      0.0,
      0.0,
      0.0,
      0.0,
      0.0,
      0.0,
      0.0,
      0.0,
      0.0,
      0.0,
      0.0,
      0.0,
      0.0,
      0.0
    ],
    [
      0.0,
      0.0,
      0.0,
      0.0,
      0.0,
      0.0,
      0.0,
      0.0,
      0.0,
      0.0,
      0.0,
      0.0,
      0.0,
      0.0,
      0.0,
      0.0
    ],
    [
      0.0,
      0.0,
      0.0,
      0.0,
      0.0,
      0.0,
      0.0,
      0.0,
      0.0,
      0.0,
      0.0,
      0.0,
      0.0,
      0.0,
      0.0,
      0.0
    ],
    [
      0.0,
      0.0,
      0.0,
      0.0,
      0.0,
      0.0,
      0.0,
      0.0,
      0.0,
      0.0,
      0.0,
      0.0,
      0.0,
      0.0,
      0.0,
      0.0
    ]
  ]
}