{
  "config": {
    "symbols": [
      "H",
      "H"
    ],
    "geometry": [
      [
        0.0,
        0.0,
        0.0
      ],
      [
        0.0,
        0.0,
        0.7414
      ]
    ],
    "basis": "STO-3G",
    "ansatz": "RY-CZ",
    "optimizer": {
      "name": "Adam",
      "stepsize": 0.1,
      "iterations_planned": 50
    },
    "seed": 3,
    "noisy": true,
    "depolarizing_prob": 0.1,
    "amplitude_damping_prob": 0.0
  },
  "energies": [
    1.1541927771688352,
    1.1541927771688352,
    1.1472093128309584,
    1.1330388719869744,
    1.1098449731732833,
    1.0772668804239502,
    1.035132228298806,
    0.9837405558375679,
    0.9235366153414332,
    0.8548209606398022,
    0.778366063433758,
    0.69527949675666,
    0.6064105985371717,
    0.513049359703643,
    0.41674524466901874,
    0.3186593955600297,
    0.22049361394009903,
    0.12367707727516454,
    0.029503890683759817,
    -0.06050171024109893,
    -0.1454816566889772,
    -0.2242343797954702,
    -0.2962702131092877,
    -0.360934410565761,
    -0.41809521030528307,
    -0.4676362564802672,
    -0.509752392297962,
    -0.5447323481791677,
    -0.5730189750417074,
    -0.5951475023770668,
    -0.6117122574747633,
    -0.6233667218315846,
    -0.6307719916782109,
    -0.634612487162565,
    -0.6355487637983035,
    -0.6342346139979587,
    -0.6312727840106099,
    -0.6272354340212944,
    -0.6226175966631867,
    -0.617867783934569,
    -0.613337381655377,
    -0.6093264909129701,
    -0.606029484104213,
    -0.6035975217622875,
    -0.6020796929758985,
    -0.6015008071474133,
    -0.6017961745733807,
    -0.6029016138630837,
    -0.6046804214194507,
    -0.6070206844846944,
    -0.6097564182136854
  ],
  "final_params": [
    3.411571840543507,
    -3.4151524472105654,
    0.00038146049176709506,
    -0.0002252320587540664
  ],
  "final_state_real": [
    [
      0.005939285299309273,
      -6.210831031704748e-07,
      -6.108807868616586e-07,
      -6.388104263563705e-11,
      -0.00495165711308013,
      5.178048271145315e-07,
      8.769714486964781e-07,
      9.170668272646614e-11,
      0.004840054107663002,
      -5.061342692276359e-07,
      -1.4760386016745352e-06,
      -1.5435234971102532e-10,
      0.01178640132701562,
      -1.2325278915852594e-06,
      -2.087450162768108e-06,
      -2.182888964844058e-10
    ],
    [
      -6.210831031704748e-07,
      0.0004242347391764062,
      6.388104263563705e-11,
      -4.363433421081381e-08,
      5.178048271145315e-07,
      -0.00035368985626988623,
      -9.170668272646614e-11,
      6.26408066987209e-08,
      -5.061342692276359e-07,
      0.000345718211617634,
      1.5435234971102532e-10,
      -1.0543131006690908e-07,
      -1.2325278915852592e-06,
      0.0008418859577896401,
      2.182888964844058e-10,
      -1.491035567161625e-07
    ],
    [
      -6.108807868616586e-07,
      6.388104263563705e-11,
      0.0004242348791936383,
      -4.436305631939989e-08,
      -8.769714486964781e-07,
      9.170668272646614e-11,
      -0.00035368961457905846,
      3.6986077820232566e-08,
      -1.4760386016745352e-06,
      1.5435234971102532e-10,
      0.00034571832572075333,
      -3.6152429483757556e-08,
      2.087450162768108e-06,
      -2.182888964844058e-10,
      0.0008418853824943345,
      -8.803775115000319e-08
    ],
    [
      -6.388104263563705e-11,
      -4.363433421081381e-08,
      -4.436305631939989e-08,
      3.0302496723836127e-05,
      -9.170668272646614e-11,
      -6.26408066987209e-08,
      3.6986077820232566e-08,
      -2.5263548361248223e-05,
      -1.5435234971102535e-10,
      -1.0543131006690908e-07,
      -3.6152429483757556e-08,
      2.4694170485075795e-05,
      2.182888964844058e-10,
      1.491035567161625e-07,
      -8.803775115000319e-08,
      6.013468080081109e-05
    ],
    [
      -0.00495165711308013,
      5.178048271145316e-07,
      -8.769714486964782e-07,
      -9.170668272646616e-11,
      0.06580850571151572,
      -6.881728841528039e-06,
      -1.162362408976274e-05,
      -1.2155059416313027e-09,
      -0.01178640132701562,
      1.2325278915852594e-06,
      -2.087450162768108e-06,
      -2.182888964844058e-10,
      0.09209484195862798,
      -9.630544307462576e-06,
      -1.635481204447495e-05,
      -1.7102558600317114e-09
    ],
    [
      5.178048271145315e-07,
      -0.00035368985626988623,
      9.170668272646616e-11,
      -6.26408066987209e-08,
      -6.881728841528039e-06,
      0.0047006083811735305,
      1.2155059416313025e-09,
      -8.302587168917342e-07,
      1.2325278915852592e-06,
      -0.0008418859577896401,
      2.182888964844058e-10,
      -1.491035567161625e-07,
      -9.630544307462576e-06,
      0.006578204159068537,
      1.7102558600317118e-09,
      -1.1682006539604484e-06
    ],
    [
      8.769714486964781e-07,
      -9.170668272646616e-11,
      -0.00035368961457905846,
      3.698607782023257e-08,
      -1.162362408976274e-05,
      1.2155059416313027e-09,
      0.00470060993259333,
      -4.915518110428286e-07,
      2.087450162768108e-06,
      -2.182888964844058e-10,
      -0.0008418853824943345,
      8.803775115000319e-08,
      -1.635481204447495e-05,
      1.7102558600317114e-09,
      0.006578206330182436,
      -6.878956734090534e-07
    ],
    [
      9.170668272646616e-11,
      6.26408066987209e-08,
      3.6986077820232566e-08,
      -2.5263548361248223e-05,
      -1.2155059416313025e-09,
      -8.302587168917342e-07,
      -4.915518110428286e-07,
      0.0003357579116389093,
      2.182888964844058e-10,
      1.491035567161625e-07,
      8.803775115000319e-08,
      -6.013468080081109e-05,
      -1.7102558600317114e-09,
      -1.1682006539604486e-06,
      -6.878956734090534e-07,
      0.0004698719637290504
    ],
    [
      0.004840054107663002,
      -5.061342692276359e-07,
      -1.4760386016745352e-06,
      -1.5435234971102532e-10,
      -0.01178640132701562,
      1.2325278915852594e-06,
      2.087450162768108e-06,
      2.182888964844058e-10,
      0.06617132755301387,
      -6.919669856963329e-06,
      -6.806002844814809e-06,
      -7.117175188001812e-10,
      -0.09333484820202768,
      9.760214375374887e-06,
      1.6530223150019943e-05,
      1.7285989550399057e-09
    ],
    [
      -5.061342692276359e-07,
      0.000345718211617634,
      1.5435234971102532e-10,
      -1.0543131006690908e-07,
      1.2325278915852592e-06,
      -0.0008418859577896401,
      -2.182888964844058e-10,
      1.491035567161625e-07,
      -6.919669856963329e-06,
      0.0047265242315727984,
      7.117175188001807e-10,
      -4.86142974468196e-07,
      9.760214375374887e-06,
      -0.006666776049243096,
      -1.7285989550399057e-09,
      1.1807300164289585e-06
    ],
    [
      -1.4760386016745352e-06,
      1.5435234971102532e-10,
      0.00034571832572075333,
      -3.6152429483757556e-08,
      -2.087450162768108e-06,
      2.182888964844058e-10,
      -0.0008418853824943345,
      8.803775115000319e-08,
      -6.806002844814807e-06,
      7.117175188001809e-10,
      0.004726525791546039,
      -4.942618822007441e-07,
      -1.6530223150019943e-05,
      1.7285989550399057e-09,
      -0.006666771493560784,
      6.971585229156649e-07
    ],
    [
      -1.5435234971102535e-10,
      -1.0543131006690908e-07,
      -3.6152429483757556e-08,
      2.4694170485075795e-05,
      -2.182888964844058e-10,
      -1.491035567161625e-07,
      8.803775115000319e-08,
      -6.013468080081109e-05,
      -7.117175188001807e-10,
      -4.861429744681958e-07,
      -4.942618822007441e-07,
      0.00033760904474824363,
      -1.7285989550399057e-09,
      -1.1807300164289585e-06,
      6.971585229156649e-07,
      -0.0004761980479449913
    ],
    [
      0.01178640132701562,
      -1.2325278915852594e-06,
      2.087450162768108e-06,
      2.182888964844058e-10,
      0.09209484195862798,
      -9.630544307462576e-06,
      -1.635481204447495e-05,
      -1.7102558600317114e-09,
      -0.09333484820202768,
      9.760214375374887e-06,
      -1.6530223150019943e-05,
      -1.7285989550399057e-09,
      0.7331919528630031,
      -7.667136875151181e-05,
      -0.0001295022209298893,
      -1.3542309849246265e-08
    ],
    [
      -1.2325278915852592e-06,
      0.0008418859577896401,
      -2.182888964844058e-10,
      1.491035567161625e-07,
      -9.630544307462576e-06,
      0.006578204159068537,
      1.7102558600317118e-09,
      -1.1682006539604484e-06,
      9.760214375374887e-06,
      -0.006666776049243096,
      1.7285989550399057e-09,
      -1.1807300164289585e-06,
      -7.667136875151181e-05,
      0.052370863027113704,
      1.3542309849246262e-08,
      -9.250157003836355e-06
    ],
    [
      -2.087450162768108e-06,
      2.182888964844058e-10,
      0.0008418853824943345,
      -8.803775115000319e-08,
      -1.635481204447495e-05,
      1.7102558600317114e-09,
      0.006578206330182436,
      -6.878956734090534e-07,
      1.6530223150019943e-05,
      -1.7285989550399057e-09,
      -0.006666771493560784,
      6.971585229156649e-07,
      -0.0001295022209298893,
      1.3542309849246265e-08,
      0.05237088031193885,
      -5.476523564472472e-06
    ],
    [
      -2.182888964844058e-10,
      -1.491035567161625e-07,
      -8.803775115000319e-08,
      6.013468080081109e-05,
      -1.7102558600317114e-09,
      -1.1682006539604486e-06,
      -6.878956734090534e-07,
      0.0004698719637290504,
      1.7285989550399057e-09,
      1.1807300164289585e-06,
      6.971585229156649e-07,
      -0.0004761980479449913,
      -1.3542309849246262e-08,
      -9.250157003836355e-06,
      -5.476523564472472e-06,
      0.0037407778259377464
    ]
  ],
  "final_state_imag": [
    [
      0.0,
      0.0,
      0.0,
      0.0,
      0.0,
      0.0,
      0.0,
      0.0,
      0.0,
      0.0,
      0.0,
      0.0,
      0.0,
      0.0,
      0.0,
      0.0
    ],
    [
      0.0,
      0.0,
      0.0,
      0.0,
      0.0,
      0.0,
      0.0,
      0.0,
      0.0,
      0.0,
      0.0,
      0.0,
      0.0,
      0.0,
      0.0,
      0.0
    ],
    [
      0.0,
      0.0,
      0.0,
      0.0,
      0.0,
      0.0,
      0.0,
      0.0,
      0.0,
      0.0,
      0.0,
      0.0,
      0.0,
      0.0,
      0.0,
      0.0
    ],
    [
      0.0,
      0.0,
      0.0,
      0.0,
      0.0,
      0.0,
      0.0,
      0.0,
      0.0,
      0.0,
      0.0,
      0.0,
      0.0,
      0.0,
      0.0,
      0.0
    ],
    [
      0.0,
      0.0,
      0.0,
      0.0,
      0.0,
      0.0,
      0.0,
      0.0,
      0.0,
      0.0,
      0.0,
      0.0,
      0.0,
      0.0,
      0.0,
      0.0
    ],
    [
      0.0,
      0.0,
      0.0,
      0.0,
      0.0,
      0.0,
      0.0,
      0.0,
      0.0,
      0.0,
      0.0,
      0.0,
      0.0,
      0.0,
      0.0,
      0.0
    ],
    [
      0.0,
      0.0,
      0.0,
      0.0,
      0.0,
      0.0,
      0.0,
      0.0,
      0.0,
      0.0,
      0.0,
      0.0,
      0.0,
      0.0,
      0.0,
      0.0
    ],
    [
      0.0,
      0.0,
      0.0,
      0.0,
      0.0,
      0.0,
      0.0,
      0.0,
      0.0,
      0.0,
      0.0,
      0.0,
      0.0,
      0.0,
      0.0,
      0.0
    ],
    [
      0.0,
      0.0,
      0.0,
      0.0,
      0.0,
      0.0,
      0.0,
      0.0,
      0.0,
      0.0,
      0.0,
      0.0,
      0.0,
      0.0,
      0.0,
      0.0
    ],
    [
      0.0,
      0.0,
      0.0,
      0.0,
      0.0,
      0.0,
      0.0,
      0.0,
      0.0,
      0.0,
      0.0,
      0.0,
      0.0,
      0.0,
      0.0,
      0.0
    ],
    [
      0.0,
      0.0,
      0.0,
      0.0,
      0.0,
      0.0,
      0.0,
      0.0,
      0.0,
      0.0,
      0.0,
      0.0,
      0.0,
      0.0,
      0.0,
      0.0
    ],
    [
      0.0,
      0.0,
      0.0,
      0.0,
      0.0,
      0.0,
      0.0,
      0.0,
      0.0,
      0.0,
      0.0,
      0.0,
      0.0,
      0.0,
      0.0,
      0.0
    ],
    [
      0.0,
      0.0,
      0.0,
      0.0,
      0.0,
      0.0,
      0.0,
      0.0,
      0.0,
      0.0,
      0.0,
      0.0,
      0.0,
      0.0,
      0.0,
      0.0
    ],
    [
      0.0,
      0.0,
      0.0,
      0.0,
      0.0,
      0.0,
      0.0,
      0.0,
      0.0,
      0.0,
      0.0,
      0.0,
      0.0,
      0.0,
      0.0,
      0.0
    ],
    [
      0.0,
      0.0,
      0.0,
      0.0,
      0.0,
      0.0,
      0.0,
      0.0,
      0.0,
      0.0,
      0.0,
      0.0,
      0.0,
      0.0,
      0.0,
      0.0
    ],
    [
      0.0,
      0.0,
      0.0,
      0.0,
      0.0,
      0.0,
      0.0,
      0.0,
      0.0,
      0.0,
      0.0,
      0.0,
      0.0,
      0.0,
      0.0,
      0.0
    ]
  ]
}