{
  "config": {
    "symbols": [
      "H",
      "H"
    ],
    "geometry": [
      [
        0.0,
        0.0,
        0.0
      ],
      [
        0.0,
        0.0,
        0.7414
      ]
    ],
    "basis": "STO-3G",
    "ansatz": "RY-CZ",
    "optimizer": {
      "name": "Momentum",
      "stepsize": 0.1,
      "iterations_planned": 50
    },
    "seed": 2,
    "noisy": true,
    "depolarizing_prob": 0.1,
    "amplitude_damping_prob": 0.0
  },
  "energies": [
    1.1543111254050367,
    1.1543111254050367,
    1.1543083629065811,
    1.1543024971967346,
    1.1542925753129771,
    1.1542769304242855,
    1.1542529383998656,
    1.15421660448742,
    1.154161919059004,
    1.1540798809823216,
    1.1539570316699772,
    1.1537732631301791,
    1.1534985463973866,
    1.1530880547328377,
    1.1524749043197886,
    1.1515593690990191,
    1.1501929025322386,
    1.1481545655310026,
    1.145116473879092,
    1.1405936448653717,
    1.1338722990871823,
    1.1239098036439021,
    1.1092004604783925,
    1.0876075063350994,
    1.0561796868845705,
    1.0110124551378357,
    0.9472956575647422,
    0.8598204959797902,
    0.7443573223120926,
    0.6002788187210816,
    0.4341878908232113,
    0.26275839576317483,
    0.11126122907315286,
    0.005168675496653841,
    -0.04201523878992322,
    -0.0357728233675145,
    0.003369784015649524,
    0.05057501030976666,
    0.08567153248469445,
    0.09644248769808934,
    0.07783714137396422,
    0.030050491125116263,
    -0.04296059489322479,
    -0.1344218919044186,
    -0.23565245601348067,
    -0.33730294715330744,
    -0.43079457994772685,
    -0.5094942740287632,
    -0.5692838605185331,
    -0.6085814150470354,
    -0.6280959768754942
  ],
  "final_params": [
    2.958991479139298,
    3.1348191998218504,
    -0.0014198093799462784,
    -0.0012721155731041938
  ],
  "final_state_real": [
    [
      0.004290624409529072,
      -2.534150503431175e-06,
      2.8274596455469703e-06,
      1.6699688740543072e-09,
      -0.00014920135783263463,
      8.812208070855189e-08,
      -9.835313350572912e-08,
      -5.8089837596427303e-11,
      -0.004568953281232239,
      2.6985385232213807e-06,
      -3.012808927677506e-06,
      -1.7794408279595685e-09,
      -0.00020119242193180448,
      1.1882931295646392e-07,
      -1.3262550302522502e-07,
      -7.833196215788107e-11
    ],
    [
      -2.534150503431175e-06,
      0.00030647489910912195,
      -1.6699688740543072e-09,
      2.0196026518536072e-07,
      8.812208070855186e-08,
      -1.0657299899554602e-05,
      5.8089837596427303e-11,
      -7.025184234162844e-09,
      2.6985385232213807e-06,
      -0.0003263556448311056,
      1.7794408279595685e-09,
      -2.1519942501915483e-07,
      1.1882931295646392e-07,
      -1.437096826189859e-05,
      7.833196215788107e-11,
      -9.473196833596096e-09
    ],
    [
      2.8274596455469703e-06,
      -1.6699688740543072e-09,
      0.0003064753234008018,
      -1.8100947963827434e-07,
      9.835313350572912e-08,
      -5.8089837596427303e-11,
      -1.0657165036584276e-05,
      6.2944785201716706e-09,
      -3.012808927677506e-06,
      1.7794408279595685e-09,
      -0.00032635609664619775,
      1.9275139862876157e-07,
      1.32625503025225e-07,
      -7.833196215788107e-11,
      -1.4370786404253167e-05,
      8.48786764857485e-09
    ],
    [
      1.6699688740543072e-09,
      2.0196026518536072e-07,
      -1.8100947963827434e-07,
      2.189121788663051e-05,
      5.8089837596427303e-11,
      7.025184234162844e-09,
      6.294478520171669e-09,
      -7.612303636092241e-07,
      -1.7794408279595685e-09,
      -2.1519942501915483e-07,
      1.9275139862876157e-07,
      -2.3311281120564975e-05,
      7.833196215788107e-11,
      9.473196833596094e-09,
      8.48786764857485e-09,
      -1.0264905274814382e-06
    ],
    [
      -0.00014920135783263465,
      8.812208070855189e-08,
      9.835313350572916e-08,
      5.8089837596427303e-11,
      0.06005914664347729,
      -3.547243994701456e-05,
      3.959076009462619e-05,
      2.3383299974697655e-08,
      0.00020119242193180448,
      -1.1882931295646392e-07,
      -1.3262550302522502e-07,
      -7.833196215788107e-11,
      -0.06397556673380142,
      3.77855759841612e-05,
      -4.2172587466359286e-05,
      -2.4908192241777768e-08
    ],
    [
      8.812208070855189e-08,
      -1.0657299899554603e-05,
      -5.8089837596427303e-11,
      7.025184234162847e-09,
      -3.547243994701457e-05,
      0.004289963220099222,
      -2.3383299974697655e-08,
      2.827895499832652e-06,
      -1.1882931295646392e-07,
      1.437096826189859e-05,
      7.833196215788107e-11,
      -9.473196833596096e-09,
      3.77855759841612e-05,
      -0.00456970908864584,
      2.4908192241777768e-08,
      -3.0123107014710724e-06
    ],
    [
      -9.835313350572916e-08,
      5.8089837596427303e-11,
      -1.0657165036584276e-05,
      6.2944785201716706e-09,
      3.959076009462619e-05,
      -2.3383299974697655e-08,
      0.004289969159233901,
      -2.5337279248471537e-06,
      1.32625503025225e-07,
      -7.833196215788107e-11,
      1.4370786404253167e-05,
      -8.48786764857485e-09,
      -4.2172587466359286e-05,
      2.4908192241777768e-08,
      -0.004569715415067845,
      2.6989507677089104e-06
    ],
    [
      -5.8089837596427303e-11,
      -7.025184234162847e-09,
      6.2944785201716706e-09,
      -7.612303636092241e-07,
      2.3383299974697655e-08,
      2.827895499832652e-06,
      -2.533727924847154e-06,
      0.00030642809525286785,
      7.833196215788107e-11,
      9.473196833596094e-09,
      -8.48786764857485e-09,
      1.0264905274814382e-06,
      -2.4908192241777768e-08,
      -3.0123107014710724e-06,
      2.6989507677089104e-06,
      -0.0003264100832689833
    ],
    [
      -0.004568953281232239,
      2.6985385232213807e-06,
      -3.012808927677506e-06,
      -1.7794408279595685e-09,
      0.00020119242193180448,
      -1.1882931295646392e-07,
      1.3262550302522502e-07,
      7.833196215788107e-11,
      0.05379205999465791,
      -3.17709412208896e-05,
      3.544819223699665e-05,
      2.0936595070599575e-08,
      -0.0023651219657937848,
      1.3969006166086072e-06,
      -1.5590820340923775e-06,
      -9.208331136156242e-10
    ],
    [
      2.6985385232213807e-06,
      -0.0003263556448311056,
      1.7794408279595685e-09,
      -2.1519942501915483e-07,
      -1.1882931295646392e-07,
      1.437096826189859e-05,
      -7.833196215788107e-11,
      9.473196833596096e-09,
      -3.177094122088961e-05,
      0.003842311651218166,
      -2.0936595070599575e-08,
      2.5319994631225084e-06,
      1.396900616608607e-06,
      -0.0001689382352455726,
      9.208331136156242e-10,
      -1.1136237489611147e-07
    ],
    [
      -3.012808927677506e-06,
      1.7794408279595685e-09,
      -0.00032635609664619775,
      1.9275139862876157e-07,
      -1.32625503025225e-07,
      7.833196215788107e-11,
      1.4370786404253167e-05,
      -8.48786764857485e-09,
      3.544819223699665e-05,
      -2.0936595070599575e-08,
      0.003842316970612576,
      -2.269337014603092e-06,
      1.5590820340923775e-06,
      -9.208331136156242e-10,
      -0.00016893609741399976,
      9.977931586906046e-08
    ],
    [
      -1.7794408279595685e-09,
      -2.1519942501915483e-07,
      1.9275139862876157e-07,
      -2.3311281120564975e-05,
      -7.833196215788107e-11,
      -9.473196833596094e-09,
      -8.48786764857485e-09,
      1.0264905274814382e-06,
      2.0936595070599575e-08,
      2.5319994631225084e-06,
      -2.269337014603093e-06,
      0.0002744527587403074,
      9.208331136156242e-10,
      1.1136237489611147e-07,
      9.977931586906045e-08,
      -1.2066932098707523e-05
    ],
    [
      -0.00020119242193180448,
      1.1882931295646392e-07,
      1.3262550302522502e-07,
      7.833196215788107e-11,
      -0.06397556673380142,
      3.77855759841612e-05,
      -4.2172587466359286e-05,
      -2.4908192241777768e-08,
      -0.0023651219657937856,
      1.3969006166086072e-06,
      1.559082034092378e-06,
      9.208331136156242e-10,
      0.7529685451606525,
      -0.00044472212798419685,
      0.0004963539892968603,
      2.931591663717951e-07
    ],
    [
      1.1882931295646392e-07,
      -1.437096826189859e-05,
      -7.833196215788107e-11,
      9.473196833596096e-09,
      3.77855759841612e-05,
      -0.00456970908864584,
      2.4908192241777768e-08,
      -3.0123107014710724e-06,
      1.3969006166086072e-06,
      -0.00016893823524557263,
      -9.208331136156242e-10,
      1.113623748961115e-07,
      -0.0004447221279841969,
      0.053783770585452285,
      -2.9315916637179516e-07,
      3.545365659314778e-05
    ],
    [
      -1.32625503025225e-07,
      7.833196215788107e-11,
      -1.4370786404253167e-05,
      8.48786764857485e-09,
      -4.2172587466359286e-05,
      2.4908192241777768e-08,
      -0.004569715415067845,
      2.6989507677089104e-06,
      -1.559082034092378e-06,
      9.208331136156242e-10,
      -0.00016893609741399978,
      9.977931586906046e-08,
      0.0004963539892968603,
      -2.931591663717951e-07,
      0.05378384504507831,
      -3.176564330376273e-05
    ],
    [
      -7.833196215788107e-11,
      -9.473196833596094e-09,
      8.48786764857485e-09,
      -1.0264905274814382e-06,
      -2.4908192241777768e-08,
      -3.0123107014710724e-06,
      2.6989507677089104e-06,
      -0.0003264100832689833,
      -9.208331136156242e-10,
      -1.113623748961115e-07,
      9.977931586906046e-08,
      -1.2066932098707525e-05,
      2.9315916637179516e-07,
      3.545365659314778e-05,
      -3.176564330376274e-05,
      0.0038417248657987746
    ]
  ],
  "final_state_imag": [
    [
      0.0,
      0.0,
      0.0,
      0.0,
      0.0,
      0.0,
      0.0,
      0.0,
      0.0,
      0.0,
      0.0,
      0.0,
      0.0,
      0.0,
      0.0,
      0.0
    ],
    [
      0.0,
      0.0,
      0.0,
      0.0,
      0.0,
      0.0,
      0.0,
      0.0,
      0.0,
      0.0,
      0.0,
      0.0,
      0.0,
      0.0,
      0.0,
      0.0
    ],
    [
      0.0,
      0.0,
      0.0,
      0.0,
      0.0,
      0.0,
      0.0,
      0.0,
      0.0,
      0.0,
      0.0,
      0.0,
      0.0,
      0.0,
      0.0,
      0.0
    ],
    [
      0.0,
      0.0,
      0.0,
      0.0,
      0.0,
      0.0,
      0.0,
      0.0,
      0.0,
      0.0,
      0.0,
      0.0,
      0.0,
      0.0,
      0.0,
      0.0
    ],
    [
      0.0,
      0.0,
      0.0,
      0.0,
      0.0,
      0.0,
      0.0,
      0.0,
      0.0,
      0.0,
      0.0,
      0.0,
      0.0,
      0.0,
      0.0,
      0.0
    ],
    [
      0.0,
      0.0,
      0.0,
      0.0,
      0.0,
      0.0,
      0.0,
      0.0,
      0.0,
      0.0,
      0.0,
      0.0,
      0.0,
      0.0,
      0.0,
      0.0
    ],
    [
      0.0,
      0.0,
      0.0,
      0.0,
      0.0,
      0.0,
      0.0,
      0.0,
      0.0,
      0.0,
      0.0,
      0.0,
      0.0,
      0.0,
      0.0,
      0.0
    ],
    [
      0.0,
      0.0,
      0.0,
      0.0,
      0.0,
      0.0,
      0.0,
      0.0,
      0.0,
      0.0,
      0.0,
      0.0,
      0.0,
      0.0,
      0.0,
      0.0
    ],
    [
      0.0,
      0.0,
      0.0,
      0.0,
      0.0,
      0.0,
      0.0,
      0.0,
      0.0,
      0.0,
      0.0,
      0.0,
      0.0,
      0.0,
      0.0,
      0.0
    ],
    [
      0.0,
      0.0,
      0.0,
      0.0,
      0.0,
      0.0,
      0.0,
      0.0,
      0.0,
      0.0,
      0.0,
      0.0,
      0.0,
      0.0,
      0.0,
      0.0
    ],
    [
      0.0,
      0.0,
      0.0,
      0.0,
      0.0,
      0.0,
      0.0,
      0.0,
      0.0,
      0.0,
      0.0,
      0.0,
      0.0,
      0.0,
      0.0,
      0.0
    ],
    [
      0.0,
      0.0,
      0.0,
      0.0,
      0.0,
      0.0,
      0.0,
      0.0,
      0.0,
      0.0,
      0.0,
      0.0,
      0.0,
      0.0,
      0.0,
      0.0
    ],
    [
      0.0,
      0.0,
      0.0,
      0.0,
      0.0,
      0.0,
      0.0,
      0.0,
      0.0,
      0.0,
      0.0,
      0.0,
      0.0,
      0.0,
      0.0,
      0.0
    ],
    [
      0.0,
      0.0,
      0.0,
      0.0,
      0.0,
      0.0,
      0.0,
      0.0,
      0.0,
      0.0,
      0.0,
      0.0,
      0.0,
      0.0,
      0.0,
      0.0
    ],
    [
      0.0,
      0.0,
      0.0,
      0.0,
      0.0,
      0.0,
      0.0,
      0.0,
      0.0,
      0.0,
      0.0,
      0.0,
      0.0,
      0.0,
      0.0,
      0.0
    ],
    [
      0.0,
      0.0,
      0.0,
      0.0,
      0.0,
      0.0,
      0.0,
      0.0,
      0.0,
      0.0,
      0.0,
      0.0,
      0.0,
      0.0,
      0.0,
      0.0
    ]
  ]
}