{
  "config": {
    "symbols": [
      "H",
      "H"
    ],
    "geometry": [
      [
        0.0,
        0.0,
        0.0
      ],
      [
        0.0,
        0.0,
        0.7414
      ]
    ],
    "basis": "STO-3G",
    "ansatz": "RY-CZ",
    "optimizer": {
      "name": "Adam",
      "stepsize": 0.1,
      "iterations_planned": 50
    },
    "seed": 3,
    "noisy": true,
    "depolarizing_prob": 0.06,
    "amplitude_damping_prob": 0.0
  },
  "energies": [
    1.2277416825502543,
    1.2277416825502543,
    1.2204530476037607,
    1.2059640954768698,
    1.1818069704780396,
    1.1474120198496518,
    1.102205159375815,
    1.0463225867263855,
    0.980354681851347,
    0.9054238492227844,
    0.8227312813372007,
    0.7322158674428318,
    0.6345656549890242,
    0.5316981622435626,
    0.42591402024433,
    0.31880463258032854,
    0.21088732697505794,
    0.10376992010161264,
    -0.00010612997976189309,
    -0.09892306460937553,
    -0.1923299035578633,
    -0.2796255990799812,
    -0.3592462312519509,
    -0.43029694401992036,
    -0.49324309910626485,
    -0.5482774309722477,
    -0.5949238252613432,
    -0.6333875193312003,
    -0.6647445533362084,
    -0.6895843270925692,
    -0.7080914084873221,
    -0.7210526860626666,
    -0.729577160213575,
    -0.7342476261902403,
    -0.7355221720988764,
    -0.7342776805237836,
    -0.7313475109970656,
    -0.7271626935615537,
    -0.7221791224876869,
    -0.7170365688333425,
    -0.7121678748867134,
    -0.7077561531602065,
    -0.704043854586873,
    -0.7012881133561755,
    -0.6995370237479135,
    -0.6987367474912701,
    -0.6988928786187778,
    -0.6999596189497257,
    -0.701771222358356,
    -0.7041735428944194,
    -0.7070546553193073
  ],
  "final_params": [
    -3.416178150660614,
    -3.416625910678935,
    -0.0026800479401300472,
    0.005816389658922309
  ],
  "final_state_real": [
    [
      0.003021691655494124,
      8.421534727423908e-06,
      1.4365234238207108e-06,
      -4.003632275083235e-09,
      -0.0024487011379139187,
      -6.8245970114727826e-06,
      -3.1445965289838585e-06,
      8.764081355575447e-09,
      -0.0024378323142428744,
      -6.794303269396735e-06,
      -8.456670865046649e-06,
      2.3568985965440473e-08,
      -0.014360060680167226,
      -4.0021881676391904e-05,
      -1.8441040546630755e-05,
      5.139571265899817e-08
    ],
    [
      8.421534727423908e-06,
      0.00012592933099613113,
      4.003632275083235e-09,
      5.984301414307294e-08,
      -6.8245970114727826e-06,
      -0.00010204988836180228,
      -8.764081355575447e-09,
      -1.3099830565778907e-07,
      -6.794303269396738e-06,
      -0.00010159692894381503,
      -2.3568985965440473e-08,
      -3.5228988667257634e-07,
      -4.0021881676391904e-05,
      -0.0005984571030698346,
      -5.139571265899817e-08,
      -7.682209923941623e-07
    ],
    [
      1.436523423820711e-06,
      4.003632275083235e-09,
      0.00012590923550867235,
      3.508821842954451e-07,
      3.1445965289838585e-06,
      8.764081355575447e-09,
      -0.0001020248246629036,
      -2.8437044223454815e-07,
      -8.456670865046647e-06,
      -2.3568985965440473e-08,
      -0.00010158071636017552,
      -2.8308379043648016e-07,
      1.8441040546630755e-05,
      5.139571265899817e-08,
      -0.0005983101205608294,
      -1.667650144358962e-06
    ],
    [
      -4.003632275083235e-09,
      5.984301414307294e-08,
      3.508821842954451e-07,
      5.24728119264327e-06,
      -8.764081355575447e-09,
      1.3099830565778907e-07,
      -2.8437044223454815e-07,
      -4.251895752313638e-06,
      2.3568985965440473e-08,
      -3.5228988667257624e-07,
      -2.8308379043648037e-07,
      -4.2333874901120025e-06,
      -5.139571265899817e-08,
      7.682209923941623e-07,
      -1.667650144358962e-06,
      -2.493463986421176e-05
    ],
    [
      -0.002448701137913918,
      -6.824597011472779e-06,
      3.144596528983857e-06,
      -8.764081355575442e-09,
      0.04972341957107358,
      0.00013858048815890514,
      6.375245940829302e-05,
      -1.7767994581258698e-07,
      0.014360060680167226,
      4.0021881676391904e-05,
      -1.8441040546630755e-05,
      5.139571265899817e-08,
      -0.10819023420072767,
      -0.0003015290500713123,
      -0.00013915867055218332,
      3.8783923432210724e-07
    ],
    [
      -6.824597011472779e-06,
      -0.00010204988836180222,
      8.764081355575442e-09,
      1.3099830565778902e-07,
      0.00013858048815890514,
      0.002072228961562026,
      1.7767994581258698e-07,
      2.655814215600512e-06,
      4.0021881676391904e-05,
      0.0005984571030698346,
      -5.139571265899817e-08,
      -7.682209923941623e-07,
      -0.0003015290500713123,
      -0.004508839870686425,
      -3.8783923432210724e-07,
      -5.797103027973244e-06
    ],
    [
      -3.1445965289838585e-06,
      -8.764081355575446e-09,
      -0.00010202482466290354,
      -2.8437044223454804e-07,
      6.375245940829302e-05,
      1.7767994581258698e-07,
      0.0020718982804508066,
      5.773938594301789e-06,
      1.8441040546630755e-05,
      5.139571265899817e-08,
      0.0005983101205608294,
      1.667650144358962e-06,
      -0.0001391586705521833,
      -3.8783923432210724e-07,
      -0.004508120361304789,
      -1.2563169914032586e-05
    ],
    [
      8.764081355575442e-09,
      -1.3099830565778907e-07,
      -2.8437044223454804e-07,
      -4.251895752313635e-06,
      -1.7767994581258698e-07,
      2.655814215600512e-06,
      5.773938594301789e-06,
      8.634658796995573e-05,
      -5.139571265899817e-08,
      7.682209923941623e-07,
      1.667650144358962e-06,
      2.493463986421176e-05,
      3.8783923432210724e-07,
      -5.7971030279732426e-06,
      -1.2563169914032588e-05,
      -0.00018787641026076654
    ],
    [
      -0.0024378323142428744,
      -6.794303269396735e-06,
      -8.456670865046649e-06,
      2.3568985965440473e-08,
      0.014360060680167226,
      4.0021881676391904e-05,
      1.8441040546630755e-05,
      -5.139571265899817e-08,
      0.04977492971047549,
      0.00013872404828258578,
      2.3663186254665987e-05,
      -6.594998358502985e-08,
      -0.10836916851399143,
      -0.00030202783513484687,
      -0.0001391665589081554,
      3.878612193980506e-07
    ],
    [
      -6.794303269396738e-06,
      -0.00010159692894381503,
      -2.3568985965440473e-08,
      -3.5228988667257634e-07,
      4.0021881676391904e-05,
      0.0005984571030698346,
      5.139571265899817e-08,
      7.682209923941623e-07,
      0.00013872404828258578,
      0.0020743756522684075,
      6.594998358502985e-08,
      9.857663065053396e-07,
      -0.00030202783513484687,
      -0.004516296977807394,
      -3.878612193980506e-07,
      -5.797431642870973e-06
    ],
    [
      -8.456670865046647e-06,
      -2.3568985965440473e-08,
      -0.00010158071636017552,
      -2.8308379043648016e-07,
      -1.8441040546630755e-05,
      -5.139571265899817e-08,
      0.0005983101205608294,
      1.667650144358962e-06,
      2.366318625466599e-05,
      6.594998358502988e-08,
      0.00207404462859366,
      5.7799200087832565e-06,
      0.0001391665589081554,
      3.878612193980506e-07,
      -0.004515187764368695,
      -1.2585034530252e-05
    ],
    [
      2.3568985965440473e-08,
      -3.5228988667257624e-07,
      -2.8308379043648037e-07,
      -4.2333874901120025e-06,
      5.139571265899817e-08,
      -7.682209923941623e-07,
      1.667650144358962e-06,
      2.493463986421176e-05,
      -6.594998358502988e-08,
      9.857663065053396e-07,
      5.7799200087832565e-06,
      8.643603726410288e-05,
      -3.878612193980506e-07,
      5.797431642870973e-06,
      -1.2585034530252e-05,
      -0.00018817094505822
    ],
    [
      -0.014360060680167226,
      -4.0021881676391904e-05,
      1.8441040546630755e-05,
      -5.139571265899817e-08,
      -0.10819023420072767,
      -0.0003015290500713123,
      -0.00013915867055218332,
      3.8783923432210724e-07,
      -0.1083691685139914,
      -0.0003020278351348468,
      0.00013916655890815535,
      -3.878612193980506e-07,
      0.8190709034174924,
      0.002282772315570668,
      0.0010501647910196238,
      -2.9268396057890934e-06
    ],
    [
      -4.0021881676391904e-05,
      -0.0005984571030698346,
      5.139571265899817e-08,
      7.682209923941623e-07,
      -0.0003015290500713123,
      -0.004508839870686425,
      -3.8783923432210724e-07,
      -5.797103027973244e-06,
      -0.0003020278351348468,
      -0.004516296977807394,
      3.878612193980506e-07,
      5.797431642870969e-06,
      0.002282772315570668,
      0.03413486969069803,
      2.9268396057890934e-06,
      4.374799978854235e-05
    ],
    [
      -1.8441040546630755e-05,
      -5.139571265899817e-08,
      -0.0005983101205608294,
      -1.667650144358962e-06,
      -0.0001391586705521833,
      -3.8783923432210724e-07,
      -0.004508120361304789,
      -1.2563169914032586e-05,
      -0.00013916655890815538,
      -3.878612193980506e-07,
      -0.004515187764368695,
      -1.2585034530251997e-05,
      0.0010501647910196238,
      2.9268396057890934e-06,
      0.034129422533627066,
      9.51114211674839e-05
    ],
    [
      5.139571265899817e-08,
      -7.682209923941623e-07,
      -1.667650144358962e-06,
      -2.493463986421176e-05,
      3.8783923432210724e-07,
      -5.7971030279732426e-06,
      -1.2563169914032588e-05,
      -0.00018787641026076654,
      3.878612193980506e-07,
      -5.797431642870971e-06,
      -1.2585034530251997e-05,
      -0.00018817094505822,
      -2.9268396057890934e-06,
      4.374799978854235e-05,
      9.51114211674839e-05,
      0.001422347425532114
    ]
  ],
  "final_state_imag": [
    [
      0.0,
      0.0,
      0.0,
      0.0,
      0.0,
      0.0,
      0.0,
      0.0,
      0.0,
      0.0,
      0.0,
      0.0,
      0.0,
      0.0,
      0.0,
      0.0
    ],
    [
      0.0,
      0.0,
      0.0,
      0.0,
      0.0,
      0.0,
      0.0,
      0.0,
      0.0,
      0.0,
      0.0,
      0.0,
      0.0,
      0.0,
      0.0,
      0.0
    ],
    [
      0.0,
      0.0,
      0.0,
      0.0,
      0.0,
      0.0,
      0.0,
      0.0,
      0.0,
      0.0,
      0.0,
      0.0,
      0.0,
      0.0,
      0.0,
      0.0
    ],
    [
      0.0,
      0.0,
      0.0,
      0.0,
      0.0,
      0.0,
      0.0,
      0.0,
      0.0,
      0.0,
      0.0,
      0.0,
      0.0,
      0.0,
      0.0,
      0.0
    ],
    [
      0.0,
      0.0,
      0.0,
      0.0,
      0.0,
      0.0,
      0.0,
      0.0,
      0.0,
      0.0,
      0.0,
      0.0,
      0.0,
      0.0,
      0.0,
      0.0
    ],
    [
      0.0,
      0.0,
      0.0,
      0.0,
      0.0,
      0.0,
      0.0,
      0.0,
      0.0,
      0.0,
      0.0,
      0.0,
      0.0,
      0.0,
      0.0,
      0.0
    ],
    [
      0.0,
      0.0,
      0.0,
      0.0,
      0.0,
      0.0,
      0.0,
      0.0,
      0.0,
      0.0,
      0.0,
      0.0,
      0.0,
      0.0,
      0.0,
      0.0
    ],
    [
      0.0,
      0.0,
      0.0,
      0.0,
      0.0,
      0.0,
      0.0,
      0.0,
      0.0,
      0.0,
      0.0,
      0.0,
      0.0,
      0.0,
      0.0,
      0.0
    ],
    [
      0.0,
      0.0,
      0.0,
      0.0,
      0.0,
      0.0,
      0.0,
      0.0,
      0.0,
      0.0,
      0.0,
      0.0,
      0.0,
      0.0,
      0.0,
      0.0
    ],
    [
      0.0,
      0.0,
      0.0,
      0.0,
      0.0,
      0.0,
      0.0,
      0.0,
      0.0,
      0.0,
      0.0,
      0.0,
      0.0,
      0.0,
      0.0,
      0.0
    ],
    [
      0.0,
      0.0,
      0.0,
      0.0,
      0.0,
      0.0,
      0.0,
      0.0,
      0.0,
      0.0,
      0.0,
      0.0,
      0.0,
      0.0,
      0.0,
      0.0
    ],
    [
      0.0,
      0.0,
      0.0,
      0.0,
      0.0,
      0.0,
      0.0,
      0.0,
      0.0,
      0.0,
      0.0,
      0.0,
      0.0,
      0.0,
      0.0,
      0.0
    ],
    [
      0.0,
      0.0,
      0.0,
      0.0,
      0.0,
      0.0,
      0.0,
      0.0,
      0.0,
      0.0,
      0.0,
      0.0,
      0.0,
      0.0,
      0.0,
      0.0
    ],
    [
      0.0,
      0.0,
      0.0,
      0.0,
      0.0,
      0.0,
      0.0,
      0.0,
      0.0,
      0.0,
      0.0,
      0.0,
      0.0,
      0.0,
      0.0,
      0.0
    ],
    [
      0.0,
      0.0,
      0.0,
      0.0,
      0.0,
      0.0,
      0.0,
      0.0,
      0.0,
      0.0,
      0.0,
      0.0,
      0.0,
      0.0,
      0.0,
      0.0
    ],
    [
      0.0,
      0.0,
      0.0,
      0.0,
      0.0,
      0.0,
      0.0,
      0.0,
      0.0,
      0.0,
      0.0,
      0.0,
      0.0,
      0.0,
      0.0,
      0.0
    ]
  ]
}