{
  "config": {
    "symbols": [
      "H",
      "H"
    ],
    "geometry": [
      [
        0.0,
        0.0,
        0.0
      ],
      [
        0.0,
        0.0,
        0.7414
      ]
    ],
    "basis": "STO-3G",
    "ansatz": "RY-CZ",
    "optimizer": {
      "name": "GradientDescent",
      "stepsize": 0.1,
      "iterations_planned": 50
    },
    "seed": 2,
    "noisy": true,
    "depolarizing_prob": 0.02,
    "amplitude_damping_prob": 0.0
  },
  "energies": [
    1.3069551395592416,
    1.3069551395592416,
    1.3069483851235764,
    1.3069406380245274,
    1.306931752140023,
    1.3069215598658417,
    1.3069098689277574,
    1.3068964587537397,
    1.3068810762950993,
    1.3068634312979568,
    1.3068431908011786,
    1.3068199728457477,
    1.3067933392968756,
    1.306762787558546,
    1.306727741157655,
    1.3066875388217227,
    1.3066414220872324,
    1.3065885209958255,
    1.306527837739572,
    1.3064582279806354,
    1.3063783792776977,
    1.3062867865296222,
    1.3061817237618276,
    1.306061211807691,
    1.305922981429493,
    1.305764430907264,
    1.3055825776350096,
    1.305374002737907,
    1.3051347876648831,
    1.3048604418740621,
    1.3045458201843485,
    1.3041850283098038,
    1.3037713152624577,
    1.3032969507146441,
    1.3027530853982714,
    1.3021295922816356,
    1.301414886494725,
    1.3005957208626948,
    1.2996569546962828,
    1.2985812927112639,
    1.2973489909690763,
    1.2959375268795847,
    1.294321229336427,
    1.2924708672100462,
    1.2903531920110516,
    1.287930434676218,
    1.2851597535390786,
    1.28199263508983,
    1.2783742505586704,
    1.2742427726091206,
    1.2695286628826672
  ],
  "final_params": [
    -0.15912878683407208,
    0.3104045545383347,
    -0.009788319790995103,
    -0.004401312774532119
  ],
  "final_state_real": [
    [
      0.9195911716505896,
      -0.0019963586313639452,
      -0.004436903878014502,
      -9.63216972948757e-06,
      0.14186402184009567,
      -0.00030797580479719204,
      0.0006849283042298612,
      1.4869255364225756e-06,
      -0.07227661965481126,
      0.00015690674067118634,
      0.00034918673286238636,
      7.580569628478993e-07,
      0.011159308012343976,
      -2.4225993465455476e-05,
      5.387783184300782e-05,
      1.1696453996674689e-07
    ],
    [
      -0.001996358631363945,
      0.012431360403380838,
      9.632169729487572e-06,
      -5.9936676936038416e-05,
      -0.00030797580479719204,
      0.0019177682845757113,
      -1.4869255364225758e-06,
      9.25247145839558e-06,
      0.0001569067406711863,
      -0.0009770610412171655,
      -7.580569628478994e-07,
      4.7170488641032475e-06,
      -2.4225993465455476e-05,
      0.00015085549321312313,
      -1.1696453996674689e-07,
      7.27817931145636e-07
    ],
    [
      -0.004436903878014502,
      9.63216972948757e-06,
      0.012448930831563445,
      -2.6930008915029157e-05,
      -0.000684928304229861,
      1.4869255364225754e-06,
      0.0019136839007055093,
      -4.16921085141963e-06,
      0.00034918673286238636,
      -7.580569628478993e-07,
      -0.000978442014843355,
      2.1166036295874776e-06,
      -5.387783184300782e-05,
      1.1696453996674689e-07,
      0.00015053420739972908,
      -3.279584735856461e-07
    ],
    [
      -9.632169729487572e-06,
      -5.9936676936038416e-05,
      -2.6930008915029154e-05,
      0.0001682890729868019,
      -1.4869255364225756e-06,
      -9.252471458395577e-06,
      -4.16921085141963e-06,
      2.5869859347515635e-05,
      7.580569628478994e-07,
      4.7170488641032475e-06,
      2.1166036295874776e-06,
      -1.3226927025077484e-05,
      -1.1696453996674689e-07,
      -7.27817931145636e-07,
      -3.279584735856461e-07,
      2.0349749355079197e-06
    ],
    [
      0.14186402184009567,
      -0.00030797580479719204,
      -0.0006849283042298612,
      -1.4869255364225756e-06,
      0.03492685981309212,
      -7.582340958009808e-05,
      4.867293461739369e-05,
      1.0566511701776705e-07,
      -0.011159308012343975,
      2.4225993465455473e-05,
      5.387783184300781e-05,
      1.1696453996674686e-07,
      0.0007928761315422309,
      -1.7212704488731388e-06,
      1.3262410996601255e-05,
      2.8791652299362274e-08
    ],
    [
      -0.00030797580479719204,
      0.0019177682845757113,
      1.4869255364225758e-06,
      -9.25247145839558e-06,
      -7.582340958009808e-05,
      0.00047215370860463455,
      -1.0566511701776705e-07,
      6.575066843677318e-07,
      2.4225993465455473e-05,
      -0.00015085549321312307,
      -1.1696453996674686e-07,
      7.27817931145636e-07,
      -1.7212704488731388e-06,
      1.071838143981767e-05,
      -2.8791652299362274e-08,
      1.7915755336398447e-07
    ],
    [
      0.000684928304229861,
      -1.4869255364225754e-06,
      0.0019136839007055093,
      -4.16921085141963e-06,
      4.867293461739369e-05,
      -1.0566511701776705e-07,
      0.00047282104850622167,
      -1.022824789033457e-06,
      -5.387783184300781e-05,
      1.1696453996674686e-07,
      -0.00015053420739972906,
      3.27958473585646e-07,
      1.3262410996601257e-05,
      -2.8791652299362274e-08,
      1.0733530751333962e-05,
      -2.321918908010038e-08
    ],
    [
      1.4869255364225756e-06,
      9.252471458395577e-06,
      -4.16921085141963e-06,
      2.5869859347515635e-05,
      1.0566511701776705e-07,
      6.575066843677318e-07,
      -1.022824789033457e-06,
      6.391763037193014e-06,
      -1.1696453996674686e-07,
      -7.27817931145636e-07,
      3.27958473585646e-07,
      -2.0349749355079197e-06,
      2.879165229936228e-08,
      1.7915755336398447e-07,
      -2.3219189080100387e-08,
      1.4509968482092275e-07
    ],
    [
      -0.07227661965481126,
      0.00015690674067118634,
      0.00034918673286238636,
      7.580569628478993e-07,
      -0.011159308012343976,
      2.4225993465455476e-05,
      -5.387783184300782e-05,
      -1.1696453996674689e-07,
      0.018271460152278235,
      -3.96658736046269e-05,
      -8.815734089869434e-05,
      -1.9138266092356939e-07,
      0.001015295657054556,
      -2.2041282421904015e-06,
      4.901910460864817e-06,
      1.0641662487159747e-08
    ],
    [
      0.0001569067406711863,
      -0.0009770610412171655,
      -7.580569628478994e-07,
      4.7170488641032475e-06,
      2.4225993465455476e-05,
      -0.00015085549321312313,
      1.1696453996674689e-07,
      -7.27817931145636e-07,
      -3.9665873604626885e-05,
      0.00024700009444554214,
      1.9138266092356939e-07,
      -1.1908885579350788e-06,
      -2.2041282421904015e-06,
      1.3725127663174486e-05,
      -1.0641662487159752e-08,
      6.621829810604733e-08
    ],
    [
      0.00034918673286238636,
      -7.580569628478993e-07,
      -0.000978442014843355,
      2.1166036295874776e-06,
      5.387783184300782e-05,
      -1.1696453996674689e-07,
      -0.00015053420739972908,
      3.279584735856461e-07,
      -8.815734089869434e-05,
      1.9138266092356939e-07,
      0.0002473492032542107,
      -5.350753682294088e-07,
      -4.901910460864815e-06,
      1.0641662487159743e-08,
      1.3695896451825954e-05,
      -2.983830301640788e-08
    ],
    [
      7.580569628478994e-07,
      4.7170488641032475e-06,
      2.1166036295874776e-06,
      -1.3226927025077484e-05,
      1.1696453996674689e-07,
      7.27817931145636e-07,
      3.279584735856461e-07,
      -2.0349749355079197e-06,
      -1.9138266092356939e-07,
      -1.1908885579350788e-06,
      -5.350753682294087e-07,
      3.3437544703947384e-06,
      -1.0641662487159745e-08,
      -6.621829810604731e-08,
      -2.983830301640788e-08,
      1.851459975789385e-07
    ],
    [
      0.011159308012343975,
      -2.4225993465455473e-05,
      -5.387783184300781e-05,
      -1.1696453996674686e-07,
      0.0007928761315422309,
      -1.7212704488731388e-06,
      1.3262410996601255e-05,
      2.8791652299362274e-08,
      0.0010152956570545558,
      -2.2041282421904015e-06,
      -4.901910460864816e-06,
      -1.0641662487159743e-08,
      0.0006939656958359741,
      -1.5065438310656554e-06,
      9.67087998202383e-07,
      2.099472063885283e-09
    ],
    [
      -2.4225993465455473e-05,
      0.00015085549321312307,
      1.1696453996674686e-07,
      -7.27817931145636e-07,
      -1.7212704488731388e-06,
      1.071838143981767e-05,
      -2.8791652299362274e-08,
      1.7915755336398447e-07,
      -2.204128242190401e-06,
      1.3725127663174482e-05,
      1.064166248715975e-08,
      -6.621829810604731e-08,
      -1.5065438310656552e-06,
      9.381275004016542e-06,
      -2.099472063885283e-09,
      1.3064074072958062e-08
    ],
    [
      5.387783184300781e-05,
      -1.1696453996674686e-07,
      0.00015053420739972906,
      -3.27958473585646e-07,
      1.3262410996601257e-05,
      -2.8791652299362274e-08,
      1.0733530751333962e-05,
      -2.321918908010038e-08,
      4.9019104608648146e-06,
      -1.064166248715974e-08,
      1.369589645182595e-05,
      -2.983830301640788e-08,
      9.67087998202383e-07,
      -2.099472063885283e-09,
      9.394534455385559e-06,
      -2.03226204771441e-08
    ],
    [
      1.1696453996674686e-07,
      7.27817931145636e-07,
      -3.27958473585646e-07,
      2.0349749355079197e-06,
      2.879165229936228e-08,
      1.7915755336398447e-07,
      -2.3219189080100387e-08,
      1.4509968482092275e-07,
      1.0641662487159743e-08,
      6.621829810604731e-08,
      -2.9838303016407875e-08,
      1.8514599757893844e-07,
      2.099472063885283e-09,
      1.3064074072958062e-08,
      -2.0322620477144092e-08,
      1.2699865683492192e-07
    ]
  ],
  "final_state_imag": [
    [
      0.0,
      0.0,
      0.0,
      0.0,
      0.0,
      0.0,
      0.0,
      0.0,
      0.0,
      0.0,
      0.0,
      0.0,
      0.0,
      0.0,
      0.0,
      0.0
    ],
    [
      0.0,
      0.0,
      0.0,
      0.0,
      0.0,
      0.0,
      0.0,
      0.0,
      0.0,
      0.0,
      0.0,
      0.0,
      0.0,
      0.0,
      0.0,
      0.0
    ],
    [
      0.0,
      0.0,
      0.0,
      0.0,
      0.0,
      0.0,
      0.0,
      0.0,
      0.0,
      0.0,
      0.0,
      0.0,
      0.0,
      0.0,
      0.0,
      0.0
    ],
    [
      0.0,
      0.0,
      0.0,
      0.0,
      0.0,
      0.0,
      0.0,
      0.0,
      0.0,
      0.0,
      0.0,
      0.0,
      0.0,
      0.0,
      0.0,
      0.0
    ],
    [
      0.0,
      0.0,
      0.0,
      0.0,
      0.0,
      0.0,
      0.0,
      0.0,
      0.0,
      0.0,
      0.0,
      0.0,
      0.0,
      0.0,
      0.0,
      0.0
    ],
    [
      0.0,
      0.0,
      0.0,
      0.0,
      0.0,
      0.0,
      0.0,
      0.0,
      0.0,
      0.0,
      0.0,
      0.0,
      0.0,
      0.0,
      0.0,
      0.0
    ],
    [
      0.0,
      0.0,
      0.0,
      0.0,
      0.0,
      0.0,
      0.0,
      0.0,
      0.0,
      0.0,
      0.0,
      0.0,
      0.0,
      0.0,
      0.0,
      0.0
    ],
    [
      0.0,
      0.0,
      0.0,
      0.0,
      0.0,
      0.0,
      0.0,
      0.0,
      0.0,
      0.0,
      0.0,
      0.0,
      0.0,
      0.0,
      0.0,
      0.0
    ],
    [
      0.0,
      0.0,
      0.0,
      0.0,
      0.0,
      0.0,
      0.0,
      0.0,
      0.0,
      0.0,
      0.0,
      0.0,
      0.0,
      0.0,
      0.0,
      0.0
    ],
    [
      0.0,
      0.0,
      0.0,
      0.0,
      0.0,
      0.0,
      0.0,
      0.0,
      0.0,
      0.0,
      0.0,
      0.0,
      0.0,
      0.0,
      0.0,
      0.0
    ],
    [
      0.0,
      0.0,
      0.0,
      0.0,
      0.0,
      0.0,
      0.0,
      0.0,
      0.0,
      0.0,
      0.0,
      0.0,
      0.0,
      0.0,
      0.0,
      0.0
    ],
    [
      0.0,
      0.0,
      0.0,
      0.0,
      0.0,
      0.0,
      0.0,
      0.0,
      0.0,
      0.0,
      0.0,
      0.0,
      0.0,
      0.0,
      0.0,
      0.0
    ],
    [
      0.0,
      0.0,
      0.0,
      0.0,
      0.0,
      0.0,
      0.0,
      0.0,
      0.0,
      0.0,
      0.0,
      0.0,
      0.0,
      0.0,
      0.0,
      0.0
    ],
    [
      0.0,
      0.0,
      0.0,
      0.0,
      0.0,
      0.0,
      0.0,
      0.0,
      0.0,
      0.0,
      0.0,
      0.0,
      0.0,
      0.0,
      0.0,
      0.0
    ],
    [
      0.0,
      0.0,
      0.0,
      0.0,
      0.0,
      0.0,
      0.0,
      0.0,
      0.0,
      0.0,
      0.0,
      0.0,
      0.0,
      0.0,
      0.0,
      0.0
    ],
    [
      0.0,
      0.0,
      0.0,
      0.0,
      0.0,
      0.0,
      0.0,
      0.0,
      0.0,
      0.0,
      0.0,
      0.0,
      0.0,
      0.0,
      0.0,
      0.0
    ]
  ]
}