{
  "config": {
    "symbols": [
      "H",
      "H"
    ],
    "geometry": [
      [
        0.0,
        0.0,
        0.0
      ],
      [
        0.0,
        0.0,
        0.7414
      ]
    ],
    "basis": "STO-3G",
    "ansatz": "RY-CZ",
    "optimizer": {
      "name": "GradientDescent",
      "stepsize": 0.1,
      "iterations_planned": 50
    },
    "seed": 1,
    "noisy": true,
    "depolarizing_prob": 0.06,
    "amplitude_damping_prob": 0.0
  },
  "energies": [
    1.2277406785092226,
    1.2277406785092226,
    1.227737618351583,
    1.2277341495062706,
    1.22773021736912,
    1.2277257600707878,
    1.227720707451297,
    1.2277149799964744,
    1.227708487555661,
    1.2277011279622603,
    1.2276927853945059,
    1.2276833285485944,
    1.2276726085990288,
    1.2276604568637435,
    1.2276466821241028,
    1.227631067629922,
    1.2276133676860599,
    1.2275933038083788,
    1.22757056036735,
    1.2275447795782268,
    1.227515555922381,
    1.227482429781861,
    1.2274448802455988,
    1.2274023169032657,
    1.2273540706194896,
    1.2272993830918146,
    1.2272373949203212,
    1.2271671322766406,
    1.2270874915497172,
    1.226997222335912,
    1.2268949077188842,
    1.2267789424852542,
    1.226647508058721,
    1.2264985442855993,
    1.2263297177387917,
    1.2261383855125076,
    1.2259215547514397,
    1.2256758365030058,
    1.2253973941131848,
    1.2250818849438507,
    1.2247243942583979,
    1.2243193612261538,
    1.2238604957451693,
    1.2233406848027908,
    1.2227518871534617,
    1.2220850157919299,
    1.2213298063604745,
    1.2204746700082483,
    1.2195065293215475,
    1.2184106366244425,
    1.217170371823626
  ],
  "final_params": [
    -0.18445436282644026,
    -0.056292902989480816,
    -0.007604523310262309,
    0.003015956360185895
  ],
  "final_state_real": [
    [
      0.8417898455132483,
      0.0012165083638484904,
      -0.003067152282609247,
      4.432485883780566e-06,
      -0.022695208474207692,
      -3.2797945473681454e-05,
      -8.26980069033289e-05,
      1.1951077561234094e-07,
      -0.07458123257494978,
      -0.00010778069336086799,
      0.000271780683340801,
      -3.927630360001301e-07,
      -0.0020123259523577796,
      -2.9081097420061792e-06,
      -7.332620261627325e-06,
      1.059671408722395e-08
    ],
    [
      0.0012165083638484904,
      0.03507648780439128,
      -4.4324858837805655e-06,
      -0.00012779104917434058,
      -3.2797945473681454e-05,
      -0.0009456852057633129,
      -1.1951077561234094e-07,
      -3.4455625587044324e-06,
      -0.00010778069336086799,
      -0.0031077206606794634,
      3.927630360001301e-07,
      1.1323578182396012e-05,
      -2.9081097420061792e-06,
      -8.38514827691953e-05,
      -1.059671408722395e-08,
      -3.0550919879114533e-07
    ],
    [
      -0.003067152282609247,
      -4.432485883780566e-06,
      0.03508672579669166,
      5.0670291550375206e-05,
      8.26980069033289e-05,
      1.1951077561234094e-07,
      -0.0009453061436804657,
      -1.3670544087262867e-06,
      0.000271780683340801,
      3.927630360001301e-07,
      -0.0031086277304058613,
      -4.4893067063014005e-06,
      7.332620261627325e-06,
      1.059671408722395e-08,
      -8.381787230609978e-05,
      -1.2121320974387146e-07
    ],
    [
      4.4324858837805655e-06,
      -0.00012779104917434058,
      5.0670291550375206e-05,
      0.0014620265569410538,
      -1.1951077561234094e-07,
      3.4455625587044324e-06,
      -1.3670544087262867e-06,
      -3.9389901882229514e-05,
      -3.927630360001301e-07,
      1.1323578182396012e-05,
      -4.4893067063014005e-06,
      -0.00012953321218491415,
      -1.059671408722395e-08,
      3.0550919879114533e-07,
      -1.2121320974387146e-07,
      -3.492601617143959e-06
    ],
    [
      -0.022695208474207692,
      -3.2797945473681454e-05,
      8.269800690332889e-05,
      -1.1951077561234092e-07,
      0.03574063392390059,
      5.165039745895564e-05,
      -0.00012537100070129898,
      1.8117952407997455e-07,
      0.0020123259523577796,
      2.9081097420061792e-06,
      -7.332620261627325e-06,
      1.059671408722395e-08,
      -0.003048535872990105,
      -4.405576292885152e-06,
      1.1539238638532906e-05,
      -1.667589596541351e-08
    ],
    [
      -3.2797945473681454e-05,
      -0.0009456852057633129,
      1.1951077561234092e-07,
      3.4455625587044316e-06,
      5.165039745895564e-05,
      0.0014892742133145417,
      -1.8117952407997455e-07,
      -5.223507096956584e-06,
      2.9081097420061792e-06,
      8.38514827691953e-05,
      -1.059671408722395e-08,
      -3.0550919879114533e-07,
      -4.405576292885152e-06,
      -0.00012702924838085825,
      1.667589596541351e-08,
      4.807754152450322e-07
    ],
    [
      -8.269800690332889e-05,
      -1.1951077561234092e-07,
      -0.0009453061436804657,
      -1.3670544087262867e-06,
      -0.00012537100070129898,
      -1.8117952407997455e-07,
      0.0014897088970267215,
      2.1513544630787202e-06,
      7.332620261627325e-06,
      1.059671408722395e-08,
      8.381787230609978e-05,
      1.2121320974387146e-07,
      1.1539238638532906e-05,
      1.667589596541351e-08,
      -0.00012706632519636211,
      -1.8350209652624643e-07
    ],
    [
      1.1951077561234092e-07,
      -3.4455625587044316e-06,
      -1.3670544087262863e-06,
      -3.9389901882229514e-05,
      1.8117952407997455e-07,
      -5.223507096956584e-06,
      2.1513544630787202e-06,
      6.207458576171264e-05,
      -1.059671408722395e-08,
      3.0550919879114533e-07,
      1.2121320974387146e-07,
      3.492601617143959e-06,
      -1.667589596541351e-08,
      4.807754152450322e-07,
      -1.8350209652624643e-07,
      -5.294718663874481e-06
    ],
    [
      -0.07458123257494978,
      -0.00010778069336086799,
      0.000271780683340801,
      -3.927630360001301e-07,
      0.0020123259523577796,
      2.9081097420061792e-06,
      7.332620261627325e-06,
      -1.059671408722395e-08,
      0.042260453321026174,
      6.107248168776812e-05,
      -0.00015398052917668144,
      2.2252449799202023e-07,
      -0.0007517595709449496,
      -1.0864041828561072e-06,
      -2.7393014811166817e-06,
      3.958693285401426e-09
    ],
    [
      -0.00010778069336086799,
      -0.0031077206606794634,
      3.927630360001301e-07,
      1.1323578182396012e-05,
      2.9081097420061792e-06,
      8.38514827691953e-05,
      1.059671408722395e-08,
      3.0550919879114533e-07,
      6.107248168776812e-05,
      0.0017609481552004439,
      -2.2252449799202023e-07,
      -6.4155058382587525e-06,
      -1.0864041828561072e-06,
      -3.132502199050338e-05,
      -3.958693285401426e-09,
      -1.1413134335114555e-07
    ],
    [
      0.000271780683340801,
      3.927630360001301e-07,
      -0.0031086277304058613,
      -4.4893067063014005e-06,
      -7.332620261627325e-06,
      -1.059671408722395e-08,
      8.381787230609978e-05,
      1.2121320974387146e-07,
      -0.00015398052917668144,
      -2.2252449799202023e-07,
      0.0017614621340729822,
      2.5438053241445474e-06,
      2.7393014811166817e-06,
      3.958693285401426e-09,
      -3.131246587985622e-05,
      -4.52825201817562e-08
    ],
    [
      -3.927630360001301e-07,
      1.1323578182396012e-05,
      -4.4893067063014005e-06,
      -0.00012953321218491415,
      1.059671408722395e-08,
      -3.0550919879114533e-07,
      1.2121320974387146e-07,
      3.492601617143959e-06,
      2.2252449799202023e-07,
      -6.4155058382587525e-06,
      2.5438053241445474e-06,
      7.339825419970046e-05,
      -3.958693285401426e-09,
      1.1413134335114555e-07,
      -4.52825201817562e-08,
      -1.3047571593008825e-06
    ],
    [
      -0.0020123259523577796,
      -2.9081097420061792e-06,
      7.332620261627325e-06,
      -1.059671408722395e-08,
      -0.003048535872990105,
      -4.405576292885152e-06,
      1.1539238638532906e-05,
      -1.667589596541351e-08,
      -0.0007517595709449495,
      -1.0864041828561072e-06,
      2.7393014811166817e-06,
      -3.958693285401426e-09,
      0.0017942903441463686,
      2.5930096715478732e-06,
      -6.294011921368796e-06,
      9.09577237230643e-09
    ],
    [
      -2.9081097420061792e-06,
      -8.38514827691953e-05,
      1.059671408722395e-08,
      3.0550919879114533e-07,
      -4.405576292885152e-06,
      -0.00012702924838085825,
      1.667589596541351e-08,
      4.807754152450322e-07,
      -1.0864041828561072e-06,
      -3.1325021990503374e-05,
      3.958693285401426e-09,
      1.1413134335114555e-07,
      2.5930096715478732e-06,
      7.476617080788556e-05,
      -9.09577237230643e-09,
      -2.6223620897730143e-07
    ],
    [
      -7.332620261627325e-06,
      -1.059671408722395e-08,
      -8.381787230609978e-05,
      -1.2121320974387146e-07,
      1.1539238638532906e-05,
      1.667589596541351e-08,
      -0.00012706632519636211,
      -1.8350209652624643e-07,
      -2.7393014811166817e-06,
      -3.958693285401426e-09,
      -3.131246587985621e-05,
      -4.52825201817562e-08,
      -6.294011921368796e-06,
      -9.09577237230643e-09,
      7.47879932744144e-05,
      1.0800464670429272e-07
    ],
    [
      1.059671408722395e-08,
      -3.0550919879114533e-07,
      -1.2121320974387146e-07,
      -3.492601617143959e-06,
      -1.667589596541351e-08,
      4.807754152450322e-07,
      -1.8350209652624643e-07,
      -5.294718663874481e-06,
      3.958693285401426e-09,
      -1.1413134335114555e-07,
      -4.5282520181756186e-08,
      -1.304757159300882e-06,
      9.09577237230643e-09,
      -2.6223620897730143e-07,
      1.0800464670429272e-07,
      3.1163361591816772e-06
    ]
  ],
  "final_state_imag": [
    [
      0.0,
      0.0,
      0.0,
      0.0,
      0.0,
      0.0,
      0.0,
      0.0,
      0.0,
      0.0,
      0.0,
      0.0,
      0.0,
      0.0,
      0.0,
      0.0
    ],
    [
      0.0,
      0.0,
      0.0,
      0.0,
      0.0,
      0.0,
      0.0,
      0.0,
      0.0,
      0.0,
      0.0,
      0.0,
      0.0,
      0.0,
      0.0,
      0.0
    ],
    [
      0.0,
      0.0,
      0.0,
      0.0,
      0.0,
      0.0,
      0.0,
      0.0,
      0.0,
      0.0,
      0.0,
      0.0,
      0.0,
      0.0,
      0.0,
      0.0
    ],
    [
      0.0,
      0.0,
      0.0,
      0.0,
      0.0,
      0.0,
      0.0,
      0.0,
      0.0,
      0.0,
      0.0,
      0.0,
      0.0,
      0.0,
      0.0,
      0.0
    ],
    [
      0.0,
      0.0,
      0.0,
      0.0,
      0.0,
      0.0,
      0.0,
      0.0,
      0.0,
      0.0,
      0.0,
      0.0,
      0.0,
      0.0,
      0.0,
      0.0
    ],
    [
      0.0,
      0.0,
      0.0,
      0.0,
      0.0,
      0.0,
      0.0,
      0.0,
      0.0,
      0.0,
      0.0,
      0.0,
      0.0,
      0.0,
      0.0,
      0.0
    ],
    [
      0.0,
      0.0,
      0.0,
      0.0,
      0.0,
      0.0,
      0.0,
      0.0,
      0.0,
      0.0,
      0.0,
      0.0,
      0.0,
      0.0,
      0.0,
      0.0
    ],
    [
      0.0,
      0.0,
      0.0,
      0.0,
      0.0,
      0.0,
      0.0,
      0.0,
      0.0,
      0.0,
      0.0,
      0.0,
      0.0,
      0.0,
      0.0,
      0.0
    ],
    [
      0.0,
      0.0,
      0.0,
      0.0,
      0.0,
      0.0,
      0.0,
      0.0,
      0.0,
      0.0,
      0.0,
      0.0,
      0.0,
      0.0,
      0.0,
      0.0
    ],
    [
      0.0,
      0.0,
      0.0,
      0.0,
      0.0,
      0.0,
      0.0,
      0.0,
      0.0,
      0.0,
      0.0,
      0.0,
      0.0,
      0.0,
      0.0,
      0.0
    ],
    [
      0.0,
      0.0,
      0.0,
      0.0,
      0.0,
      0.0,
      0.0,
      0.0,
      0.0,
      0.0,
      0.0,
      0.0,
      0.0,
      0.0,
      0.0,
      0.0
    ],
    [
      0.0,
      0.0,
      0.0,
      0.0,
      0.0,
      0.0,
      0.0,
      0.0,
      0.0,
      0.0,
      0.0,
      0.0,
      0.0,
      0.0,
      0.0,
      0.0
    ],
    [
      0.0,
      0.0,
      0.0,
      0.0,
      0.0,
      0.0,
      0.0,
      0.0,
      0.0,
      0.0,
      0.0,
      0.0,
      0.0,
      0.0,
      0.0,
      0.0
    ],
    [
      0.0,
      0.0,
      0.0,
      0.0,
      0.0,
      0.0,
      0.0,
      0.0,
      0.0,
      0.0,
      0.0,
      0.0,
      0.0,
      0.0,
      0.0,
      0.0
    ],
    [
      0.0,
      0.0,
      0.0,
      0.0,
      0.0,
      0.0,
      0.0,
      0.0,
      0.0,
      0.0,
      0.0,
      0.0,
      0.0,
      0.0,
      0.0,
      0.0
    ],
    [
      0.0,
      0.0,
      0.0,
      0.0,
      0.0,
      0.0,
      0.0,
      0.0,
      0.0,
      0.0,
      0.0,
      0.0,
      0.0,
      0.0,
      0.0,
      0.0
    ]
  ]
}