{
  "config": {
    "symbols": [
      "H",
      "H"
    ],
    "geometry": [
      [
        0.0,
        0.0,
        0.0
      ],
      [
        0.0,
        0.0,
        0.7414
      ]
    ],
    "basis": "STO-3G",
    "ansatz": "RY-CZ",
    "optimizer": {
      "name": "Adam",
      "stepsize": 0.1,
      "iterations_planned": 50
    },
    "seed": 1,
    "noisy": true,
    "depolarizing_prob": 0.08,
    "amplitude_damping_prob": 0.0
  },
  "energies": [
    1.1903023781814837,
    1.1903023781814837,
    1.1835600183463364,
    1.1699382554841868,
    1.1467605549405973,
    1.1136918264000173,
    1.070697096434034,
    1.0179766825777086,
    0.9557305053893793,
    0.8846370061259277,
    0.805286758741101,
    0.7187361523341085,
    0.6260334257162656,
    0.5285129949046499,
    0.4275913296272288,
    0.3247877702548871,
    0.22167713532755237,
    0.11982386113612539,
    0.02070930190463305,
    -0.07425447183107348,
    -0.16390391066818602,
    -0.24715997221361335,
    -0.32334859924523096,
    -0.39184241094079447,
    -0.452456882130861,
    -0.5050650716956993,
    -0.5498591651884164,
    -0.5871412808978016,
    -0.6173515583030822,
    -0.6410846803433101,
    -0.6589167474795496,
    -0.6715922385635169,
    -0.679755865256421,
    -0.6841291914971275,
    -0.6854027926761785,
    -0.6842721991408596,
    -0.681366860001976,
    -0.6772545166684116,
    -0.6725121255173441,
    -0.6675602875551216,
    -0.6628042691626286,
    -0.6585493569716594,
    -0.6550201636448401,
    -0.6523612157804295,
    -0.6506580071130226,
    -0.6499232666088862,
    -0.6501054543696405,
    -0.6511416153402181,
    -0.6528987373743685,
    -0.6552466190230299,
    -0.6580419529076191
  ],
  "final_params": [
    -3.4165647447823773,
    3.4156265348660813,
    0.0027469579139797204,
    0.001172998990664217
  ],
  "final_state_real": [
    [
      0.004398358397826806,
      2.4343031469259077e-06,
      -2.8240523147804335e-06,
      1.5629924946649197e-09,
      0.003742625050414045,
      2.0713836815970568e-06,
      -4.8508191847436995e-06,
      2.684721504290009e-09,
      -0.0037689360968978375,
      -2.085944839277811e-06,
      9.860841978107204e-06,
      -5.457555415030134e-09,
      0.013137637178687519,
      7.271123048691606e-06,
      -1.70277015758042e-05,
      9.424106495861855e-09
    ],
    [
      2.4343031469259073e-06,
      0.0002477963474671294,
      -1.562992494664919e-09,
      -1.5910057052175707e-07,
      2.0713836815970568e-06,
      0.00021085339882484492,
      -2.684721504290009e-09,
      -2.732839245758134e-07,
      -2.085944839277811e-06,
      -0.0002123357203245987,
      5.457555415030134e-09,
      5.555370119493432e-07,
      7.271123048691606e-06,
      0.0007401530782110948,
      -9.424106495861857e-09,
      -9.593012924037496e-07
    ],
    [
      -2.8240523147804335e-06,
      -1.5629924946649197e-09,
      0.00024780311024728824,
      1.3713926165503783e-07,
      4.8508191847436995e-06,
      2.684721504290009e-09,
      0.0002108450776615839,
      1.1670156735495776e-07,
      9.860841978107204e-06,
      5.457555415030133e-09,
      -0.0002123415153244487,
      -1.1751409657952617e-07,
      1.7027701575804198e-05,
      9.424106495861855e-09,
      0.0007401238686530027,
      4.09654408187105e-07
    ],
    [
      1.562992494664919e-09,
      -1.5910057052175707e-07,
      1.371392616550378e-07,
      1.3960823574680042e-05,
      -2.684721504290009e-09,
      2.732839245758134e-07,
      1.1670156735495776e-07,
      1.1878668221256908e-05,
      -5.457555415030134e-09,
      5.555370119493432e-07,
      -1.1751409657952617e-07,
      -1.1962975081574008e-05,
      -9.424106495861855e-09,
      9.593012924037494e-07,
      4.09654408187105e-07,
      4.169737314177761e-05
    ],
    [
      0.003742625050414045,
      2.0713836815970568e-06,
      4.8508191847436995e-06,
      -2.684721504290009e-09,
      0.05843554463458119,
      3.234157322572322e-05,
      -7.557627243516816e-05,
      4.182824304375649e-08,
      -0.013137637178687522,
      -7.271123048691607e-06,
      -1.7027701575804204e-05,
      9.424106495861857e-09,
      -0.10086291240395676,
      -5.582330562111059e-05,
      0.0001310088036097611,
      -7.250778454258464e-08
    ],
    [
      2.0713836815970568e-06,
      0.00021085339882484492,
      2.684721504290009e-09,
      2.732839245758134e-07,
      3.234157322572322e-05,
      0.0032921633966563842,
      -4.182824304375648e-08,
      -4.257792251018505e-06,
      -7.271123048691604e-06,
      -0.0007401530782110952,
      -9.424106495861857e-09,
      -9.593012924037498e-07,
      -5.582330562111059e-05,
      -0.0056824521851031,
      7.250778454258464e-08,
      7.380732746555503e-06
    ],
    [
      -4.8508191847436995e-06,
      -2.684721504290009e-09,
      0.0002108450776615839,
      1.1670156735495776e-07,
      -7.557627243516816e-05,
      -4.182824304375649e-08,
      0.003292253245346755,
      1.821999646403539e-06,
      1.7027701575804204e-05,
      9.424106495861857e-09,
      -0.0007401238686530028,
      -4.096544081871052e-07,
      0.0001310088036097611,
      7.250778454258461e-08,
      -0.005682607268805033,
      -3.1448699911061835e-06
    ],
    [
      2.684721504290009e-09,
      -2.732839245758134e-07,
      1.1670156735495776e-07,
      1.1878668221256908e-05,
      4.182824304375648e-08,
      -4.257792251018505e-06,
      1.821999646403539e-06,
      0.00018548018495646314,
      -9.424106495861857e-09,
      9.593012924037498e-07,
      -4.09654408187105e-07,
      -4.169737314177761e-05,
      -7.250778454258462e-08,
      7.380732746555503e-06,
      -3.1448699911061835e-06,
      -0.0003201488368923717
    ],
    [
      -0.0037689360968978375,
      -2.085944839277811e-06,
      9.860841978107204e-06,
      -5.457555415030134e-09,
      -0.013137637178687519,
      -7.271123048691606e-06,
      1.70277015758042e-05,
      -9.424106495861855e-09,
      0.05833374271676806,
      3.228523022079255e-05,
      -3.7454324147502545e-05,
      2.0729370780032822e-08,
      0.10051364351677364,
      5.563002388803962e-05,
      -0.00013027581008835356,
      7.210210389474326e-08
    ],
    [
      -2.085944839277811e-06,
      -0.0002123357203245987,
      5.457555415030134e-09,
      5.555370119493432e-07,
      -7.271123048691606e-06,
      -0.0007401530782110948,
      9.424106495861857e-09,
      9.593012924037496e-07,
      3.2285230220792544e-05,
      0.0032864280424361124,
      -2.0729370780032812e-08,
      -2.1100899261626397e-06,
      5.563002388803962e-05,
      0.005662774944937622,
      -7.210210389474326e-08,
      -7.339437588234843e-06
    ],
    [
      9.860841978107204e-06,
      5.457555415030133e-09,
      -0.0002123415153244487,
      -1.1751409657952617e-07,
      -1.7027701575804198e-05,
      -9.424106495861855e-09,
      -0.0007401238686530027,
      -4.09654408187105e-07,
      -3.7454324147502545e-05,
      -2.0729370780032822e-08,
      0.0032865177345989954,
      1.8188254985553646e-06,
      0.00013027581008835356,
      7.210210389474326e-08,
      0.0056625514679859105,
      3.134190462832306e-06
    ],
    [
      -5.457555415030134e-09,
      5.555370119493432e-07,
      -1.1751409657952617e-07,
      -1.1962975081574008e-05,
      9.424106495861855e-09,
      -9.593012924037494e-07,
      -4.09654408187105e-07,
      -4.169737314177761e-05,
      2.0729370780032812e-08,
      -2.1100899261626397e-06,
      1.8188254985553646e-06,
      0.0001851570556237431,
      -7.210210389474326e-08,
      7.339437588234843e-06,
      3.134190462832306e-06,
      0.00031901892574393904
    ],
    [
      0.013137637178687522,
      7.271123048691607e-06,
      1.7027701575804204e-05,
      -9.424106495861857e-09,
      -0.10086291240395676,
      -5.582330562111059e-05,
      0.0001310088036097611,
      -7.250778454258464e-08,
      0.10051364351677364,
      5.563002388803962e-05,
      0.00013027581008835356,
      -7.210210389474326e-08,
      0.7750082457837266,
      0.0004289338978235631,
      -0.0010023391531494455,
      5.547519659185844e-07
    ],
    [
      7.271123048691604e-06,
      0.0007401530782110952,
      9.424106495861857e-09,
      9.593012924037498e-07,
      -5.582330562111059e-05,
      -0.0056824521851031,
      7.250778454258464e-08,
      7.380732746555503e-06,
      5.563002388803962e-05,
      0.005662774944937622,
      7.210210389474326e-08,
      7.339437588234843e-06,
      0.0004289338978235631,
      0.0436627021247296,
      -5.547519659185843e-07,
      -5.6469467753032905e-05
    ],
    [
      -1.7027701575804204e-05,
      -9.424106495861857e-09,
      0.0007401238686530028,
      4.096544081871052e-07,
      0.0001310088036097611,
      7.250778454258461e-08,
      -0.005682607268805033,
      -3.1448699911061835e-06,
      -0.00013027581008835356,
      -7.210210389474326e-08,
      0.0056625514679859105,
      3.134190462832306e-06,
      -0.0010023391531494455,
      -5.547519659185844e-07,
      0.043663893753495026,
      2.416448342542084e-05
    ],
    [
      9.424106495861857e-09,
      -9.593012924037498e-07,
      4.09654408187105e-07,
      4.169737314177761e-05,
      -7.250778454258462e-08,
      7.380732746555503e-06,
      -3.1448699911061835e-06,
      -0.0003201488368923717,
      7.210210389474326e-08,
      -7.339437588234843e-06,
      3.134190462832306e-06,
      0.00031901892574393904,
      5.547519659185843e-07,
      -5.6469467753032905e-05,
      2.416448342542084e-05,
      0.002459952648164103
    ]
  ],
  "final_state_imag": [
    [
      0.0,
      0.0,
      0.0,
      0.0,
      0.0,
      0.0,
      0.0,
      0.0,
      0.0,
      0.0,
      0.0,
      0.0,
      0.0,
      0.0,
      0.0,
      0.0
    ],
    [
      0.0,
      0.0,
      0.0,
      0.0,
      0.0,
      0.0,
      0.0,
      0.0,
      0.0,
      0.0,
      0.0,
      0.0,
      0.0,
      0.0,
      0.0,
      0.0
    ],
    [
      0.0,
      0.0,
      0.0,
      0.0,
      0.0,
      0.0,
      0.0,
      0.0,
      0.0,
      0.0,
      0.0,
      0.0,
      0.0,
      0.0,
      0.0,
      0.0
    ],
    [
      0.0,
      0.0,
      0.0,
      0.0,
      0.0,
      0.0,
      0.0,
      0.0,
      0.0,
      0.0,
      0.0,
      0.0,
      0.0,
      0.0,
      0.0,
      0.0
    ],
    [
      0.0,
      0.0,
      0.0,
      0.0,
      0.0,
      0.0,
      0.0,
      0.0,
      0.0,
      0.0,
      0.0,
      0.0,
      0.0,
      0.0,
      0.0,
      0.0
    ],
    [
      0.0,
      0.0,
      0.0,
      0.0,
      0.0,
      0.0,
      0.0,
      0.0,
      0.0,
      0.0,
      0.0,
      0.0,
      0.0,
      0.0,
      0.0,
      0.0
    ],
    [
      0.0,
      0.0,
      0.0,
      0.0,
      0.0,
      0.0,
      0.0,
      0.0,
      0.0,
      0.0,
      0.0,
      0.0,
      0.0,
      0.0,
      0.0,
      0.0
    ],
    [
      0.0,
      0.0,
      0.0,
      0.0,
      0.0,
      0.0,
      0.0,
      0.0,
      0.0,
      0.0,
      0.0,
      0.0,
      0.0,
      0.0,
      0.0,
      0.0
    ],
    [
      0.0,
      0.0,
      0.0,
      0.0,
      0.0,
      0.0,
      0.0,
      0.0,
      0.0,
      0.0,
      0.0,
      0.0,
      0.0,
      0.0,
      0.0,
      0.0
    ],
    [
      0.0,
      0.0,
      0.0,
      0.0,
      0.0,
      0.0,
      0.0,
      0.0,
      0.0,
      0.0,
      0.0,
      0.0,
      0.0,
      0.0,
      0.0,
      0.0
    ],
    [
      0.0,
      0.0,
      0.0,
      0.0,
      0.0,
      0.0,
      0.0,
      0.0,
      0.0,
      0.0,
      0.0,
      0.0,
      0.0,
      0.0,
      0.0,
      0.0
    ],
    [
      0.0,
      0.0,
      0.0,
      0.0,
      0.0,
      0.0,
      0.0,
      0.0,
      0.0,
      0.0,
      0.0,
      0.0,
      0.0,
      0.0,
      0.0,
      0.0
    ],
    [
      0.0,
      0.0,
      0.0,
      0.0,
      0.0,
      0.0,
      0.0,
      0.0,
      0.0,
      0.0,
      0.0,
      0.0,
      0.0,
      0.0,
      0.0,
      0.0
    ],
    [
      0.0,
      0.0,
      0.0,
      0.0,
      0.0,
      0.0,
      0.0,
      0.0,
      0.0,
      0.0,
      0.0,
      0.0,
      0.0,
      0.0,
      0.0,
      0.0
    ],
    [
      0.0,
      0.0,
      0.0,
      0.0,
      0.0,
      0.0,
      0.0,
      0.0,
      0.0,
      0.0,
      0.0,
      0.0,
      0.0,
      0.0,
      0.0,
      0.0
    ],
    [
      0.0,
      0.0,
      0.0,
      0.0,
      0.0,
      0.0,
      0.0,
      0.0,
      0.0,
      0.0,
      0.0,
      0.0,
      0.0,
      0.0,
      0.0,
      0.0
    ]
  ]
}