{
  "config": {
    "symbols": [
      "H",
      "H"
    ],
    "geometry": [
      [
        0.0,
        0.0,
        0.0
      ],
      [
        0.0,
        0.0,
        0.7414
      ]
    ],
    "basis": "STO-3G",
    "ansatz": "RY-CZ",
    "optimizer": {
      "name": "GradientDescent",
      "stepsize": 0.1,
      "iterations_planned": 50
    },
    "seed": 1,
    "noisy": true,
    "depolarizing_prob": 0.1,
    "amplitude_damping_prob": 0.0
  },
  "energies": [
    1.1543244143154932,
    1.1543244143154932,
    1.1543227514330965,
    1.1543208896183725,
    1.154318804868469,
    1.154316470283061,
    1.154313855720755,
    1.1543109274022105,
    1.1543076474680927,
    1.1543039735105323,
    1.1542998579838444,
    1.1542952476232804,
    1.1542900827277232,
    1.1542842964036955,
    1.1542778136911092,
    1.1542705505775301,
    1.1542624129355867,
    1.1542532952720892,
    1.1542430793754335,
    1.1542316327944269,
    1.1542188070856132,
    1.1542044359344463,
    1.1541883329478828,
    1.1541702892767034,
    1.1541500708895398,
    1.1541274155786492,
    1.15410202951247,
    1.1540735834430147,
    1.1540417084855958,
    1.154005991321037,
    1.1539659688221662,
    1.153921122160495,
    1.1538708699953426,
    1.1538145610491073,
    1.1537514656909331,
    1.1536807665577906,
    1.1536015479909192,
    1.1535127843126778,
    1.1534133266927113,
    1.1533018883299204,
    1.153177028108041,
    1.1530371320836548,
    1.1528803929801155,
    1.1527047871780076,
    1.1525080490711597,
    1.1522876424217539,
    1.152040728382799,
    1.151764129901166,
    1.1514542918826098,
    1.1511072370232354,
    1.1507185164984997
  ],
  "final_params": [
    0.06480465226013805,
    -0.09823696657983505,
    -0.020818766446284998,
    0.01620495106687832
  ],
  "final_state_real": [
    [
      0.7562758271669355,
      0.005690022824273233,
      -0.007307668862750978,
      5.4982368622449944e-05,
      -0.03450985069530332,
      -0.00025965118901651203,
      -0.0003335787440201111,
      2.509822189921063e-06,
      0.022753134597137317,
      0.00017118867287674777,
      -0.00022000863523547959,
      1.655328957815625e-06,
      0.001038769540824218,
      7.815674103332244e-06,
      1.0040942854662926e-05,
      -7.554732319168096e-08
    ],
    [
      0.005690022824273233,
      0.05406910014768225,
      -5.4982368622449944e-05,
      -0.0005214990226477007,
      -0.00025965118901651203,
      -0.002467243439891206,
      -2.509822189921063e-06,
      -2.3805264339392592e-05,
      0.00017118867287674788,
      0.0016267100825037423,
      -1.655328957815625e-06,
      -1.5700531921224097e-05,
      7.815674103332244e-06,
      7.426567439499686e-05,
      7.554732319168095e-08,
      7.165543463332169e-07
    ],
    [
      -0.007307668862750978,
      -5.4982368622449944e-05,
      0.05410123556812939,
      0.0004058167544078275,
      0.0003335787440201112,
      2.509822189921063e-06,
      -0.002461268792196008,
      -1.857450633474559e-05,
      -0.00022000863523547959,
      -1.6553289578156245e-06,
      0.0016276769011174055,
      1.2209306318045988e-05,
      -1.0040942854662926e-05,
      -7.554732319168096e-08,
      7.408583351136843e-05,
      5.591050389275122e-07
    ],
    [
      5.4982368622449944e-05,
      -0.0005214990226477007,
      0.0004058167544078275,
      0.0038679077381126533,
      -2.509822189921063e-06,
      2.38052643393926e-05,
      -1.857450633474559e-05,
      -0.00017596567817608692,
      1.6553289578156245e-06,
      -1.5700531921224097e-05,
      1.2209306318045994e-05,
      0.00011636895192626593,
      7.554732319168095e-08,
      -7.165543463332169e-07,
      5.591050389275122e-07,
      5.296684367999098e-06
    ],
    [
      -0.03450985069530332,
      -0.00025965118901651203,
      0.0003335787440201111,
      -2.509822189921063e-06,
      0.05583761294682617,
      0.00042010769180679444,
      -0.0005044043477368588,
      3.795101598458879e-06,
      -0.001038769540824218,
      -7.815674103332244e-06,
      1.0040942854662926e-05,
      -7.554732319168096e-08,
      0.0015705117775571416,
      1.1816122556192101e-05,
      -1.624375205175837e-05,
      1.2221680810879557e-07
    ],
    [
      -0.00025965118901651203,
      -0.002467243439891206,
      2.509822189921063e-06,
      2.3805264339392592e-05,
      0.00042010769180679444,
      0.003992048109932579,
      -3.795101598458879e-06,
      -3.599593513395719e-05,
      -7.815674103332244e-06,
      -7.426567439499686e-05,
      7.554732319168095e-08,
      7.165543463332169e-07,
      1.1816122556192103e-05,
      0.00011228199491970237,
      -1.2221680810879557e-07,
      -1.1592069890170996e-06
    ],
    [
      -0.0003335787440201112,
      -2.509822189921063e-06,
      -0.002461268792196008,
      -1.857450633474559e-05,
      -0.0005044043477368588,
      -3.795101598458879e-06,
      0.0039944207431761025,
      2.9962400021228878e-05,
      -1.0040942854662927e-05,
      -7.554732319168098e-08,
      -7.408583351136844e-05,
      -5.591050389275124e-07,
      -1.624375205175837e-05,
      -1.2221680810879554e-07,
      0.00011234872858283953,
      8.42734845453185e-07
    ],
    [
      2.509822189921063e-06,
      -2.38052643393926e-05,
      -1.857450633474559e-05,
      -0.00017596567817608692,
      3.795101598458879e-06,
      -3.599593513395719e-05,
      2.9962400021228878e-05,
      0.0002855766737961536,
      7.554732319168096e-08,
      -7.165543463332171e-07,
      -5.591050389275124e-07,
      -5.296684367999099e-06,
      1.2221680810879554e-07,
      -1.1592069890170996e-06,
      8.427348454531853e-07,
      8.032247546462243e-06
    ],
    [
      0.022753134597137317,
      0.00017118867287674777,
      -0.00022000863523547959,
      1.655328957815625e-06,
      -0.001038769540824218,
      -7.815674103332244e-06,
      -1.0040942854662926e-05,
      7.554732319168096e-08,
      0.05481016686007771,
      0.0004123774544062298,
      -0.0005296143752551329,
      3.9847800105523956e-06,
      -0.0024289139776555832,
      -1.8275083479365226e-05,
      -2.3478341913241376e-05,
      1.766493356448825e-07
    ],
    [
      0.00017118867287674788,
      0.0016267100825037423,
      -1.655328957815625e-06,
      -1.5700531921224097e-05,
      -7.815674103332244e-06,
      -7.426567439499686e-05,
      -7.554732319168095e-08,
      -7.165543463332169e-07,
      0.0004123774544062298,
      0.003918591993307971,
      -3.9847800105523956e-06,
      -3.779500470848527e-05,
      -1.8275083479365226e-05,
      -0.00017365250665214797,
      -1.766493356448825e-07,
      -1.6754908564007768e-06
    ],
    [
      -0.00022000863523547959,
      -1.6553289578156245e-06,
      0.0016276769011174055,
      1.2209306318045988e-05,
      1.0040942854662926e-05,
      7.554732319168096e-08,
      -7.408583351136843e-05,
      -5.591050389275122e-07,
      -0.0005296143752551329,
      -3.9847800105523956e-06,
      0.003920920968654736,
      2.941107361190119e-05,
      2.347834191324138e-05,
      1.766493356448825e-07,
      -0.0001732319917844783,
      -1.3073333310785926e-06
    ],
    [
      1.6553289578156245e-06,
      -1.5700531921224097e-05,
      1.2209306318045994e-05,
      0.00011636895192626593,
      -7.554732319168095e-08,
      7.165543463332169e-07,
      -5.591050389275122e-07,
      -5.296684367999098e-06,
      3.9847800105523956e-06,
      -3.779500470848527e-05,
      2.941107361190119e-05,
      0.00028032188906461575,
      -1.766493356448825e-07,
      1.675490856400777e-06,
      -1.3073333310785926e-06,
      -1.2385028816357933e-05
    ],
    [
      0.001038769540824218,
      7.815674103332244e-06,
      -1.0040942854662926e-05,
      7.554732319168096e-08,
      0.0015705117775571416,
      1.1816122556192101e-05,
      -1.624375205175837e-05,
      1.2221680810879557e-07,
      -0.0024289139776555832,
      -1.8275083479365226e-05,
      2.3478341913241376e-05,
      -1.766493356448825e-07,
      0.004046762798367785,
      3.0446791844967776e-05,
      -3.6556089023725214e-05,
      2.7504535301848797e-07
    ],
    [
      7.815674103332244e-06,
      7.426567439499686e-05,
      -7.554732319168095e-08,
      -7.165543463332169e-07,
      1.1816122556192103e-05,
      0.00011228199491970237,
      -1.2221680810879557e-07,
      -1.1592069890170996e-06,
      -1.8275083479365226e-05,
      -0.00017365250665214797,
      1.766493356448825e-07,
      1.6754908564007768e-06,
      3.0446791844967776e-05,
      0.00028931881088745294,
      -2.7504535301848797e-07,
      -2.608761433467361e-06
    ],
    [
      1.0040942854662927e-05,
      7.554732319168098e-08,
      7.408583351136844e-05,
      5.591050389275124e-07,
      -1.624375205175837e-05,
      -1.2221680810879554e-07,
      0.00011234872858283953,
      8.42734845453185e-07,
      -2.347834191324138e-05,
      -1.766493356448825e-07,
      -0.0001732319917844783,
      -1.3073333310785926e-06,
      -3.6556089023725214e-05,
      -2.7504535301848797e-07,
      0.0002894907645838475,
      2.1714883455205994e-06
    ],
    [
      -7.554732319168096e-08,
      7.165543463332171e-07,
      5.591050389275124e-07,
      5.296684367999099e-06,
      1.2221680810879554e-07,
      -1.1592069890170996e-06,
      8.427348454531853e-07,
      8.032247546462243e-06,
      1.766493356448825e-07,
      -1.675490856400777e-06,
      -1.3073333310785926e-06,
      -1.2385028816357933e-05,
      2.7504535301848797e-07,
      -2.608761433467361e-06,
      2.1714883455205994e-06,
      2.0696820630574148e-05
    ]
  ],
  "final_state_imag": [
    [
      0.0,
      0.0,
      0.0,
      0.0,
      0.0,
      0.0,
      0.0,
      0.0,
      0.0,
      0.0,
      0.0,
      0.0,
      0.0,
      0.0,
      0.0,
      0.0
    ],
    [
      0.0,
      0.0,
      0.0,
      0.0,
      0.0,
      0.0,
      0.0,
      0.0,
      0.0,
      0.0,
      0.0,
      0.0,
      0.0,
      0.0,
      0.0,
      0.0
    ],
    [
      0.0,
      0.0,
      0.0,
      0.0,
      0.0,
      0.0,
      0.0,
      0.0,
      0.0,
      0.0,
      0.0,
      0.0,
      0.0,
      0.0,
      0.0,
      0.0
    ],
    [
      0.0,
      0.0,
      0.0,
      0.0,
      0.0,
      0.0,
      0.0,
      0.0,
      0.0,
      0.0,
      0.0,
      0.0,
      0.0,
      0.0,
      0.0,
      0.0
    ],
    [
      0.0,
      0.0,
      0.0,
      0.0,
      0.0,
      0.0,
      0.0,
      0.0,
      0.0,
      0.0,
      0.0,
      0.0,
      0.0,
      0.0,
      0.0,
      0.0
    ],
    [
      0.0,
      0.0,
      0.0,
      0.0,
      0.0,
      0.0,
      0.0,
      0.0,
      0.0,
      0.0,
      0.0,
      0.0,
      0.0,
      0.0,
      0.0,
      0.0
    ],
    [
      0.0,
      0.0,
      0.0,
      0.0,
      0.0,
      0.0,
      0.0,
      0.0,
      0.0,
      0.0,
      0.0,
      0.0,
      0.0,
      0.0,
      0.0,
      0.0
    ],
    [
      0.0,
      0.0,
      0.0,
      0.0,
      0.0,
      0.0,
      0.0,
      0.0,
      0.0,
      0.0,
      0.0,
      0.0,
      0.0,
      0.0,
      0.0,
      0.0
    ],
    [
      0.0,
      0.0,
      0.0,
      0.0,
      0.0,
      0.0,
      0.0,
      0.0,
      0.0,
      0.0,
      0.0,
      0.0,
      0.0,
      0.0,
      0.0,
      0.0
    ],
    [
      0.0,
      0.0,
      0.0,
      0.0,
      0.0,
      0.0,
      0.0,
      0.0,
      0.0,
      0.0,
      0.0,
      0.0,
      0.0,
      0.0,
      0.0,
      0.0
    ],
    [
      0.0,
      0.0,
      0.0,
      0.0,
      0.0,
      0.0,
      0.0,
      0.0,
      0.0,
      0.0,
      0.0,
      0.0,
      0.0,
      0.0,
      0.0,
      0.0
    ],
    [
      0.0,
      0.0,
      0.0,
      0.0,
      0.0,
      0.0,
      0.0,
      0.0,
      0.0,
      0.0,
      0.0,
      0.0,
      0.0,
      0.0,
      0.0,
      0.0
    ],
    [
      0.0,
      0.0,
      0.0,
      0.0,
      0.0,
      0.0,
      0.0,
      0.0,
      0.0,
      0.0,
      0.0,
      0.0,
      0.0,
      0.0,
      0.0,
      0.0
    ],
    [
      0.0,
      0.0,
      0.0,
      0.0,
      0.0,
      0.0,
      0.0,
      0.0,
      0.0,
      0.0,
      0.0,
      0.0,
      0.0,
      0.0,
      0.0,
      0.0
    ],
    [
      0.0,
      0.0,
      0.0,
      0.0,
      0.0,
      0.0,
      0.0,
      0.0,
      0.0,
      0.0,
      0.0,
      0.0,
      0.0,
      0.0,
      0.0,
      0.0
    ],
    [
      0.0,
      0.0,
      0.0,
      0.0,
      0.0,
      0.0,
      0.0,
      0.0,
      0.0,
      0.0,
      0.0,
      0.0,
      0.0,
      0.0,
      0.0,
      0.0
    ]
  ]
}