{
  "config": {
    "symbols": [
      "H",
      "H"
    ],
    "geometry": [
      [
        0.0,
        0.0,
        0.0
      ],
      [
        0.0,
        0.0,
        0.7414
      ]
    ],
    "basis": "STO-3G",
    "ansatz": "RY-CZ",
    "optimizer": {
      "name": "Adam",
      "stepsize": 0.1,
      "iterations_planned": 50
    },
    "seed": 1,
    "noisy": true,
    "depolarizing_prob": 0.1,
    "amplitude_damping_prob": 0.0
  },
  "energies": [
    1.1543228462855968,
    1.1543228462855968,
    1.1482232030221704,
    1.1355653782163957,
    1.1139422289530545,
    1.0829695914436448,
    1.0424559974623115,
    0.992652786629429,
    0.9339373147726944,
    0.8665871461507996,
    0.7913692449109768,
    0.7093104612484142,
    0.6212315038426982,
    0.5284716235027942,
    0.4324657592998904,
    0.33443489499194695,
    0.2361009677635573,
    0.13881012207365837,
    0.04401458353631646,
    -0.04687092291003933,
    -0.13283153135156595,
    -0.21272793974320287,
    -0.28594075770272626,
    -0.35186171161235336,
    -0.4102302538180668,
    -0.4610005342252548,
    -0.5042196882727088,
    -0.5402974650094392,
    -0.5695172233082217,
    -0.5925272428602816,
    -0.6098309204055508,
    -0.6221392578513699,
    -0.6300732825739371,
    -0.6343380316201347,
    -0.6356165550173879,
    -0.6345298261882729,
    -0.6317365407452447,
    -0.627767019106089,
    -0.6231872009667783,
    -0.6183950773477667,
    -0.6138050257859432,
    -0.6096880249454067,
    -0.606283917329041,
    -0.6037242334538993,
    -0.6020850759262579,
    -0.6013875909326893,
    -0.601581511267204,
    -0.6025983122358805,
    -0.6043087370570518,
    -0.6065973534961989,
    -0.6093050910834769
  ],
  "final_params": [
    -3.416627997841063,
    -3.415574221430405,
    -0.0011923596630767537,
    0.0004649934641368595
  ],
  "final_state_real": [
    [
      0.005985377721804584,
      1.2921820874457856e-06,
      1.9208658700096767e-06,
      -4.146954010551934e-10,
      -0.004889603513686311,
      -1.055615703869312e-06,
      -2.7068631533783327e-06,
      5.843842188658906e-10,
      -0.00492257630770686,
      -1.0627340870620982e-06,
      -4.7008051211812415e-06,
      1.0148560060576964e-09,
      -0.012019630138947588,
      -2.594915987330902e-06,
      -6.654014757900923e-06,
      1.4365340973240363e-09
    ],
    [
      1.2921820874457856e-06,
      0.00042752730201630745,
      4.146954010551934e-10,
      1.3720460169859429e-07,
      -1.0556157038693122e-06,
      -0.00034925765679254413,
      -5.843842188658906e-10,
      -1.9334722252626837e-07,
      -1.0627340870620984e-06,
      -0.00035161285813868317,
      -1.0148560060576964e-09,
      -3.357715415658539e-07,
      -2.594915987330902e-06,
      -0.0008585456563280751,
      -1.4365340973240363e-09,
      -4.7528641057574986e-07
    ],
    [
      1.920865870009676e-06,
      4.146954010551936e-10,
      0.00042752909666061094,
      9.229826359423252e-08,
      2.7068631533783314e-06,
      5.843842188658904e-10,
      -0.0003492556647875986,
      -7.540149498867944e-08,
      -4.7008051211812415e-06,
      -1.0148560060576964e-09,
      -0.0003516143341146265,
      -7.590920184640695e-08,
      6.654014757900923e-06,
      1.4365340973240363e-09,
      -0.000858540759578755,
      -1.8535205955878658e-07
    ],
    [
      -4.146954010551936e-10,
      1.3720460169859423e-07,
      9.229826359423252e-08,
      3.0537815610686644e-05,
      -5.843842188658904e-10,
      1.933472225262683e-07,
      -7.540149498867945e-08,
      -2.4946851981721756e-05,
      1.0148560060576964e-09,
      -3.357715415658539e-07,
      -7.590920184640695e-08,
      -2.511532848907053e-05,
      -1.4365340973240363e-09,
      4.7528641057574986e-07,
      -1.8535205955878658e-07,
      -6.132438614134305e-05
    ],
    [
      -0.004889603513686311,
      -1.055615703869312e-06,
      2.706863153378334e-06,
      -5.843842188658906e-10,
      0.0662760840934714,
      1.430833151592874e-05,
      3.6590676526160146e-05,
      -7.899554838162851e-09,
      0.012019630138947588,
      2.5949159873309027e-06,
      -6.654014757900925e-06,
      1.4365340973240367e-09,
      -0.09377041893598437,
      -2.0244078371186556e-05,
      -5.2052012420779414e-05,
      1.1237499975183748e-08
    ],
    [
      -1.0556157038693125e-06,
      -0.00034925765679254413,
      5.843842188658906e-10,
      1.9334722252626843e-07,
      1.430833151592874e-05,
      0.004734009570935621,
      7.899554838162851e-09,
      2.613617784061422e-06,
      2.5949159873309027e-06,
      0.0008585456563280751,
      -1.4365340973240367e-09,
      -4.7528641057575e-07,
      -2.0244078371186556e-05,
      -0.00669789210973194,
      -1.1237499975183748e-08,
      -3.7179980878973837e-06
    ],
    [
      -2.7068631533783323e-06,
      -5.843842188658904e-10,
      -0.0003492556647875986,
      -7.540149498867944e-08,
      3.659067652616013e-05,
      7.899554838162851e-09,
      0.004734029443030966,
      1.0220186200393088e-06,
      6.654014757900925e-06,
      1.4365340973240367e-09,
      0.000858540759578755,
      1.853520595587866e-07,
      -5.2052012420779414e-05,
      -1.1237499975183748e-08,
      -0.006697920225676496,
      -1.4459984392907567e-06
    ],
    [
      5.843842188658904e-10,
      -1.9334722252626835e-07,
      -7.540149498867947e-08,
      -2.4946851981721756e-05,
      -7.899554838162851e-09,
      2.6136177840614205e-06,
      1.0220186200393088e-06,
      0.0003381452148076929,
      -1.4365340973240367e-09,
      4.7528641057575e-07,
      1.853520595587866e-07,
      6.132438614134305e-05,
      1.1237499975183748e-08,
      -3.7179980878973837e-06,
      -1.4459984392907567e-06,
      -0.0004784232334698125
    ],
    [
      -0.00492257630770686,
      -1.0627340870620982e-06,
      -4.7008051211812415e-06,
      1.0148560060576964e-09,
      0.012019630138947588,
      2.594915987330902e-06,
      6.654014757900923e-06,
      -1.4365340973240363e-09,
      0.06616825609847496,
      1.4285052550066303e-05,
      2.1235141828158432e-05,
      -4.584451103214047e-09,
      -0.09340560588321284,
      -2.016532099663264e-05,
      -5.170893553568152e-05,
      1.1163433165689274e-08
    ],
    [
      -1.0627340870620984e-06,
      -0.00035161285813868317,
      -1.0148560060576964e-09,
      -3.357715415658539e-07,
      2.594915987330902e-06,
      0.0008585456563280751,
      1.4365340973240363e-09,
      4.7528641057574986e-07,
      1.4285052550066303e-05,
      0.004726307565494139,
      4.584451103214047e-09,
      1.5167947028654107e-06,
      -2.0165320996632643e-05,
      -0.006671834014914707,
      -1.1163433165689274e-08,
      -3.6934926145549823e-06
    ],
    [
      -4.7008051211812415e-06,
      -1.0148560060576964e-09,
      -0.0003516143341146265,
      -7.590920184640695e-08,
      -6.654014757900923e-06,
      -1.4365340973240363e-09,
      0.000858540759578755,
      1.8535205955878658e-07,
      2.123514182815842e-05,
      4.584451103214047e-09,
      0.0047263274052585435,
      1.02035584499526e-06,
      5.170893553568151e-05,
      1.1163433165689272e-08,
      -0.00667179596184387,
      -1.4403872019897013e-06
    ],
    [
      1.0148560060576964e-09,
      -3.357715415658539e-07,
      -7.590920184640695e-08,
      -2.511532848907053e-05,
      1.4365340973240363e-09,
      -4.7528641057574986e-07,
      1.8535205955878658e-07,
      6.132438614134305e-05,
      -4.584451103214047e-09,
      1.5167947028654098e-06,
      1.02035584499526e-06,
      0.0003375950688383123,
      -1.1163433165689272e-08,
      3.693492614554982e-06,
      -1.4403872019897022e-06,
      -0.0004765572132196892
    ],
    [
      -0.012019630138947588,
      -2.5949159873309027e-06,
      6.654014757900925e-06,
      -1.4365340973240367e-09,
      -0.09377041893598437,
      -2.0244078371186556e-05,
      -5.2052012420779414e-05,
      1.1237499975183748e-08,
      -0.09340560588321284,
      -2.016532099663264e-05,
      5.170893553568152e-05,
      -1.1163433165689274e-08,
      0.7326810619695846,
      0.00015817837872434323,
      0.0004045093505760316,
      -8.732945386075196e-08
    ],
    [
      -2.5949159873309027e-06,
      -0.0008585456563280751,
      1.4365340973240367e-09,
      4.7528641057575e-07,
      -2.0244078371186556e-05,
      -0.00669789210973194,
      -1.1237499975183748e-08,
      -3.7179980878973837e-06,
      -2.0165320996632643e-05,
      -0.006671834014914707,
      1.1163433165689274e-08,
      3.6934926145549823e-06,
      0.00015817837872434323,
      0.052334400972083944,
      8.732945386075196e-08,
      2.8893503287068064e-05
    ],
    [
      -6.654014757900925e-06,
      -1.4365340973240367e-09,
      -0.000858540759578755,
      -1.853520595587866e-07,
      -5.2052012420779414e-05,
      -1.1237499975183748e-08,
      -0.006697920225676496,
      -1.4459984392907567e-06,
      -5.170893553568151e-05,
      -1.1163433165689272e-08,
      -0.00667179596184387,
      -1.4403872019897013e-06,
      0.00040450935057603153,
      8.732945386075193e-08,
      0.05233462065778387,
      1.1298399688596758e-05
    ],
    [
      1.4365340973240367e-09,
      -4.7528641057575e-07,
      -1.853520595587866e-07,
      -6.132438614134305e-05,
      1.1237499975183748e-08,
      -3.7179980878973837e-06,
      -1.4459984392907567e-06,
      -0.0004784232334698125,
      1.1163433165689272e-08,
      -3.693492614554982e-06,
      -1.4403872019897022e-06,
      -0.0004765572132196892,
      -8.732945386075196e-08,
      2.889350328706806e-05,
      1.1298399688596758e-05,
      0.0037381900043433453
    ]
  ],
  "final_state_imag": [
    [
      0.0,
      0.0,
      0.0,
      0.0,
      0.0,
      0.0,
      0.0,
      0.0,
      0.0,
      0.0,
      0.0,
      0.0,
      0.0,
      0.0,
      0.0,
      0.0
    ],
    [
      0.0,
      0.0,
      0.0,
      0.0,
      0.0,
      0.0,
      0.0,
      0.0,
      0.0,
      0.0,
      0.0,
      0.0,
      0.0,
      0.0,
      0.0,
      0.0
    ],
    [
      0.0,
      0.0,
      0.0,
      0.0,
      0.0,
      0.0,
      0.0,
      0.0,
      0.0,
      0.0,
      0.0,
      0.0,
      0.0,
      0.0,
      0.0,
      0.0
    ],
    [
      0.0,
      0.0,
      0.0,
      0.0,
      0.0,
      0.0,
      0.0,
      0.0,
      0.0,
      0.0,
      0.0,
      0.0,
      0.0,
      0.0,
      0.0,
      0.0
    ],
    [
      0.0,
      0.0,
      0.0,
      0.0,
      0.0,
      0.0,
      0.0,
      0.0,
      0.0,
      0.0,
      0.0,
      0.0,
      0.0,
      0.0,
      0.0,
      0.0
    ],
    [
      0.0,
      0.0,
      0.0,
      0.0,
      0.0,
      0.0,
      0.0,
      0.0,
      0.0,
      0.0,
      0.0,
      0.0,
      0.0,
      0.0,
      0.0,
      0.0
    ],
    [
      0.0,
      0.0,
      0.0,
      0.0,
      0.0,
      0.0,
      0.0,
      0.0,
      0.0,
      0.0,
      0.0,
      0.0,
      0.0,
      0.0,
      0.0,
      0.0
    ],
    [
      0.0,
      0.0,
      0.0,
      0.0,
      0.0,
      0.0,
      0.0,
      0.0,
      0.0,
      0.0,
      0.0,
      0.0,
      0.0,
      0.0,
      0.0,
      0.0
    ],
    [
      0.0,
      0.0,
      0.0,
      0.0,
      0.0,
      0.0,
      0.0,
      0.0,
      0.0,
      0.0,
      0.0,
      0.0,
      0.0,
      0.0,
      0.0,
      0.0
    ],
    [
      0.0,
      0.0,
      0.0,
      0.0,
      0.0,
      0.0,
      0.0,
      0.0,
      0.0,
      0.0,
      0.0,
      0.0,
      0.0,
      0.0,
      0.0,
      0.0
    ],
    [
      0.0,
      0.0,
      0.0,
      0.0,
      0.0,
      0.0,
      0.0,
      0.0,
      0.0,
      0.0,
      0.0,
      0.0,
      0.0,
      0.0,
      0.0,
      0.0
    ],
    [
      0.0,
      0.0,
      0.0,
      0.0,
      0.0,
      0.0,
      0.0,
      0.0,
      0.0,
      0.0,
      0.0,
      0.0,
      0.0,
      0.0,
      0.0,
      0.0
    ],
    [
      0.0,
      0.0,
      0.0,
      0.0,
      0.0,
      0.0,
      0.0,
      0.0,
      0.0,
      0.0,
      0.0,
      0.0,
      0.0,
      0.0,
      0.0,
      0.0
    ],
    [
      0.0,
      0.0,
      0.0,
      0.0,
      0.0,
      0.0,
      0.0,
      0.0,
      0.0,
      0.0,
      0.0,
      0.0,
      0.0,
      0.0,
      0.0,
      0.0
    ],
    [
      0.0,
      0.0,
      0.0,
      0.0,
      0.0,
      0.0,
      0.0,
      0.0,
      0.0,
      0.0,
      0.0,
      0.0,
      0.0,
      0.0,
      0.0,
      0.0
    ],
    [
      0.0,
      0.0,
      0.0,
      0.0,
      0.0,
      0.0,
      0.0,
      0.0,
      0.0,
      0.0,
      0.0,
      0.0,
      0.0,
      0.0,
      0.0,
      0.0
    ]
  ]
}