{
  "config": {
    "symbols": [
      "H",
      "H"
    ],
    "geometry": [
      [
        0.0,
        0.0,
        0.0
      ],
      [
        0.0,
        0.0,
        0.7414
      ]
    ],
    "basis": "STO-3G",
    "ansatz": "RY-CZ",
    "optimizer": {
      "name": "Nesterov",
      "stepsize": 0.1,
      "iterations_planned": 50
    },
    "seed": 0,
    "noisy": true,
    "depolarizing_prob": 0.04,
    "amplitude_damping_prob": 0.0
  },
  "energies": [
    1.266650532979371,
    1.266650532979371,
    1.2666500485781016,
    1.2666491958281103,
    1.2666477840773704,
    1.2666454912898675,
    1.266641786593251,
    1.2666358022394064,
    1.2666261242404897,
    1.2666104510981435,
    1.2665850385011812,
    1.2665437960166321,
    1.2664768181244954,
    1.2663679960377185,
    1.2661911363149623,
    1.2659036557252656,
    1.265436347442314,
    1.2646767918136654,
    1.2634425228475787,
    1.2614377755867499,
    1.2581841697174994,
    1.2529106724919004,
    1.2443816893846238,
    1.2306357149302667,
    1.2086067652964776,
    1.1736243205609092,
    1.1188762967528652,
    1.035152092320064,
    0.9116437757715301,
    0.7391504962289583,
    0.5167977360433862,
    0.26032685230561736,
    0.003901254288219469,
    -0.213342500756847,
    -0.3695206426201182,
    -0.46948154643318213,
    -0.5334220762019408,
    -0.5796580242570257,
    -0.6163020643079936,
    -0.6430820703344456,
    -0.657440066364466,
    -0.6594114543371218,
    -0.6528769271823432,
    -0.6438693965801502,
    -0.6380382474639414,
    -0.6389037095583474,
    -0.6473739099208049,
    -0.6622232614443759,
    -0.6810209490679026,
    -0.7010783220753205,
    -0.7201411468209244
  ],
  "final_params": [
    3.3991219977103824,
    3.680852131649404,
    -0.003817021523646987,
    0.003955396451563707
  ],
  "final_state_real": [
    [
      0.003758316625606983,
      7.229184532160237e-06,
      -3.2926037331663127e-06,
      6.333380659899664e-09,
      0.0023435823953090362,
      4.507921511823794e-06,
      4.350215849434768e-06,
      -8.367715996210793e-09,
      -0.0050582004736907955,
      -9.72953273170948e-06,
      1.9893487355412595e-05,
      -3.8265469605590275e-08,
      -0.027759439844079702,
      -5.3395765508301774e-05,
      -5.152776169630794e-05,
      9.911454758070375e-08
    ],
    [
      7.229184532160237e-06,
      0.00010298226765394898,
      -6.333380659899664e-09,
      -9.019545275939243e-08,
      4.507921511823797e-06,
      6.421689643134298e-05,
      8.367715996210796e-09,
      1.1916699364351803e-07,
      -9.72953273170948e-06,
      -0.00013860060418534553,
      3.8265469605590275e-08,
      5.449492998233367e-07,
      -5.3395765508301774e-05,
      -0.0007606410924691626,
      -9.911454758070375e-08,
      -1.4115181092281838e-06
    ],
    [
      -3.2926037331663114e-06,
      -6.333380659899663e-09,
      0.00010298125788289289,
      1.980335382165259e-07,
      -4.350215849434768e-06,
      -8.367715996210793e-09,
      6.419920694794104e-05,
      1.2352110638096956e-07,
      1.9893487355412595e-05,
      3.8265469605590275e-08,
      -0.00013859924516615077,
      -2.665271281266031e-07,
      5.152776169630794e-05,
      9.911454758070375e-08,
      -0.0007604315627545888,
      -1.4630920290748074e-06
    ],
    [
      6.333380659899663e-09,
      -9.01954527593924e-08,
      1.980335382165259e-07,
      2.821806813821503e-06,
      8.367715996210796e-09,
      -1.1916699364351803e-07,
      1.235211063809696e-07,
      1.7591332960182308e-06,
      -3.8265469605590275e-08,
      5.449492998233367e-07,
      -2.665271281266031e-07,
      -3.7977812899227578e-06,
      -9.911454758070375e-08,
      1.4115181092281838e-06,
      -1.4630920290748074e-06,
      -2.0836713488836567e-05
    ],
    [
      0.0023435823953090354,
      4.507921511823792e-06,
      -4.3502158494347664e-06,
      8.36771599621079e-09,
      0.03629288884522456,
      6.980997526384166e-05,
      6.708640897041645e-05,
      -1.290418767480312e-07,
      0.027759439844079702,
      5.3395765508301774e-05,
      -5.152776169630794e-05,
      9.911454758070375e-08,
      0.10306023230619793,
      0.00019823807078747128,
      0.0001921051889068197,
      -3.6951767861807474e-07
    ],
    [
      4.507921511823796e-06,
      6.421689643134296e-05,
      -8.367715996210791e-09,
      -1.19166993643518e-07,
      6.980997526384166e-05,
      0.0009944675676148787,
      1.290418767480312e-07,
      1.837721609235277e-06,
      5.3395765508301774e-05,
      0.0007606410924691626,
      -9.911454758070375e-08,
      -1.4115181092281838e-06,
      0.00019823807078747128,
      0.0028239708053125873,
      3.695176786180747e-07,
      5.262405043262461e-06
    ],
    [
      4.3502158494347664e-06,
      8.36771599621079e-09,
      6.419920694794102e-05,
      1.2352110638096956e-07,
      6.708640897041647e-05,
      1.290418767480312e-07,
      0.0009944578165714333,
      1.9123479754604615e-06,
      5.152776169630794e-05,
      9.911454758070375e-08,
      0.0007604315627545888,
      1.4630920290748074e-06,
      0.0001921051889068197,
      3.6951767861807474e-07,
      0.0028239431154583306,
      5.430458496752465e-06
    ],
    [
      -8.367715996210791e-09,
      1.19166993643518e-07,
      1.2352110638096956e-07,
      1.75913329601823e-06,
      -1.290418767480312e-07,
      1.8377216092352775e-06,
      1.9123479754604615e-06,
      2.7249306335434466e-05,
      -9.911454758070375e-08,
      1.4115181092281838e-06,
      1.4630920290748074e-06,
      2.0836713488836567e-05,
      -3.695176786180747e-07,
      5.262405043262461e-06,
      5.430458496752465e-06,
      7.737934153131348e-05
    ],
    [
      -0.0050582004736907955,
      -9.72953273170948e-06,
      1.9893487355412595e-05,
      -3.8265469605590275e-08,
      0.027759439844079702,
      5.3395765508301774e-05,
      5.152776169630794e-05,
      -9.911454758070375e-08,
      0.08514086762437986,
      0.000163769874813425,
      -7.459061237017966e-05,
      1.4347634276083313e-07,
      0.22032783954139992,
      0.00042380443269687855,
      0.0004089780080116744,
      -7.866763255396555e-07
    ],
    [
      -9.72953273170948e-06,
      -0.00013860060418534553,
      3.8265469605590275e-08,
      5.449492998233367e-07,
      5.3395765508301774e-05,
      0.0007606410924691626,
      9.911454758070375e-08,
      1.4115181092281838e-06,
      0.000163769874813425,
      0.0023329592717769645,
      -1.4347634276083313e-07,
      -2.0432868937614324e-06,
      0.00042380443269687866,
      0.006037240286960726,
      7.866763255396556e-07,
      1.1203278496490769e-05
    ],
    [
      1.9893487355412595e-05,
      3.8265469605590275e-08,
      -0.00013859924516615077,
      -2.665271281266031e-07,
      -5.152776169630794e-05,
      -9.911454758070375e-08,
      0.0007604315627545888,
      1.4630920290748074e-06,
      -7.459061237017966e-05,
      -1.4347634276083305e-07,
      0.0023329363964334575,
      4.486249813972958e-06,
      -0.0004089780080116744,
      -7.866763255396555e-07,
      0.006035577240818903,
      1.1612622863679484e-05
    ],
    [
      -3.8265469605590275e-08,
      5.449492998233367e-07,
      -2.665271281266031e-07,
      -3.7977812899227578e-06,
      9.911454758070375e-08,
      -1.4115181092281838e-06,
      1.4630920290748074e-06,
      2.0836713488836567e-05,
      1.4347634276083305e-07,
      -2.0432868937614324e-06,
      4.486249813972958e-06,
      6.392518362083133e-05,
      7.866763255396556e-07,
      -1.1203278496490769e-05,
      1.1612622863679487e-05,
      0.0001653818698044663
    ],
    [
      -0.027759439844079702,
      -5.3395765508301774e-05,
      5.152776169630794e-05,
      -9.911454758070375e-08,
      0.10306023230619793,
      0.00019823807078747128,
      0.0001921051889068197,
      -3.6951767861807474e-07,
      0.22032783954139992,
      0.00042380443269687855,
      -0.0004089780080116744,
      7.866763255396555e-07,
      0.8221787445539,
      0.0015814744884194135,
      0.0015197748445749326,
      -2.9233133981709886e-06
    ],
    [
      -5.3395765508301774e-05,
      -0.0007606410924691626,
      9.911454758070375e-08,
      1.4115181092281838e-06,
      0.00019823807078747128,
      0.0028239708053125873,
      3.695176786180747e-07,
      5.262405043262461e-06,
      0.00042380443269687866,
      0.006037240286960726,
      -7.866763255396556e-07,
      -1.1203278496490769e-05,
      0.0015814744884194135,
      0.02252865843025213,
      2.9233133981709886e-06,
      4.163172713983174e-05
    ],
    [
      -5.152776169630794e-05,
      -9.911454758070375e-08,
      -0.0007604315627545888,
      -1.4630920290748074e-06,
      0.0001921051889068197,
      3.6951767861807474e-07,
      0.0028239431154583306,
      5.430458496752465e-06,
      0.0004089780080116744,
      7.866763255396555e-07,
      0.006035577240818903,
      1.1612622863679484e-05,
      0.0015197748445749328,
      2.923313398170989e-06,
      0.02252843753021046,
      4.332231210140102e-05
    ],
    [
      9.911454758070375e-08,
      -1.4115181092281838e-06,
      -1.4630920290748074e-06,
      -2.0836713488836567e-05,
      -3.695176786180747e-07,
      5.262405043262461e-06,
      5.430458496752465e-06,
      7.737934153131348e-05,
      -7.866763255396556e-07,
      1.1203278496490769e-05,
      1.1612622863679487e-05,
      0.0001653818698044663,
      -2.923313398170989e-06,
      4.163172713983175e-05,
      4.332231210140102e-05,
      0.0006173055159200987
    ]
  ],
  "final_state_imag": [
    [
      0.0,
      0.0,
      0.0,
      0.0,
      0.0,
      0.0,
      0.0,
      0.0,
      0.0,
      0.0,
      0.0,
      0.0,
      0.0,
      0.0,
      0.0,
      0.0
    ],
    [
      0.0,
      0.0,
      0.0,
      0.0,
      0.0,
      0.0,
      0.0,
      0.0,
      0.0,
      0.0,
      0.0,
      0.0,
      0.0,
      0.0,
      0.0,
      0.0
    ],
    [
      0.0,
      0.0,
      0.0,
      0.0,
      0.0,
      0.0,
      0.0,
      0.0,
      0.0,
      0.0,
      0.0,
      0.0,
      0.0,
      0.0,
      0.0,
      0.0
    ],
    [
      0.0,
      0.0,
      0.0,
      0.0,
      0.0,
      0.0,
      0.0,
      0.0,
      0.0,
      0.0,
      0.0,
      0.0,
      0.0,
      0.0,
      0.0,
      0.0
    ],
    [
      0.0,
      0.0,
      0.0,
      0.0,
      0.0,
      0.0,
      0.0,
      0.0,
      0.0,
      0.0,
      0.0,
      0.0,
      0.0,
      0.0,
      0.0,
      0.0
    ],
    [
      0.0,
      0.0,
      0.0,
      0.0,
      0.0,
      0.0,
      0.0,
      0.0,
      0.0,
      0.0,
      0.0,
      0.0,
      0.0,
      0.0,
      0.0,
      0.0
    ],
    [
      0.0,
      0.0,
      0.0,
      0.0,
      0.0,
      0.0,
      0.0,
      0.0,
      0.0,
      0.0,
      0.0,
      0.0,
      0.0,
      0.0,
      0.0,
      0.0
    ],
    [
      0.0,
      0.0,
      0.0,
      0.0,
      0.0,
      0.0,
      0.0,
      0.0,
      0.0,
      0.0,
      0.0,
      0.0,
      0.0,
      0.0,
      0.0,
      0.0
    ],
    [
      0.0,
      0.0,
      0.0,
      0.0,
      0.0,
      0.0,
      0.0,
      0.0,
      0.0,
      0.0,
      0.0,
      0.0,
      0.0,
      0.0,
      0.0,
      0.0
    ],
    [
      0.0,
      0.0,
      0.0,
      0.0,
      0.0,
      0.0,
      0.0,
      0.0,
      0.0,
      0.0,
      0.0,
      0.0,
      0.0,
      0.0,
      0.0,
      0.0
    ],
    [
      0.0,
      0.0,
      0.0,
      0.0,
      0.0,
      0.0,
      0.0,
      0.0,
      0.0,
      0.0,
      0.0,
      0.0,
      0.0,
      0.0,
      0.0,
      0.0
    ],
    [
      0.0,
      0.0,
      0.0,
      0.0,
      0.0,
      0.0,
      0.0,
      0.0,
      0.0,
      0.0,
      0.0,
      0.0,
      0.0,
      0.0,
      0.0,
      0.0
    ],
    [
      0.0,
      0.0,
      0.0,
      0.0,
      0.0,
      0.0,
      0.0,
      0.0,
      0.0,
      0.0,
      0.0,
      0.0,
      0.0,
      0.0,
      0.0,
      0.0
    ],
    [
      0.0,
      0.0,
      0.0,
      0.0,
      0.0,
      0.0,
      0.0,
      0.0,
      0.0,
      0.0,
      0.0,
      0.0,
      0.0,
      0.0,
      0.0,
      0.0
    ],
    [
      0.0,
      0.0,
      0.0,
      0.0,
      0.0,
      0.0,
      0.0,
      0.0,
      0.0,
      0.0,
      0.0,
      0.0,
      0.0,
      0.0,
      0.0,
      0.0
    ],
    [
      0.0,
      0.0,
      0.0,
      0.0,
      0.0,
      0.0,
      0.0,
      0.0,
      0.0,
      0.0,
      0.0,
      0.0,
      0.0,
      0.0,
      0.0,
      0.0
    ]
  ]
}