{
  "config": {
    "symbols": [
      "H",
      "H"
    ],
    "geometry": [
      [
        0.0,
        0.0,
        0.0
      ],
      [
        0.0,
        0.0,
        0.7414
      ]
    ],
    "basis": "STO-3G",
    "ansatz": "RY-CZ",
    "optimizer": {
      "name": "Adagrad",
      "stepsize": 0.1,
      "iterations_planned": 50
    },
    "seed": 0,
    "noisy": true,
    "depolarizing_prob": 0.06,
    "amplitude_damping_prob": 0.0
  },
  "energies": [
    1.2277369065122907,
    1.2277369065122907,
    1.2204000038138174,
    1.2003874716366738,
    1.1725979527049009,
    1.1399967842289802,
    1.1046929747302128,
    1.0681243183456344,
    1.031084636284842,
    0.9939782895667146,
    0.9570796928411985,
    0.9205773470765717,
    0.8845993210450649,
    0.8492329172474238,
    0.8145371711902472,
    0.7805510583643096,
    0.7472990821887494,
    0.7147955511719387,
    0.6830520520622821,
    0.6521292909808878,
    0.6221523037197988,
    0.5925084423838786,
    0.563603228110269,
    0.5355066873691589,
    0.5081419505745169,
    0.4814744437953354,
    0.45548378175097615,
    0.43015272830471385,
    0.40546470167584703,
    0.3814032651954282,
    0.35795206297646065,
    0.3350948596370886,
    0.31281559703765605,
    0.2910984527012682,
    0.26992789645320897,
    0.2492887579068679,
    0.2291663225033649,
    0.20954650657682933,
    0.19041618614928973,
    0.17176375277097297,
    0.15357953707398328,
    0.13585393875132556,
    0.11856894056538753,
    0.10169062858109129,
    0.08519018970217396,
    0.06906766999315267,
    0.05333157719321176,
    0.03797884494403496,
    0.022998088534469274,
    0.008376295521677318,
    -0.005898682708260966
  ],
  "final_params": [
    -1.6848657783671608,
    -1.684915815670273,
    -0.0037391218643574135,
    -0.0037465216353892994
  ],
  "final_state_real": [
    [
      0.1846624423369209,
      -0.00033150778889326927,
      -0.0002979207333791431,
      -5.348304722171411e-07,
      -0.16977117367800063,
      0.00030477501801369304,
      -0.0003041729653851327,
      -5.460545456753617e-07,
      -0.16976172778175275,
      0.00030475788310516653,
      0.00033777748821125424,
      6.06381742805525e-07,
      -0.19248164859188,
      0.00034554510430705285,
      -0.0003448625144422731,
      -6.191008573224198e-07
    ],
    [
      -0.00033150778889326927,
      0.007694915307228547,
      5.348304722171413e-07,
      -1.2412320267741596e-05,
      0.00030477501801369304,
      -0.007074393615337831,
      5.460545456753617e-07,
      -1.267280803294794e-05,
      0.00030475788310516653,
      -0.007074000003238322,
      -6.06381742805525e-07,
      1.4072878766634095e-05,
      0.00034554510430705285,
      -0.008020742958700222,
      6.191008573224198e-07,
      -1.4368063373919675e-05
    ],
    [
      -0.0002979207333791431,
      5.34830472217141e-07,
      0.007694912754449257,
      -1.381166784072623e-05,
      0.0003041729653851327,
      -5.460545456753617e-07,
      -0.007073206537918529,
      1.2700022504154715e-05,
      0.00033777748821125424,
      -6.06381742805525e-07,
      -0.007073997656446966,
      1.269718176862086e-05,
      0.00034486251444227316,
      -6.191008573224198e-07,
      -0.008019397084640906,
      1.4398918354597214e-05
    ],
    [
      -5.348304722171411e-07,
      -1.2412320267741596e-05,
      -1.381166784072623e-05,
      0.0003206483202142787,
      5.460545456753617e-07,
      1.267280803294794e-05,
      1.2700022504154715e-05,
      -0.0002947417166751953,
      6.06381742805525e-07,
      1.4072878766634095e-05,
      1.269718176862086e-05,
      -0.00029477468271851885,
      6.191008573224199e-07,
      1.4368063373919678e-05,
      1.4398918354597214e-05,
      -0.00033416963731454694
    ],
    [
      -0.16977117367800063,
      0.000304775018013693,
      0.00030417296538513263,
      5.460545456753616e-07,
      0.22788144462622476,
      -0.00040909495662367056,
      0.0003820880427039941,
      6.859285219596829e-07,
      0.19248164859187997,
      -0.00034554510430705285,
      -0.0003448625144422731,
      -6.191008573224197e-07,
      0.21772209526495184,
      -0.0003908567951397832,
      0.0004168320368868445,
      7.483013102002221e-07
    ],
    [
      0.000304775018013693,
      -0.007074393615337831,
      -5.460545456753616e-07,
      1.2672808032947937e-05,
      -0.00040909495662367056,
      0.009495858466381261,
      -6.859285219596829e-07,
      1.5918996649625343e-05,
      -0.00034554510430705285,
      0.008020742958700219,
      6.191008573224198e-07,
      -1.4368063373919675e-05,
      -0.0003908567951397832,
      0.009072516654574677,
      -7.483013102002223e-07,
      1.7366541364914634e-05
    ],
    [
      -0.00030417296538513263,
      5.460545456753616e-07,
      -0.007073206537918529,
      1.2700022504154714e-05,
      0.0003820880427039941,
      -6.859285219596829e-07,
      0.009495855316141149,
      -1.704419577912717e-05,
      0.0003448625144422731,
      -6.191008573224198e-07,
      0.008019397084640906,
      -1.4398918354597214e-05,
      0.0004168320368868445,
      -7.483013102002221e-07,
      0.00907251364477772,
      -1.6284336020531636e-05
    ],
    [
      -5.460545456753616e-07,
      -1.2672808032947937e-05,
      1.2700022504154714e-05,
      -0.0002947417166751953,
      6.859285219596829e-07,
      1.5918996649625343e-05,
      -1.704419577912717e-05,
      0.0003956939023587946,
      6.191008573224198e-07,
      1.4368063373919675e-05,
      -1.4398918354597214e-05,
      0.00033416963731454694,
      7.483013102002223e-07,
      1.7366541364914634e-05,
      -1.6284336020531636e-05,
      0.0003780531830769677
    ],
    [
      -0.16976172778175275,
      0.00030475788310516653,
      0.00033777748821125424,
      6.06381742805525e-07,
      0.19248164859188,
      -0.00034554510430705285,
      0.0003448625144422731,
      6.191008573224198e-07,
      0.2278603700719606,
      -0.0004090571233815797,
      -0.00036761307659965287,
      -6.599429087091283e-07,
      0.21771031472612576,
      -0.0003908358742825835,
      0.00039006381702217876,
      7.002467169255339e-07
    ],
    [
      0.00030475788310516653,
      -0.007074000003238322,
      -6.06381742805525e-07,
      1.4072878766634095e-05,
      -0.00034554510430705285,
      0.008020742958700222,
      -6.191008573224198e-07,
      1.4368063373919675e-05,
      -0.0004090571233815797,
      0.00949498028612897,
      6.599429087091283e-07,
      -1.5315923768077553e-05,
      -0.0003908358742825835,
      0.009072025757522771,
      -7.002467169255339e-07,
      1.6251292640232167e-05
    ],
    [
      0.00033777748821125424,
      -6.06381742805525e-07,
      -0.007073997656446966,
      1.269718176862086e-05,
      -0.00034486251444227316,
      6.191008573224198e-07,
      0.008019397084640906,
      -1.4398918354597214e-05,
      -0.00036761307659965287,
      6.599429087091282e-07,
      0.009494977136180192,
      -1.704261952604775e-05,
      -0.00039006381702217876,
      7.002467169255339e-07,
      0.009070503479076078,
      -1.6286191798688652e-05
    ],
    [
      6.06381742805525e-07,
      1.4072878766634095e-05,
      1.269718176862086e-05,
      -0.00029477468271851885,
      -6.191008573224199e-07,
      -1.4368063373919678e-05,
      -1.4398918354597214e-05,
      0.00033416963731454694,
      -6.599429087091282e-07,
      -1.5315923768077553e-05,
      -1.704261952604775e-05,
      0.00039565730845080466,
      -7.002467169255339e-07,
      -1.6251292640232167e-05,
      -1.6286191798688652e-05,
      0.0003779694191310788
    ],
    [
      -0.19248164859187997,
      0.00034554510430705285,
      0.0003448625144422731,
      6.191008573224197e-07,
      0.21772209526495184,
      -0.0003908567951397832,
      0.0004168320368868445,
      7.483013102002221e-07,
      0.21771031472612576,
      -0.0003908358742825835,
      -0.00039006381702217876,
      -7.002467169255339e-07,
      0.2811895567281946,
      -0.0005047941911261336,
      0.00047146957285312634,
      8.46387196436408e-07
    ],
    [
      0.00034554510430705285,
      -0.008020742958700219,
      -6.191008573224198e-07,
      1.4368063373919675e-05,
      -0.0003908567951397832,
      0.009072516654574677,
      -7.483013102002223e-07,
      1.7366541364914634e-05,
      -0.0003908358742825835,
      0.009072025757522771,
      7.002467169255339e-07,
      -1.6251292640232167e-05,
      -0.0005047941911261336,
      0.01171721654343128,
      -8.46387196436408e-07,
      1.964291396698751e-05
    ],
    [
      -0.0003448625144422731,
      6.191008573224198e-07,
      -0.008019397084640906,
      1.4398918354597214e-05,
      0.0004168320368868445,
      -7.483013102002221e-07,
      0.00907251364477772,
      -1.6284336020531636e-05,
      0.00039006381702217876,
      -7.002467169255339e-07,
      0.009070503479076078,
      -1.6286191798688652e-05,
      0.00047146957285312634,
      -8.46387196436408e-07,
      0.011717212656258181,
      -2.103132996976706e-05
    ],
    [
      -6.191008573224198e-07,
      -1.4368063373919675e-05,
      1.4398918354597214e-05,
      -0.00033416963731454694,
      7.483013102002223e-07,
      1.7366541364914634e-05,
      -1.6284336020531636e-05,
      0.0003780531830769677,
      7.002467169255339e-07,
      1.6251292640232167e-05,
      -1.6286191798688652e-05,
      0.0003779694191310788,
      8.46387196436408e-07,
      1.964291396698751e-05,
      -2.103132996976706e-05,
      0.0004882582396597395
    ]
  ],
  "final_state_imag": [
    [
      0.0,
      0.0,
      0.0,
      0.0,
      0.0,
      0.0,
      0.0,
      0.0,
      0.0,
      0.0,
      0.0,
      0.0,
      0.0,
      0.0,
      0.0,
      0.0
    ],
    [
      0.0,
      0.0,
      0.0,
      0.0,
      0.0,
      0.0,
      0.0,
      0.0,
      0.0,
      0.0,
      0.0,
      0.0,
      0.0,
      0.0,
      0.0,
      0.0
    ],
    [
      0.0,
      0.0,
      0.0,
      0.0,
      0.0,
      0.0,
      0.0,
      0.0,
      0.0,
      0.0,
      0.0,
      0.0,
      0.0,
      0.0,
      0.0,
      0.0
    ],
    [
      0.0,
      0.0,
      0.0,
      0.0,
      0.0,
      0.0,
      0.0,
      0.0,
      0.0,
      0.0,
      0.0,
      0.0,
      0.0,
      0.0,
      0.0,
      0.0
    ],
    [
      0.0,
      0.0,
      0.0,
      0.0,
      0.0,
      0.0,
      0.0,
      0.0,
      0.0,
      0.0,
      0.0,
      0.0,
      0.0,
      0.0,
      0.0,
      0.0
    ],
    [
      0.0,
      0.0,
      0.0,
      0.0,
      0.0,
      0.0,
      0.0,
      0.0,
      0.0,
      0.0,
      0.0,
      0.0,
      0.0,
      0.0,
      0.0,
      0.0
    ],
    [
      0.0,
      0.0,
      0.0,
      0.0,
      0.0,
      0.0,
      0.0,
      0.0,
      0.0,
      0.0,
      0.0,
      0.0,
      0.0,
      0.0,
      0.0,
      0.0
    ],
    [
      0.0,
      0.0,
      0.0,
      0.0,
      0.0,
      0.0,
      0.0,
      0.0,
      0.0,
      0.0,
      0.0,
      0.0,
      0.0,
      0.0,
      0.0,
      0.0
    ],
    [
      0.0,
      0.0,
      0.0,
      0.0,
      0.0,
      0.0,
      0.0,
      0.0,
      0.0,
      0.0,
      0.0,
      0.0,
      0.0,
      0.0,
      0.0,
      0.0
    ],
    [
      0.0,
      0.0,
      0.0,
      0.0,
      0.0,
      0.0,
      0.0,
      0.0,
      0.0,
      0.0,
      0.0,
      0.0,
      0.0,
      0.0,
      0.0,
      0.0
    ],
    [
      0.0,
      0.0,
      0.0,
      0.0,
      0.0,
      0.0,
      0.0,
      0.0,
      0.0,
      0.0,
      0.0,
      0.0,
      0.0,
      0.0,
      0.0,
      0.0
    ],
    [
      0.0,
      0.0,
      0.0,
      0.0,
      0.0,
      0.0,
      0.0,
      0.0,
      0.0,
      0.0,
      0.0,
      0.0,
      0.0,
      0.0,
      0.0,
      0.0
    ],
    [
      0.0,
      0.0,
      0.0,
      0.0,
      0.0,
      0.0,
      0.0,
      0.0,
      0.0,
      0.0,
      0.0,
      0.0,
      0.0,
      0.0,
      0.0,
      0.0
    ],
    [
      0.0,
      0.0,
      0.0,
      0.0,
      0.0,
      0.0,
      0.0,
      0.0,
      0.0,
      0.0,
      0.0,
      0.0,
      0.0,
      0.0,
      0.0,
      0.0
    ],
    [
      0.0,
      0.0,
      0.0,
      0.0,
      0.0,
      0.0,
      0.0,
      0.0,
      0.0,
      0.0,
      0.0,
      0.0,
      0.0,
      0.0,
      0.0,
      0.0
    ],
    [
      0.0,
      0.0,
      0.0,
      0.0,
      0.0,
      0.0,
      0.0,
      0.0,
      0.0,
      0.0,
      0.0,
      0.0,
      0.0,
      0.0,
      0.0,
      0.0
    ]
  ]
}