{
  "config": {
    "symbols": [
      "H",
      "H"
    ],
    "geometry": [
      [
        0.0,
        0.0,
        0.0
      ],
      [
        0.0,
        0.0,
        0.7414
      ]
    ],
    "basis": "STO-3G",
    "ansatz": "RY-CZ",
    "optimizer": {
      "name": "Nesterov",
      "stepsize": 0.1,
      "iterations_planned": 50
    },
    "seed": 2,
    "noisy": true,
    "depolarizing_prob": 0.02,
    "amplitude_damping_prob": 0.0
  },
  "energies": [
    1.3069800079972922,
    1.3069800079972922,
    1.306973682395883,
    1.306962208558772,
    1.3069426049798718,
    1.3069097944987091,
    1.3068553097275666,
    1.3067651273572893,
    1.3066160790287475,
    1.306369923912003,
    1.305963576172684,
    1.305293015879883,
    1.3041868510056078,
    1.3023630025552502,
    1.2993580872491166,
    1.294413226616577,
    1.2862919373712332,
    1.2729965356308515,
    1.2513447721948638,
    1.2163861871993236,
    1.1607242182684174,
    1.074060657599816,
    0.943818330474623,
    0.7584485379744774,
    0.514988427263849,
    0.22905196006263148,
    -0.06203938358599345,
    -0.3137395953921463,
    -0.499073667412928,
    -0.6189453468558558,
    -0.6900271501906086,
    -0.7281581628246943,
    -0.7421618349898987,
    -0.7368513586848626,
    -0.7176345534132265,
    -0.6920768647460083,
    -0.6684416163885039,
    -0.6533871710746184,
    -0.6505091553327882,
    -0.6601293466461633,
    -0.6799804479353452,
    -0.7063032399733843,
    -0.7349752041201548,
    -0.7624067597585822,
    -0.7860585184476185,
    -0.8045686907070322,
    -0.817597771817102,
    -0.8255453002385502,
    -0.8292634869909377,
    -0.8298264272857505,
    -0.8283596655660184
  ],
  "final_params": [
    2.932454492372756,
    -3.179059478856045,
    0.00020366759894906486,
    0.0005768589695619838
  ],
  "final_state_real": [
    [
      0.0003186740042653071,
      9.067288694143064e-08,
      -3.039222178374637e-08,
      8.647553486574054e-12,
      -4.327425103030448e-05,
      -1.231290039610089e-08,
      4.3472303076677085e-09,
      -1.2369252525038102e-12,
      -0.001277001254085757,
      -3.633474609977421e-07,
      1.3512686119705379e-07,
      -3.8447888673256145e-11,
      -0.0017931313183538991,
      -5.102028757137642e-07,
      1.8013378919758462e-07,
      -5.125379078598421e-11
    ],
    [
      9.067288694143064e-08,
      4.306431969201236e-06,
      -8.647553486574053e-12,
      -4.1070317186596886e-10,
      -1.231290039610089e-08,
      -5.847907754816221e-07,
      1.2369252525038096e-12,
      5.874599392222896e-11,
      -3.633474609977422e-07,
      -1.7256879920229083e-05,
      3.844788867325613e-11,
      1.8260274254645657e-09,
      -5.102028757137642e-07,
      -2.423165344828805e-05,
      5.125379078598421e-11,
      2.434225411689012e-09
    ],
    [
      -3.039222178374637e-08,
      -8.647553486574054e-12,
      4.306408767136172e-06,
      1.2253083428768707e-09,
      -4.3472303076677085e-09,
      -1.2369252525038102e-12,
      -5.847867274087198e-07,
      -1.6639067355647454e-10,
      1.3512686119705376e-07,
      3.844788867325613e-11,
      -1.7256786944128773e-05,
      -4.910097057031426e-09,
      -1.8013378919758462e-07,
      -5.125379078598421e-11,
      -2.4231485710519584e-05,
      -6.89463874550195e-09
    ],
    [
      8.647553486574053e-12,
      -4.1070317186596886e-10,
      1.2253083428768707e-09,
      5.819507126098721e-08,
      1.2369252525038096e-12,
      -5.874599392222896e-11,
      -1.6639067355647454e-10,
      -7.902571983816008e-09,
      -3.844788867325613e-11,
      1.826027425464565e-09,
      -4.910097057031428e-09,
      -2.3320125892672658e-07,
      5.125379078598421e-11,
      -2.434225411689012e-09,
      -6.89463874550195e-09,
      -3.2745452508937133e-07
    ],
    [
      -4.327425103030448e-05,
      -1.231290039610089e-08,
      -4.3472303076677085e-09,
      1.2369252525038102e-12,
      0.022984938483496323,
      6.5399458398706e-06,
      -2.3089913940409085e-06,
      6.569814711830736e-10,
      0.0017931313183538991,
      5.102028757137642e-07,
      1.8013378919758462e-07,
      -5.125379078598421e-11,
      -0.09701774772650384,
      -2.760463405604248e-05,
      9.746269072818606e-06,
      -2.773123455778899e-09
    ],
    [
      -1.231290039610089e-08,
      -5.847907754816221e-07,
      -1.2369252525038096e-12,
      -5.874599392222896e-11,
      6.5399458398706e-06,
      0.0003106091886084486,
      -6.569814711830735e-10,
      -3.120239435245825e-08,
      5.102028757137642e-07,
      2.423165344828805e-05,
      5.125379078598421e-11,
      2.434225411689012e-09,
      -2.7604634056042484e-05,
      -0.0013110587145397765,
      2.7731234557788987e-09,
      1.3170552816268566e-07
    ],
    [
      4.3472303076677085e-09,
      1.2369252525038102e-12,
      -5.847867274087198e-07,
      -1.6639067355647454e-10,
      -2.3089913940409085e-06,
      -6.569814711830736e-10,
      0.0003106075151175738,
      8.837757867721304e-08,
      -1.8013378919758462e-07,
      -5.125379078598421e-11,
      2.4231485710519584e-05,
      6.89463874550195e-09,
      9.746269072818605e-06,
      2.7731234557788987e-09,
      -0.0013110516508569375,
      -3.7303530914131224e-07
    ],
    [
      -1.2369252525038096e-12,
      5.874599392222896e-11,
      -1.6639067355647454e-10,
      -7.902571983816008e-09,
      6.569814711830735e-10,
      -3.120239435245825e-08,
      8.837757867721304e-08,
      4.197424688155201e-06,
      5.125379078598421e-11,
      -2.434225411689012e-09,
      6.89463874550195e-09,
      3.2745452508937133e-07,
      -2.7731234557788983e-09,
      1.3170552816268563e-07,
      -3.730353091413123e-07,
      -1.771702324932636e-05
    ],
    [
      -0.001277001254085757,
      -3.633474609977421e-07,
      1.3512686119705379e-07,
      -3.8447888673256145e-11,
      0.0017931313183538991,
      5.102028757137642e-07,
      -1.8013378919758462e-07,
      5.125379078598421e-11,
      0.012993968209634749,
      3.6971971187579592e-06,
      -1.239246246610653e-06,
      3.526049617844283e-10,
      -0.017316734809432303,
      -4.927161668145758e-06,
      1.7395987822109456e-06,
      -4.949711679977712e-10
    ],
    [
      -3.633474609977422e-07,
      -1.7256879920229083e-05,
      3.844788867325613e-11,
      1.8260274254645657e-09,
      5.102028757137642e-07,
      2.423165344828805e-05,
      -5.125379078598421e-11,
      -2.434225411689012e-09,
      3.6971971187579592e-06,
      0.00017559524578656554,
      -3.526049617844283e-10,
      -1.6746467824151722e-08,
      -4.927161668145758e-06,
      -0.00023401137020085972,
      4.949711679977712e-10,
      2.3507946958004283e-08
    ],
    [
      1.3512686119705376e-07,
      3.844788867325613e-11,
      -1.7256786944128773e-05,
      -4.910097057031426e-09,
      1.8013378919758462e-07,
      5.125379078598421e-11,
      2.4231485710519584e-05,
      6.89463874550195e-09,
      -1.239246246610653e-06,
      -3.526049617844283e-10,
      0.00017559429971976425,
      4.996208489314676e-08,
      -1.739598782210946e-06,
      -4.949711679977712e-10,
      -0.00023400975031366884,
      -6.658331687179335e-08
    ],
    [
      -3.844788867325613e-11,
      1.826027425464565e-09,
      -4.910097057031428e-09,
      -2.3320125892672658e-07,
      -5.125379078598421e-11,
      2.434225411689012e-09,
      6.89463874550195e-09,
      3.2745452508937133e-07,
      3.526049617844283e-10,
      -1.6746467824151722e-08,
      4.996208489314676e-08,
      2.372910547460741e-06,
      4.949711679977712e-10,
      -2.350794695800429e-08,
      -6.658331687179335e-08,
      -3.1623133872463538e-06
    ],
    [
      -0.0017931313183538991,
      -5.102028757137642e-07,
      -1.8013378919758462e-07,
      5.125379078598421e-11,
      -0.09701774772650384,
      -2.760463405604248e-05,
      9.746269072818606e-06,
      -2.773123455778899e-09,
      -0.017316734809432303,
      -4.927161668145758e-06,
      -1.7395987822109456e-06,
      4.949711679977712e-10,
      0.9372134405613837,
      0.00026666702397621045,
      -9.414938265723513e-05,
      2.6788493057515754e-08
    ],
    [
      -5.102028757137642e-07,
      -2.423165344828805e-05,
      -5.125379078598421e-11,
      -2.434225411689012e-09,
      -2.7604634056042484e-05,
      -0.0013110587145397765,
      2.7731234557788987e-09,
      1.3170552816268566e-07,
      -4.927161668145758e-06,
      -0.00023401137020085972,
      -4.949711679977712e-10,
      -2.3507946958004283e-08,
      0.00026666702397621045,
      0.012665124448113057,
      -2.6788493057515757e-08,
      -1.2722811238245333e-06
    ],
    [
      1.8013378919758462e-07,
      5.125379078598421e-11,
      -2.4231485710519584e-05,
      -6.89463874550195e-09,
      9.746269072818605e-06,
      2.7731234557788987e-09,
      -0.0013110516508569375,
      -3.7303530914131224e-07,
      1.739598782210946e-06,
      4.949711679977712e-10,
      -0.00023400975031366884,
      -6.658331687179335e-08,
      -9.414938265723513e-05,
      -2.6788493057515754e-08,
      0.012665056211335228,
      3.6036056672515345e-06
    ],
    [
      -5.125379078598421e-11,
      2.434225411689012e-09,
      -6.89463874550195e-09,
      -3.2745452508937133e-07,
      -2.7731234557788983e-09,
      1.3170552816268563e-07,
      -3.730353091413123e-07,
      -1.771702324932636e-05,
      -4.949711679977712e-10,
      2.350794695800429e-08,
      -6.658331687179335e-08,
      -3.1623133872463538e-06,
      2.6788493057515757e-08,
      -1.2722811238245333e-06,
      3.6036056672515345e-06,
      0.0001711504616950722
    ]
  ],
  "final_state_imag": [
    [
      0.0,
      0.0,
      0.0,
      0.0,
      0.0,
      0.0,
      0.0,
      0.0,
      0.0,
      0.0,
      0.0,
      0.0,
      0.0,
      0.0,
      0.0,
      0.0
    ],
    [
      0.0,
      0.0,
      0.0,
      0.0,
      0.0,
      0.0,
      0.0,
      0.0,
      0.0,
      0.0,
      0.0,
      0.0,
      0.0,
      0.0,
      0.0,
      0.0
    ],
    [
      0.0,
      0.0,
      0.0,
      0.0,
      0.0,
      0.0,
      0.0,
      0.0,
      0.0,
      0.0,
      0.0,
      0.0,
      0.0,
      0.0,
      0.0,
      0.0
    ],
    [
      0.0,
      0.0,
      0.0,
      0.0,
      0.0,
      0.0,
      0.0,
      0.0,
      0.0,
      0.0,
      0.0,
      0.0,
      0.0,
      0.0,
      0.0,
      0.0
    ],
    [
      0.0,
      0.0,
      0.0,
      0.0,
      0.0,
      0.0,
      0.0,
      0.0,
      0.0,
      0.0,
      0.0,
      0.0,
      0.0,
      0.0,
      0.0,
      0.0
    ],
    [
      0.0,
      0.0,
      0.0,
      0.0,
      0.0,
      0.0,
      0.0,
      0.0,
      0.0,
      0.0,
      0.0,
      0.0,
      0.0,
      0.0,
      0.0,
      0.0
    ],
    [
      0.0,
      0.0,
      0.0,
      0.0,
      0.0,
      0.0,
      0.0,
      0.0,
      0.0,
      0.0,
      0.0,
      0.0,
      0.0,
      0.0,
      0.0,
      0.0
    ],
    [
      0.0,
      0.0,
      0.0,
      0.0,
      0.0,
      0.0,
      0.0,
      0.0,
      0.0,
      0.0,
      0.0,
      0.0,
      0.0,
      0.0,
      0.0,
      0.0
    ],
    [
      0.0,
      0.0,
      0.0,
      0.0,
      0.0,
      0.0,
      0.0,
      0.0,
      0.0,
      0.0,
      0.0,
      0.0,
      0.0,
      0.0,
      0.0,
      0.0
    ],
    [
      0.0,
      0.0,
      0.0,
      0.0,
      0.0,
      0.0,
      0.0,
      0.0,
      0.0,
      0.0,
      0.0,
      0.0,
      0.0,
      0.0,
      0.0,
      0.0
    ],
    [
      0.0,
      0.0,
      0.0,
      0.0,
      0.0,
      0.0,
      0.0,
      0.0,
      0.0,
      0.0,
      0.0,
      0.0,
      0.0,
      0.0,
      0.0,
      0.0
    ],
    [
      0.0,
      0.0,
      0.0,
      0.0,
      0.0,
      0.0,
      0.0,
      0.0,
      0.0,
      0.0,
      0.0,
      0.0,
      0.0,
      0.0,
      0.0,
      0.0
    ],
    [
      0.0,
      0.0,
      0.0,
      0.0,
      0.0,
      0.0,
      0.0,
      0.0,
      0.0,
      0.0,
      0.0,
      0.0,
      0.0,
      0.0,
      0.0,
      0.0
    ],
    [
      0.0,
      0.0,
      0.0,
      0.0,
      0.0,
      0.0,
      0.0,
      0.0,
      0.0,
      0.0,
      0.0,
      0.0,
      0.0,
      0.0,
      0.0,
      0.0
    ],
    [
      0.0,
      0.0,
      0.0,
      0.0,
      0.0,
      0.0,
      0.0,
      0.0,
      0.0,
      0.0,
      0.0,
      0.0,
      0.0,
      0.0,
      0.0,
      0.0
    ],
    [
      0.0,
      0.0,
      0.0,
      0.0,
      0.0,
      0.0,
      0.0,
      0.0,
      0.0,
      0.0,
      0.0,
      0.0,
      0.0,
      0.0,
      0.0,
      0.0
    ]
  ]
}