{
  "config": {
    "symbols": [
      "H",
      "H"
    ],
    "geometry": [
      [
        0.0,
        0.0,
        0.0
      ],
      [
        0.0,
        0.0,
        0.7414
      ]
    ],
    "basis": "STO-3G",
    "ansatz": "RY-CZ",
    "optimizer": {
      "name": "Momentum",
      "stepsize": 0.1,
      "iterations_planned": 50
    },
    "seed": 0,
    "noisy": true,
    "depolarizing_prob": 0.08,
    "amplitude_damping_prob": 0.0
  },
  "energies": [
    1.1902448950653515,
    1.1902448950653515,
    1.1902350330298457,
    1.1902139752964613,
    1.190178064208307,
    1.1901208812491448,
    1.190032237834658,
    1.1898964632533982,
    1.1896897178744745,
    1.1893758821885436,
    1.1889003253982853,
    1.1881804987160702,
    1.1870917760884585,
    1.1854462078364196,
    1.182960777970862,
    1.1792102871572963,
    1.1735581088154738,
    1.165056004555719,
    1.1523027411271318,
    1.1332526105477285,
    1.1049741812574796,
    1.0633869593604082,
    1.0030666690830112,
    0.9173294546265943,
    0.7989795390546015,
    0.6422326424101719,
    0.4460911210221691,
    0.218363730194398,
    -0.02232035964646087,
    -0.24982490287604603,
    -0.439183909851398,
    -0.575173846315531,
    -0.6548295792663481,
    -0.6841078931271188,
    -0.6734122104117825,
    -0.6349520315073084,
    -0.5814908248508595,
    -0.5251785321592325,
    -0.4761833064868467,
    -0.44161940556801316,
    -0.4251605148847041,
    -0.427288926010084,
    -0.4459107611781411,
    -0.47711819123952814,
    -0.51599965240238,
    -0.5574452979670049,
    -0.5968678179253747,
    -0.6307338396453408,
    -0.6568330838554138,
    -0.6742886878836435,
    -0.6833785759389197
  ],
  "final_params": [
    -3.133315053927047,
    -3.1106929019836156,
    -0.0001657974453979296,
    -0.0005254430744349555
  ],
  "final_state_real": [
    [
      0.0025600531571819654,
      -6.346892194528495e-07,
      1.9857864371880404e-07,
      4.9231682985218906e-11,
      0.0006593602740702736,
      -1.6346881593530602e-07,
      5.158068062097336e-08,
      1.2787899388060524e-11,
      0.00017592515172812375,
      -4.361542139045141e-08,
      1.3879472415940429e-08,
      3.4410033888199253e-12,
      -4.572424688905134e-05,
      1.1335970322182625e-08,
      -3.5769333825036095e-09,
      -8.867945064426337e-13
    ],
    [
      -6.346892194528495e-07,
      0.0001442285230242455,
      -4.9231682985218906e-11,
      1.1187515560686263e-08,
      -1.6346881593530602e-07,
      3.714710306042986e-05,
      -1.2787899388060524e-11,
      2.9059502888692777e-09,
      -4.361542139045141e-08,
      9.911288257972714e-06,
      -3.4410033888199245e-12,
      7.819411529838426e-10,
      1.133597032218262e-08,
      -2.576017055232999e-06,
      8.867945064426335e-13,
      -2.015171275565921e-10
    ],
    [
      1.9857864371880404e-07,
      -4.9231682985218906e-11,
      0.00014422836442089582,
      -3.5757134776250987e-08,
      -5.158068062097336e-08,
      1.2787899388060524e-11,
      3.714705317724099e-05,
      -9.209511876746495e-09,
      1.3879472415940429e-08,
      -3.4410033888199253e-12,
      9.91127735885592e-06,
      -2.4572065401170873e-09,
      3.5769333825036095e-09,
      -8.867945064426337e-13,
      -2.5760135960145183e-06,
      6.386462929902376e-10
    ],
    [
      4.9231682985218906e-11,
      1.1187515560686263e-08,
      -3.5757134776250987e-08,
      8.125551580939253e-06,
      -1.2787899388060524e-11,
      -2.9059502888692777e-09,
      -9.209511876746495e-09,
      2.092794284144529e-06,
      3.4410033888199245e-12,
      7.819411529838426e-10,
      -2.4572065401170873e-09,
      5.583825049652388e-07,
      8.867945064426335e-13,
      2.015171275565921e-10,
      6.386462929902373e-10,
      -1.4512770377491866e-07
    ],
    [
      0.0006593602740702736,
      -1.6346881593530602e-07,
      -5.158068062097336e-08,
      -1.2787899388060524e-11,
      0.045249805248933704,
      -1.121834657740188e-05,
      3.539723363276432e-06,
      8.775693861771312e-10,
      4.572424688905134e-05,
      -1.1335970322182625e-08,
      -3.5769333825036095e-09,
      -8.867945064426337e-13,
      0.0031359181334816555,
      -7.774578534917658e-07,
      2.453243683699851e-07,
      6.082089849119302e-11
    ],
    [
      -1.6346881593530602e-07,
      3.714710306042986e-05,
      1.2787899388060524e-11,
      -2.9059502888692777e-09,
      -1.121834657740188e-05,
      0.002549287916104227,
      -8.775693861771312e-10,
      1.9942079100538184e-07,
      -1.133597032218262e-08,
      2.576017055232999e-06,
      8.867945064426335e-13,
      -2.015171275565921e-10,
      -7.774578534917658e-07,
      0.00017667165990212284,
      -6.082089849119302e-11,
      1.3821074296595395e-08
    ],
    [
      5.158068062097335e-08,
      -1.2787899388060524e-11,
      3.714705317724099e-05,
      -9.209511876746495e-09,
      3.539723363276432e-06,
      -8.775693861771312e-10,
      0.00254928511273639,
      -6.32019448637654e-07,
      3.5769333825036095e-09,
      -8.867945064426337e-13,
      2.5760135960145183e-06,
      -6.386462929902376e-10,
      2.453243683699851e-07,
      -6.082089849119302e-11,
      0.0001766714656221257,
      -4.380043712436976e-08
    ],
    [
      1.2787899388060524e-11,
      2.905950288869277e-09,
      -9.209511876746495e-09,
      2.092794284144529e-06,
      8.775693861771312e-10,
      1.9942079100538184e-07,
      -6.32019448637654e-07,
      0.0001436218718920658,
      8.867945064426335e-13,
      2.015171275565921e-10,
      -6.386462929902373e-10,
      1.4512770377491866e-07,
      6.082089849119302e-11,
      1.3821074296595395e-08,
      -4.380043712436976e-08,
      9.953334162504966e-06
    ],
    [
      0.00017592515172812375,
      -4.361542139045141e-08,
      1.3879472415940429e-08,
      3.4410033888199253e-12,
      4.572424688905134e-05,
      -1.1335970322182625e-08,
      3.5769333825036095e-09,
      8.867945064426337e-13,
      0.04542717503319311,
      -1.1262320152563902e-05,
      3.523702928105652e-06,
      8.735975945944975e-10,
      0.011707193200726516,
      -2.9024511874742735e-06,
      9.158346615682615e-07,
      2.27054031998781e-10
    ],
    [
      -4.361542139045141e-08,
      9.911288257972714e-06,
      -3.4410033888199245e-12,
      7.819411529838426e-10,
      -1.133597032218262e-08,
      2.576017055232999e-06,
      -8.867945064426335e-13,
      2.015171275565921e-10,
      -1.1262320152563902e-05,
      0.002559280592209837,
      -8.735975945944975e-10,
      1.9851823237971283e-07,
      -2.9024511874742735e-06,
      0.0006595609858191149,
      -2.27054031998781e-10,
      5.159625594894999e-08
    ],
    [
      1.3879472415940429e-08,
      -3.4410033888199253e-12,
      9.91127735885592e-06,
      -2.4572065401170873e-09,
      -3.5769333825036095e-09,
      8.867945064426337e-13,
      2.5760135960145183e-06,
      -6.386462929902376e-10,
      3.523702928105652e-06,
      -8.735975945944975e-10,
      0.0025592777778533837,
      -6.344968328525896e-07,
      -9.158346615682615e-07,
      2.27054031998781e-10,
      0.0006595601001240667,
      -1.6351839664208465e-07
    ],
    [
      3.4410033888199245e-12,
      7.819411529838426e-10,
      -2.4572065401170873e-09,
      5.583825049652388e-07,
      -8.867945064426335e-13,
      -2.015171275565921e-10,
      -6.386462929902373e-10,
      1.4512770377491866e-07,
      8.735975945944975e-10,
      1.9851823237971283e-07,
      -6.344968328525896e-07,
      0.00014418483962844135,
      -2.27054031998781e-10,
      -5.159625594894999e-08,
      -1.6351839664208465e-07,
      3.715836088002609e-05
    ],
    [
      -4.572424688905134e-05,
      1.1335970322182625e-08,
      3.5769333825036095e-09,
      8.867945064426337e-13,
      0.0031359181334816555,
      -7.774578534917658e-07,
      2.453243683699851e-07,
      6.082089849119302e-11,
      0.011707193200726515,
      -2.9024511874742735e-06,
      -9.158346615682615e-07,
      -2.27054031998781e-10,
      0.8029406801552224,
      -0.0001990653171106927,
      6.28110523180094e-05,
      1.5572136851065707e-08
    ],
    [
      1.133597032218262e-08,
      -2.576017055232999e-06,
      -8.867945064426335e-13,
      2.015171275565921e-10,
      -7.774578534917658e-07,
      0.00017667165990212284,
      -6.082089849119302e-11,
      1.3821074296595395e-08,
      -2.9024511874742735e-06,
      0.0006595609858191149,
      2.27054031998781e-10,
      -5.159625594894999e-08,
      -0.0001990653171106927,
      0.04523614990180433,
      -1.5572136851065707e-08,
      3.5386465131963655e-06
    ],
    [
      -3.5769333825036095e-09,
      8.867945064426337e-13,
      -2.5760135960145183e-06,
      6.386462929902376e-10,
      2.453243683699851e-07,
      -6.082089849119302e-11,
      0.0001766714656221257,
      -4.380043712436976e-08,
      9.158346615682613e-07,
      -2.2705403199878095e-10,
      0.0006595601001240666,
      -1.6351839664208465e-07,
      6.28110523180094e-05,
      -1.5572136851065707e-08,
      0.04523610015710234,
      -1.1214946079185718e-05
    ],
    [
      -8.867945064426335e-13,
      -2.015171275565921e-10,
      6.386462929902373e-10,
      -1.4512770377491866e-07,
      6.082089849119302e-11,
      1.3821074296595395e-08,
      -4.380043712436976e-08,
      9.953334162504966e-06,
      2.2705403199878095e-10,
      5.159625594894998e-08,
      -1.6351839664208465e-07,
      3.715836088002609e-05,
      1.5572136851065707e-08,
      3.5386465131963655e-06,
      -1.1214946079185718e-05,
      0.0025485157973116138
    ]
  ],
  "final_state_imag": [
    [
      0.0,
      0.0,
      0.0,
      0.0,
      0.0,
      0.0,
      0.0,
      0.0,
      0.0,
      0.0,
      0.0,
      0.0,
      0.0,
      0.0,
      0.0,
      0.0
    ],
    [
      0.0,
      0.0,
      0.0,
      0.0,
      0.0,
      0.0,
      0.0,
      0.0,
      0.0,
      0.0,
      0.0,
      0.0,
      0.0,
      0.0,
      0.0,
      0.0
    ],
    [
      0.0,
      0.0,
      0.0,
      0.0,
      0.0,
      0.0,
      0.0,
      0.0,
      0.0,
      0.0,
      0.0,
      0.0,
      0.0,
      0.0,
      0.0,
      0.0
    ],
    [
      0.0,
      0.0,
      0.0,
      0.0,
      0.0,
      0.0,
      0.0,
      0.0,
      0.0,
      0.0,
      0.0,
      0.0,
      0.0,
      0.0,
      0.0,
      0.0
    ],
    [
      0.0,
      0.0,
      0.0,
      0.0,
      0.0,
      0.0,
      0.0,
      0.0,
      0.0,
      0.0,
      0.0,
      0.0,
      0.0,
      0.0,
      0.0,
      0.0
    ],
    [
      0.0,
      0.0,
      0.0,
      0.0,
      0.0,
      0.0,
      0.0,
      0.0,
      0.0,
      0.0,
      0.0,
      0.0,
      0.0,
      0.0,
      0.0,
      0.0
    ],
    [
      0.0,
      0.0,
      0.0,
      0.0,
      0.0,
      0.0,
      0.0,
      0.0,
      0.0,
      0.0,
      0.0,
      0.0,
      0.0,
      0.0,
      0.0,
      0.0
    ],
    [
      0.0,
      0.0,
      0.0,
      0.0,
      0.0,
      0.0,
      0.0,
      0.0,
      0.0,
      0.0,
      0.0,
      0.0,
      0.0,
      0.0,
      0.0,
      0.0
    ],
    [
      0.0,
      0.0,
      0.0,
      0.0,
      0.0,
      0.0,
      0.0,
      0.0,
      0.0,
      0.0,
      0.0,
      0.0,
      0.0,
      0.0,
      0.0,
      0.0
    ],
    [
      0.0,
      0.0,
      0.0,
      0.0,
      0.0,
      0.0,
      0.0,
      0.0,
      0.0,
      0.0,
      0.0,
      0.0,
      0.0,
      0.0,
      0.0,
      0.0
    ],
    [
      0.0,
      0.0,
      0.0,
      0.0,
      0.0,
      0.0,
      0.0,
      0.0,
      0.0,
      0.0,
      0.0,
      0.0,
      0.0,
      0.0,
      0.0,
      0.0
    ],
    [
      0.0,
      0.0,
      0.0,
      0.0,
      0.0,
      0.0,
      0.0,
      0.0,
      0.0,
      0.0,
      0.0,
      0.0,
      0.0,
      0.0,
      0.0,
      0.0
    ],
    [
      0.0,
      0.0,
      0.0,
      0.0,
      0.0,
      0.0,
      0.0,
      0.0,
      0.0,
      0.0,
      0.0,
      0.0,
      0.0,
      0.0,
      0.0,
      0.0
    ],
    [
      0.0,
      0.0,
      0.0,
      0.0,
      0.0,
      0.0,
      0.0,
      0.0,
      0.0,
      0.0,
      0.0,
      0.0,
      0.0,
      0.0,
      0.0,
      0.0
    ],
    [
      0.0,
      0.0,
      0.0,
      0.0,
      0.0,
      0.0,
      0.0,
      0.0,
      0.0,
      0.0,
      0.0,
      0.0,
      0.0,
      0.0,
      0.0,
      0.0
    ],
    [
      0.0,
      0.0,
      0.0,
      0.0,
      0.0,
      0.0,
      0.0,
      0.0,
      0.0,
      0.0,
      0.0,
      0.0,
      0.0,
      0.0,
      0.0,
      0.0
    ]
  ]
}