{
  "config": {
    "symbols": [
      "H",
      "H"
    ],
    "geometry": [
      [
        0.0,
        0.0,
        0.0
      ],
      [
        0.0,
        0.0,
        0.7414
      ]
    ],
    "basis": "STO-3G",
    "ansatz": "RY-CZ",
    "optimizer": {
      "name": "Adam",
      "stepsize": 0.1,
      "iterations_planned": 50
    },
    "seed": 3,
    "noisy": true,
    "depolarizing_prob": 0.06,
    "amplitude_damping_prob": 0.0
  },
  "energies": [
    1.227657063064398,
    1.227657063064398,
    1.2196131724311652,
    1.2037952559780878,
    1.178081388565108,
    1.1423747770273687,
    1.0959759347120621,
    1.0389723411081442,
    0.9718187614600731,
    0.895366898013799,
    0.8109088643528664,
    0.7197120243038514,
    0.6221210394831184,
    0.5190365431017466,
    0.4123892083209974,
    0.30446524959909316,
    0.19712255930145955,
    0.09120675208621609,
    -0.012185326018618409,
    -0.11107977147532155,
    -0.20372215843780095,
    -0.28933769467479614,
    -0.3677249150883044,
    -0.4382885767812826,
    -0.5004157801231505,
    -0.5539575956222913,
    -0.5993698760863909,
    -0.6373041069441285,
    -0.6680583528667499,
    -0.6918290387908977,
    -0.7095051239187905,
    -0.7221986161445342,
    -0.730361418260308,
    -0.734435509494122,
    -0.7353838442923083,
    -0.734070199773524,
    -0.7310011760834495,
    -0.7266768441603729,
    -0.7216682838249083,
    -0.7165616507196522,
    -0.711766858597825,
    -0.7074433702004777,
    -0.7038036954362159,
    -0.7011453950364652,
    -0.6995228108566476,
    -0.6988368021424095,
    -0.699069507229532,
    -0.7001924815850797,
    -0.7020814426998065,
    -0.7045562478995445,
    -0.7074407419062618
  ],
  "final_params": [
    -3.4150945439078333,
    3.4133475970246585,
    0.004760547109448307,
    -0.010703110755863403
  ],
  "final_state_real": [
    [
      0.0029930751029781846,
      -1.5350327840581722e-05,
      -2.5987326134640405e-06,
      -1.332793540264604e-08,
      0.0024368680014100305,
      -1.2497767934842358e-05,
      -5.55872715122264e-06,
      -2.8508649180984777e-08,
      -0.002479073618895578,
      1.2714212467678873e-05,
      1.485702094144355e-05,
      7.619614821371434e-08,
      0.01413821911795246,
      -7.250954152866741e-05,
      -3.225061941616165e-05,
      -1.6540146148432242e-07
    ],
    [
      -1.5350327840581722e-05,
      0.00012479703444969443,
      1.332793540264604e-08,
      -1.08206227784715e-07,
      -1.2497767934842358e-05,
      0.00010160583662559106,
      2.8508649180984777e-08,
      -2.3145470726844367e-07,
      1.2714212467678873e-05,
      -0.00010336561067672445,
      -7.619614821371434e-08,
      6.186177769359677e-07,
      -7.250954152866741e-05,
      0.0005894966740275952,
      1.6540146148432242e-07,
      -1.3428537636627573e-06
    ],
    [
      -2.598732613464041e-06,
      1.332793540264604e-08,
      0.00012472839111552815,
      -6.395101736135674e-07,
      5.55872715122264e-06,
      -2.8508649180984783e-08,
      0.00010152238407150645,
      -5.208110165685629e-07,
      1.485702094144355e-05,
      -7.619614821371434e-08,
      -0.00010330875547831159,
      5.296869426507941e-07,
      3.2250619416161644e-05,
      -1.654014614843224e-07,
      0.0005890124990559027,
      -3.0216410027253443e-06
    ],
    [
      -1.332793540264604e-08,
      -1.08206227784715e-07,
      -6.395101736135674e-07,
      5.200582273198301e-06,
      2.8508649180984783e-08,
      2.3145470726844367e-07,
      -5.208110165685629e-07,
      4.233001854774788e-06,
      7.619614821371434e-08,
      6.186177769359677e-07,
      5.296869426507941e-07,
      -4.307485068969175e-06,
      1.6540146148432237e-07,
      1.3428537636627573e-06,
      -3.0216410027253443e-06,
      2.4559027290307136e-05
    ],
    [
      0.0024368680014100305,
      -1.2497767934842358e-05,
      5.55872715122264e-06,
      2.8508649180984777e-08,
      0.04962650412978383,
      -0.00025451519984118383,
      -0.00011302651362461246,
      -5.796710537168828e-07,
      -0.014138219117952463,
      7.250954152866744e-05,
      -3.225061941616166e-05,
      -1.6540146148432245e-07,
      -0.1078221925221534,
      0.0005529784408211145,
      0.00024633595407385527,
      1.2633657138235457e-06
    ],
    [
      -1.2497767934842358e-05,
      0.00010160583662559106,
      -2.8508649180984777e-08,
      2.3145470726844367e-07,
      -0.00025451519984118383,
      0.0020691898239840706,
      5.796710537168828e-07,
      -4.706206639194989e-06,
      7.250954152866744e-05,
      -0.0005894966740275954,
      1.6540146148432245e-07,
      -1.3428537636627577e-06,
      0.0005529784408211145,
      -0.004495673984672089,
      -1.2633657138235457e-06,
      1.0256955340453504e-05
    ],
    [
      -5.55872715122264e-06,
      2.8508649180984783e-08,
      0.00010152238407150645,
      -5.208110165685629e-07,
      -0.00011302651362461246,
      5.796710537168828e-07,
      0.002068051687255361,
      -1.0603360483769256e-05,
      3.225061941616166e-05,
      -1.6540146148432245e-07,
      -0.0005890124990559028,
      3.021641002725345e-06,
      0.00024633595407385527,
      -1.2633657138235457e-06,
      -0.004493201185114046,
      2.3037640783095438e-05
    ],
    [
      -2.8508649180984783e-08,
      -2.3145470726844367e-07,
      -5.208110165685629e-07,
      4.233001854774788e-06,
      -5.796710537168828e-07,
      -4.706206639194989e-06,
      -1.0603360483769256e-05,
      8.62279457676666e-05,
      1.6540146148432245e-07,
      1.3428537636627577e-06,
      3.021641002725345e-06,
      -2.4559027290307143e-05,
      1.2633657138235457e-06,
      1.0256955340453504e-05,
      2.3037640783095438e-05,
      -0.00018734517638068515
    ],
    [
      -0.002479073618895578,
      1.2714212467678873e-05,
      1.485702094144355e-05,
      7.619614821371434e-08,
      -0.01413821911795246,
      7.250954152866741e-05,
      3.225061941616165e-05,
      1.6540146148432242e-07,
      0.049427095715065844,
      -0.0002534925109894922,
      -4.2914995850168126e-05,
      -2.200950915582829e-07,
      0.1071237774611404,
      -0.0005493970581247575,
      -0.00024435950161035355,
      -1.2532292224340608e-06
    ],
    [
      1.2714212467678873e-05,
      -0.00010336561067672445,
      -7.619614821371434e-08,
      6.186177769359677e-07,
      7.250954152866741e-05,
      -0.0005894966740275952,
      -1.6540146148432242e-07,
      1.3428537636627573e-06,
      -0.0002534925109894922,
      0.002060875438963676,
      2.200950915582829e-07,
      -1.7868978871795137e-06,
      -0.0005493970581247575,
      0.004466553389487994,
      1.2532292224340608e-06,
      -1.0174659661258458e-05
    ],
    [
      1.485702094144355e-05,
      -7.619614821371434e-08,
      -0.00010330875547831159,
      5.296869426507941e-07,
      -3.2250619416161644e-05,
      1.654014614843224e-07,
      -0.0005890124990559027,
      3.0216410027253443e-06,
      -4.291499585016813e-05,
      2.2009509155828294e-07,
      0.002059741875477528,
      -1.0560754232496302e-05,
      0.00024435950161035355,
      -1.2532292224340608e-06,
      0.004462884847397429,
      -2.289465141563632e-05
    ],
    [
      7.619614821371434e-08,
      6.186177769359677e-07,
      5.296869426507941e-07,
      -4.307485068969175e-06,
      -1.6540146148432237e-07,
      -1.3428537636627573e-06,
      3.0216410027253443e-06,
      -2.4559027290307136e-05,
      -2.2009509155828294e-07,
      -1.786897887179514e-06,
      -1.0560754232496302e-05,
      8.588146603327005e-05,
      1.2532292224340608e-06,
      1.0174659661258458e-05,
      -2.289465141563632e-05,
      0.00018608112890033807
    ],
    [
      0.014138219117952463,
      -7.250954152866744e-05,
      3.225061941616166e-05,
      1.6540146148432245e-07,
      -0.1078221925221534,
      0.0005529784408211145,
      0.00024633595407385527,
      1.2633657138235457e-06,
      0.1071237774611404,
      -0.0005493970581247575,
      0.00024435950161035355,
      1.2532292224340608e-06,
      0.8195230273995618,
      -0.004203017535701642,
      -0.0018664992073553846,
      -9.57258193314579e-06
    ],
    [
      -7.250954152866744e-05,
      0.0005894966740275954,
      -1.6540146148432245e-07,
      1.3428537636627577e-06,
      0.0005529784408211145,
      -0.004495673984672089,
      -1.2633657138235457e-06,
      1.0256955340453504e-05,
      -0.0005493970581247575,
      0.004466553389487994,
      -1.2532292224340608e-06,
      1.0174659661258458e-05,
      -0.004203017535701642,
      0.034170222919209646,
      9.57258193314579e-06,
      -7.771743708633046e-05
    ],
    [
      -3.225061941616166e-05,
      1.6540146148432245e-07,
      0.0005890124990559028,
      -3.021641002725345e-06,
      0.00024633595407385527,
      -1.2633657138235457e-06,
      -0.004493201185114046,
      2.3037640783095438e-05,
      -0.00024435950161035355,
      1.2532292224340608e-06,
      0.004462884847397429,
      -2.289465141563632e-05,
      -0.0018664992073553846,
      9.57258193314579e-06,
      0.03415142793709553,
      -0.00017510195885533377
    ],
    [
      -1.6540146148432245e-07,
      -1.3428537636627577e-06,
      -3.021641002725345e-06,
      2.4559027290307143e-05,
      1.2633657138235457e-06,
      1.0256955340453504e-05,
      2.3037640783095438e-05,
      -0.00018734517638068515,
      -1.2532292224340608e-06,
      -1.0174659661258458e-05,
      -2.289465141563632e-05,
      0.00018608112890033807,
      -9.57258193314579e-06,
      -7.771743708633046e-05,
      -0.00017510195885533377,
      0.0014239525511842899
    ]
  ],
  "final_state_imag": [
    [
      0.0,
      0.0,
      0.0,
      0.0,
      0.0,
      0.0,
      0.0,
      0.0,
      0.0,
      0.0,
      0.0,
      0.0,
      0.0,
      0.0,
      0.0,
      0.0
    ],
    [
      0.0,
      0.0,
      0.0,
      0.0,
      0.0,
      0.0,
      0.0,
      0.0,
      0.0,
      0.0,
      0.0,
      0.0,
      0.0,
      0.0,
      0.0,
      0.0
    ],
    [
      0.0,
      0.0,
      0.0,
      0.0,
      0.0,
      0.0,
      0.0,
      0.0,
      0.0,
      0.0,
      0.0,
      0.0,
      0.0,
      0.0,
      0.0,
      0.0
    ],
    [
      0.0,
      0.0,
      0.0,
      0.0,
      0.0,
      0.0,
      0.0,
      0.0,
      0.0,
      0.0,
      0.0,
      0.0,
      0.0,
      0.0,
      0.0,
      0.0
    ],
    [
      0.0,
      0.0,
      0.0,
      0.0,
      0.0,
      0.0,
      0.0,
      0.0,
      0.0,
      0.0,
      0.0,
      0.0,
      0.0,
      0.0,
      0.0,
      0.0
    ],
    [
      0.0,
      0.0,
      0.0,
      0.0,
      0.0,
      0.0,
      0.0,
      0.0,
      0.0,
      0.0,
      0.0,
      0.0,
      0.0,
      0.0,
      0.0,
      0.0
    ],
    [
      0.0,
      0.0,
      0.0,
      0.0,
      0.0,
      0.0,
      0.0,
      0.0,
      0.0,
      0.0,
      0.0,
      0.0,
      0.0,
      0.0,
      0.0,
      0.0
    ],
    [
      0.0,
      0.0,
      0.0,
      0.0,
      0.0,
      0.0,
      0.0,
      0.0,
      0.0,
      0.0,
      0.0,
      0.0,
      0.0,
      0.0,
      0.0,
      0.0
    ],
    [
      0.0,
      0.0,
      0.0,
      0.0,
      0.0,
      0.0,
      0.0,
      0.0,
      0.0,
      0.0,
      0.0,
      0.0,
      0.0,
      0.0,
      0.0,
      0.0
    ],
    [
      0.0,
      0.0,
      0.0,
      0.0,
      0.0,
      0.0,
      0.0,
      0.0,
      0.0,
      0.0,
      0.0,
      0.0,
      0.0,
      0.0,
      0.0,
      0.0
    ],
    [
      0.0,
      0.0,
      0.0,
      0.0,
      0.0,
      0.0,
      0.0,
      0.0,
      0.0,
      0.0,
      0.0,
      0.0,
      0.0,
      0.0,
      0.0,
      0.0
    ],
    [
      0.0,
      0.0,
      0.0,
      0.0,
      0.0,
      0.0,
      0.0,
      0.0,
      0.0,
      0.0,
      0.0,
      0.0,
      0.0,
      0.0,
      0.0,
      0.0
    ],
    [
      0.0,
      0.0,
      0.0,
      0.0,
      0.0,
      0.0,
      0.0,
      0.0,
      0.0,
      0.0,
      0.0,
      0.0,
      0.0,
      0.0,
      0.0,
      0.0
    ],
    [
      0.0,
      0.0,
      0.0,
      0.0,
      0.0,
      0.0,
      0.0,
      0.0,
      0.0,
      0.0,
      0.0,
      0.0,
      0.0,
      0.0,
      0.0,
      0.0
    ],
    [
      0.0,
      0.0,
      0.0,
      0.0,
      0.0,
      0.0,
      0.0,
      0.0,
      0.0,
      0.0,
      0.0,
      0.0,
      0.0,
      0.0,
      0.0,
      0.0
    ],
    [
      0.0,
      0.0,
      0.0,
      0.0,
      0.0,
      0.0,
      0.0,
      0.0,
      0.0,
      0.0,
      0.0,
      0.0,
      0.0,
      0.0,
      0.0,
      0.0
    ]
  ]
}