{
  "config": {
    "symbols": [
      "H",
      "H"
    ],
    "geometry": [
      [
        0.0,
        0.0,
        0.0
      ],
      [
        0.0,
        0.0,
        0.7414
      ]
    ],
    "basis": "STO-3G",
    "ansatz": "RY-CZ",
    "optimizer": {
      "name": "Nesterov",
      "stepsize": 0.1,
      "iterations_planned": 50
    },
    "seed": 3,
    "noisy": true,
    "depolarizing_prob": 0.04,
    "amplitude_damping_prob": 0.0
  },
  "energies": [
    1.2665962961089738,
    1.2665962961089738,
    1.266580460155526,
    1.2665520322380512,
    1.266504053915056,
    1.2664248196778511,
    1.2662950734023974,
    1.2660833805352385,
    1.2657385722634114,
    1.2651774655484935,
    1.2642649636910521,
    1.2627819129134257,
    1.260373423637928,
    1.256466409170181,
    1.2501396423758102,
    1.2399232726692628,
    1.2235006998632894,
    1.1972943063857144,
    1.1559648141010646,
    1.0920008016209248,
    0.9959145736413278,
    0.858134859125896,
    0.6741025318819975,
    0.4527825934705251,
    0.22362740234977613,
    0.030903375995015803,
    -0.08921344396066858,
    -0.13110470969034768,
    -0.11905078291347859,
    -0.08795875864679023,
    -0.06650111744339285,
    -0.07149833508161152,
    -0.10927264377920026,
    -0.1784877475691116,
    -0.27238346156519616,
    -0.380570536834299,
    -0.4909852264007898,
    -0.5921067512869792,
    -0.6750080986752909,
    -0.7346924638779365,
    -0.770400968808556,
    -0.7849331631500269,
    -0.7833418825517522,
    -0.771505513868408,
    -0.7549776388340331,
    -0.7382784521294005,
    -0.724595557312377,
    -0.7157762376733181,
    -0.712491576967611,
    -0.7144840331117948,
    -0.7208427035447318
  ],
  "final_params": [
    -3.6952070443987464,
    2.920547938580798,
    -0.0008212436388582039,
    -0.0002788424409877862
  ],
  "final_state_real": [
    [
      0.003522218102045369,
      -4.776179191253526e-07,
      5.342215010206541e-07,
      7.244121655909121e-11,
      0.0047210223573168125,
      -6.40177538921053e-07,
      1.8854438124618124e-06,
      2.556689374493447e-10,
      -0.003418880281035738,
      4.636051596630964e-07,
      -3.5952892972866945e-06,
      -4.875264849500296e-10,
      -0.024467342136998457,
      3.3178073916399233e-06,
      -9.771569661832502e-06,
      -1.3250391319754947e-09
    ],
    [
      -4.776179191253526e-07,
      9.649919449796596e-05,
      -7.244121655909121e-11,
      1.4636195130875086e-08,
      -6.401775389210532e-07,
      0.00012934316998240575,
      -2.556689374493446e-10,
      5.165595823973626e-08,
      4.636051596630964e-07,
      -9.366801931241641e-05,
      4.875264849500296e-10,
      -9.850100680429251e-08,
      3.3178073916399233e-06,
      -0.00067033861598616,
      1.3250391319754947e-09,
      -2.677140475107724e-07
    ],
    [
      5.342215010206541e-07,
      -7.244121655909121e-11,
      9.649971951997167e-05,
      -1.3085341970947916e-08,
      -1.8854438124618124e-06,
      2.556689374493447e-10,
      0.0001293422828672552,
      -1.7539218514887876e-08,
      -3.5952892972866945e-06,
      4.875264849500296e-10,
      -9.36685289308814e-05,
      1.2701433113725715e-08,
      9.7715696618325e-06,
      -1.3250391319754945e-09,
      -0.0006703340183909227,
      9.08993916443217e-08
    ],
    [
      7.244121655909121e-11,
      1.4636195130875086e-08,
      -1.3085341970947916e-08,
      2.6438298064362625e-06,
      -2.556689374493446e-10,
      -5.165595823973626e-08,
      -1.753921851488788e-08,
      3.543626700450538e-06,
      -4.875264849500296e-10,
      -9.850100680429251e-08,
      1.2701433113725715e-08,
      -2.5662628859895194e-06,
      1.3250391319754945e-09,
      2.677140475107723e-07,
      9.08993916443217e-08,
      -1.8365328592725378e-05
    ],
    [
      0.0047210223573168125,
      -6.40177538921053e-07,
      -1.8854438124618124e-06,
      -2.556689374493447e-10,
      0.08872259348574862,
      -1.2030913263281504e-05,
      3.5409410269708004e-05,
      4.80156780039157e-09,
      0.024467342136998457,
      -3.3178073916399233e-06,
      -9.771569661832502e-06,
      -1.3250391319754947e-09,
      -0.22661112348139767,
      3.072879932818236e-05,
      -9.05632137321636e-05,
      -1.228050418361068e-08
    ],
    [
      -6.401775389210532e-07,
      0.00012934316998240575,
      2.556689374493446e-10,
      -5.165595823973626e-08,
      -1.2030913263281505e-05,
      0.0024307577092325507,
      -4.80156780039157e-09,
      9.701201415265042e-07,
      -3.3178073916399233e-06,
      0.00067033861598616,
      1.3250391319754947e-09,
      -2.677140475107724e-07,
      3.072879932818236e-05,
      -0.006208528332625183,
      1.228050418361068e-08,
      -2.481182178797865e-06
    ],
    [
      1.8854438124618124e-06,
      -2.556689374493447e-10,
      0.0001293422828672552,
      -1.7539218514887876e-08,
      3.5409410269708004e-05,
      -4.80156780039157e-09,
      0.0024307709342267564,
      -3.296120349947207e-07,
      9.7715696618325e-06,
      -1.3250391319754945e-09,
      0.0006703340183909227,
      -9.08993916443217e-08,
      -9.056321373216358e-05,
      1.2280504183610678e-08,
      -0.006208562111290538,
      8.418797357985412e-07
    ],
    [
      2.556689374493446e-10,
      5.165595823973626e-08,
      -1.753921851488788e-08,
      3.543626700450538e-06,
      4.80156780039157e-09,
      9.701201415265042e-07,
      -3.296120349947208e-07,
      6.659651116599953e-05,
      1.3250391319754945e-09,
      2.677140475107723e-07,
      -9.08993916443217e-08,
      1.8365328592725378e-05,
      -1.2280504183610678e-08,
      -2.481182178797864e-06,
      8.418797357985412e-07,
      -0.00017009771268344093
    ],
    [
      -0.003418880281035738,
      4.636051596630964e-07,
      -3.5952892972866945e-06,
      -4.875264849500296e-10,
      0.024467342136998457,
      -3.3178073916399233e-06,
      9.771569661832502e-06,
      1.3250391319754947e-09,
      0.032651854895945596,
      -4.427639214598421e-06,
      4.952368771113644e-06,
      6.715484456228458e-10,
      -0.08835224978601573,
      1.1980694338057782e-05,
      -3.5285408555192924e-05,
      -4.784752986615407e-09
    ],
    [
      4.636051596630964e-07,
      -9.366801931241641e-05,
      4.875264849500296e-10,
      -9.850100680429251e-08,
      -3.3178073916399233e-06,
      0.00067033861598616,
      -1.3250391319754947e-09,
      2.677140475107724e-07,
      -4.427639214598421e-06,
      0.0008945720012322594,
      -6.715484456228459e-10,
      1.356812400017366e-07,
      1.198069433805778e-05,
      -0.0024206112993066958,
      4.784752986615406e-09,
      -9.667228366880836e-07
    ],
    [
      -3.5952892972866945e-06,
      4.875264849500296e-10,
      -9.36685289308814e-05,
      1.2701433113725715e-08,
      -9.7715696618325e-06,
      1.3250391319754945e-09,
      0.0006703340183909227,
      -9.08993916443217e-08,
      4.9523687711136436e-06,
      -6.715484456228457e-10,
      0.0008945768683193765,
      -1.2130443797648585e-07,
      3.5285408555192924e-05,
      -4.784752986615407e-09,
      -0.002420594697263019,
      3.2824021959506604e-07
    ],
    [
      -4.875264849500296e-10,
      -9.850100680429251e-08,
      1.2701433113725715e-08,
      -2.5662628859895194e-06,
      -1.3250391319754945e-09,
      -2.677140475107723e-07,
      -9.08993916443217e-08,
      1.8365328592725378e-05,
      6.715484456228458e-10,
      1.3568124000173656e-07,
      -1.2130443797648585e-07,
      2.4508972672419936e-05,
      4.784752986615406e-09,
      9.667228366880836e-07,
      3.28240219595066e-07,
      -6.631770995563417e-05
    ],
    [
      -0.024467342136998457,
      3.3178073916399233e-06,
      9.771569661832502e-06,
      1.3250391319754947e-09,
      -0.22661112348139767,
      3.072879932818236e-05,
      -9.05632137321636e-05,
      -1.228050418361068e-08,
      -0.08835224978601573,
      1.1980694338057782e-05,
      3.5285408555192924e-05,
      4.784752986615407e-09,
      0.8224809380220823,
      -0.00011152961649656385,
      0.00032825421157369855,
      4.4511750990203374e-08
    ],
    [
      3.3178073916399233e-06,
      -0.00067033861598616,
      -1.3250391319754947e-09,
      2.677140475107724e-07,
      3.072879932818236e-05,
      -0.006208528332625183,
      1.228050418361068e-08,
      -2.481182178797865e-06,
      1.198069433805778e-05,
      -0.0024206112993066958,
      -4.784752986615406e-09,
      9.667228366880836e-07,
      -0.00011152961649656385,
      0.022533740305000587,
      -4.4511750990203374e-08,
      8.993259694612062e-06
    ],
    [
      -9.7715696618325e-06,
      1.3250391319754945e-09,
      -0.0006703340183909227,
      9.08993916443217e-08,
      -9.056321373216358e-05,
      1.2280504183610678e-08,
      -0.006208562111290538,
      8.418797357985412e-07,
      -3.5285408555192924e-05,
      4.784752986615407e-09,
      -0.002420594697263019,
      3.2824021959506604e-07,
      0.00032825421157369855,
      -4.4511750990203374e-08,
      0.022533862904050173,
      -3.0555871404883077e-06
    ],
    [
      -1.3250391319754945e-09,
      -2.677140475107723e-07,
      9.08993916443217e-08,
      -1.8365328592725378e-05,
      -1.2280504183610678e-08,
      -2.481182178797864e-06,
      8.418797357985412e-07,
      -0.00017009771268344093,
      -4.784752986615406e-09,
      -9.667228366880836e-07,
      3.28240219595066e-07,
      -6.631770995563417e-05,
      4.4511750990203374e-08,
      8.993259694612062e-06,
      -3.0555871404883077e-06,
      0.0006173665446514217
    ]
  ],
  "final_state_imag": [
    [
      0.0,
      0.0,
      0.0,
      0.0,
      0.0,
      0.0,
      0.0,
      0.0,
      0.0,
      0.0,
      0.0,
      0.0,
      0.0,
      0.0,
      0.0,
      0.0
    ],
    [
      0.0,
      0.0,
      0.0,
      0.0,
      0.0,
      0.0,
      0.0,
      0.0,
      0.0,
      0.0,
      0.0,
      0.0,
      0.0,
      0.0,
      0.0,
      0.0
    ],
    [
      0.0,
      0.0,
      0.0,
      0.0,
      0.0,
      0.0,
      0.0,
      0.0,
      0.0,
      0.0,
      0.0,
      0.0,
      0.0,
      0.0,
      0.0,
      0.0
    ],
    [
      0.0,
      0.0,
      0.0,
      0.0,
      0.0,
      0.0,
      0.0,
      0.0,
      0.0,
      0.0,
      0.0,
      0.0,
      0.0,
      0.0,
      0.0,
      0.0
    ],
    [
      0.0,
      0.0,
      0.0,
      0.0,
      0.0,
      0.0,
      0.0,
      0.0,
      0.0,
      0.0,
      0.0,
      0.0,
      0.0,
      0.0,
      0.0,
      0.0
    ],
    [
      0.0,
      0.0,
      0.0,
      0.0,
      0.0,
      0.0,
      0.0,
      0.0,
      0.0,
      0.0,
      0.0,
      0.0,
      0.0,
      0.0,
      0.0,
      0.0
    ],
    [
      0.0,
      0.0,
      0.0,
      0.0,
      0.0,
      0.0,
      0.0,
      0.0,
      0.0,
      0.0,
      0.0,
      0.0,
      0.0,
      0.0,
      0.0,
      0.0
    ],
    [
      0.0,
      0.0,
      0.0,
      0.0,
      0.0,
      0.0,
      0.0,
      0.0,
      0.0,
      0.0,
      0.0,
      0.0,
      0.0,
      0.0,
      0.0,
      0.0
    ],
    [
      0.0,
      0.0,
      0.0,
      0.0,
      0.0,
      0.0,
      0.0,
      0.0,
      0.0,
      0.0,
      0.0,
      0.0,
      0.0,
      0.0,
      0.0,
      0.0
    ],
    [
      0.0,
      0.0,
      0.0,
      0.0,
      0.0,
      0.0,
      0.0,
      0.0,
      0.0,
      0.0,
      0.0,
      0.0,
      0.0,
      0.0,
      0.0,
      0.0
    ],
    [
      0.0,
      0.0,
      0.0,
      0.0,
      0.0,
      0.0,
      0.0,
      0.0,
      0.0,
      0.0,
      0.0,
      0.0,
      0.0,
      0.0,
      0.0,
      0.0
    ],
    [
      0.0,
      0.0,
      0.0,
      0.0,
      0.0,
      0.0,
      0.0,
      0.0,
      0.0,
      0.0,
      0.0,
      0.0,
      0.0,
      0.0,
      0.0,
      0.0
    ],
    [
      0.0,
      0.0,
      0.0,
      0.0,
      0.0,
      0.0,
      0.0,
      0.0,
      0.0,
      0.0,
      0.0,
      0.0,
      0.0,
      0.0,
      0.0,
      0.0
    ],
    [
      0.0,
      0.0,
      0.0,
      0.0,
      0.0,
      0.0,
      0.0,
      0.0,
      0.0,
      0.0,
      0.0,
      0.0,
      0.0,
      0.0,
      0.0,
      0.0
    ],
    [
      0.0,
      0.0,
      0.0,
      0.0,
      0.0,
      0.0,
      0.0,
      0.0,
      0.0,
      0.0,
      0.0,
      0.0,
      0.0,
      0.0,
      0.0,
      0.0
    ],
    [
      0.0,
      0.0,
      0.0,
      0.0,
      0.0,
      0.0,
      0.0,
      0.0,
      0.0,
      0.0,
      0.0,
      0.0,
      0.0,
      0.0,
      0.0,
      0.0
    ]
  ]
}