{
  "config": {
    "symbols": [
      "H",
      "H"
    ],
    "geometry": [
      [
        0.0,
        0.0,
        0.0
      ],
      [
        0.0,
        0.0,
        0.7414
      ]
    ],
    "basis": "STO-3G",
    "ansatz": "RY-CZ",
    "optimizer": {
      "name": "Adam",
      "stepsize": 0.1,
      "iterations_planned": 50
    },
    "seed": 2,
    "noisy": true,
    "depolarizing_prob": 0.02,
    "amplitude_damping_prob": 0.0
  },
  "energies": [
    1.3068951553723733,
    1.3068951553723733,
    1.297759171495261,
    1.2798472920126995,
    1.2509185433032632,
    1.2116269946145468,
    1.1630966479731355,
    1.1041906828125305,
    1.0332488104683137,
    0.9504769067434032,
    0.8567628882400957,
    0.7535687138783386,
    0.6429916922642456,
    0.527762484778331,
    0.41099234049353306,
    0.2951562859939961,
    0.18041687329847458,
    0.06581934060937747,
    -0.04775126614186748,
    -0.157808582986913,
    -0.2614001626829465,
    -0.355918013786775,
    -0.44000041435282633,
    -0.5142563376238658,
    -0.5803647766371358,
    -0.6391090562510677,
    -0.6899901468117542,
    -0.7321127926431327,
    -0.7651142371208686,
    -0.789771628312503,
    -0.8078535949399811,
    -0.8210800466749121,
    -0.8302879631224326,
    -0.8355945391233546,
    -0.8370551625595861,
    -0.8352006518160185,
    -0.8311330220679354,
    -0.8260995729307123,
    -0.8209379337042503,
    -0.8159243603230562,
    -0.8110490813786433,
    -0.8063848148298568,
    -0.8022647496418263,
    -0.79915983419841,
    -0.7973848393140653,
    -0.7969204788447554,
    -0.7974949121907537,
    -0.7988124887964269,
    -0.8007296969921153,
    -0.8032517198711717,
    -0.8063789034559029
  ],
  "final_params": [
    -3.414849265231807,
    3.4136491291940203,
    -0.018889926845934962,
    0.019477991529112674
  ],
  "final_state_real": [
    [
      0.0009542554863313735,
      9.168158440882135e-06,
      -1.4394841941637492e-06,
      1.3830137744694515e-08,
      -0.0006641908401138226,
      -6.381347877394883e-06,
      -6.188660052887876e-06,
      5.9458812631319136e-08,
      0.0006463922628008863,
      6.210314496699596e-06,
      -3.7201402286968506e-05,
      3.574200536626668e-07,
      0.016717258688427078,
      0.00016061444513292846,
      0.00015576461581603846,
      -1.4965402893754701e-06
    ],
    [
      9.168158440882135e-06,
      1.2985842749002531e-05,
      -1.3830137744694515e-08,
      -1.9315972983836322e-08,
      -6.381347877394886e-06,
      -9.038541489769177e-06,
      -5.9458812631319136e-08,
      -8.304362831658223e-08,
      6.210314496699596e-06,
      8.796332218297936e-06,
      -3.574200536626668e-07,
      -4.991935892379569e-07,
      0.00016061444513292846,
      0.00022749430905228733,
      1.4965402893754704e-06,
      2.090155017428403e-06
    ],
    [
      -1.4394841941637478e-06,
      -1.3830137744694515e-08,
      1.2980460411783818e-05,
      1.2307626574785422e-07,
      6.188660052887873e-06,
      5.945881263131911e-08,
      -8.9163084246692e-06,
      -8.680362301588124e-08,
      -3.7201402286968506e-05,
      -3.574200536626668e-07,
      8.7926863381497e-06,
      8.336923083323248e-08,
      -0.00015576461581603848,
      -1.4965402893754706e-06,
      0.00022441778097309024,
      2.1847916794524145e-06
    ],
    [
      1.3830137744694502e-08,
      -1.9315972983836296e-08,
      1.2307626574785422e-07,
      1.766426498265294e-07,
      -5.9458812631319096e-08,
      8.304362831658218e-08,
      -8.680362301588128e-08,
      -1.2133624670003005e-07,
      3.574200536626668e-07,
      -4.991935892379569e-07,
      8.336923083323248e-08,
      1.1965395406578226e-07,
      1.4965402893754706e-06,
      -2.0901550174284035e-06,
      2.1847916794524145e-06,
      3.05395573359548e-06
    ],
    [
      -0.0006641908401138231,
      -6.381347877394886e-06,
      6.1886600528878795e-06,
      -5.945881263131916e-08,
      0.0295987641268968,
      0.00028437474351125083,
      0.00027564897250575716,
      -2.6483536772370184e-06,
      -0.016717258688427074,
      -0.0001606144451329284,
      0.00015576461581603843,
      -1.49654028937547e-06,
      -0.12377861722910102,
      -0.0011892223734678367,
      -0.0011539001318347233,
      1.108633066733069e-05
    ],
    [
      -6.3813478773948894e-06,
      -9.038541489769182e-06,
      5.945881263131916e-08,
      8.304362831658226e-08,
      0.00028437474351125083,
      0.00040279034495718373,
      2.6483536772370184e-06,
      3.698844438536268e-06,
      -0.0001606144451329284,
      -0.0002274943090522873,
      1.49654028937547e-06,
      2.0901550174284027e-06,
      -0.0011892223734678367,
      -0.0016844227589464524,
      -1.1086330667330692e-05,
      -1.5483812787199806e-05
    ],
    [
      -6.188660052887877e-06,
      -5.9458812631319136e-08,
      -8.916308424669204e-06,
      -8.680362301588128e-08,
      0.00027564897250575716,
      2.6483536772370184e-06,
      0.0004026233974970223,
      3.817536720166128e-06,
      -0.00015576461581603843,
      -1.49654028937547e-06,
      -0.00022441778097309018,
      -2.184791679452414e-06,
      -0.0011539001318347235,
      -1.1086330667330692e-05,
      -0.001683724603926192,
      -1.5964498193831232e-05
    ],
    [
      5.9458812631319136e-08,
      -8.304362831658223e-08,
      -8.680362301588133e-08,
      -1.2133624670003005e-07,
      -2.6483536772370184e-06,
      3.698844438536268e-06,
      3.817536720166128e-06,
      5.4790401541897576e-06,
      1.49654028937547e-06,
      -2.0901550174284027e-06,
      -2.184791679452414e-06,
      -3.05395573359548e-06,
      1.1086330667330694e-05,
      -1.548381278719981e-05,
      -1.5964498193831232e-05,
      -2.2912713893079397e-05
    ],
    [
      0.0006463922628008863,
      6.210314496699596e-06,
      -3.7201402286968506e-05,
      3.574200536626668e-07,
      -0.016717258688427078,
      -0.00016061444513292846,
      -0.00015576461581603846,
      1.4965402893754701e-06,
      0.029445674553469848,
      0.0002829039115538457,
      -4.4418485105246094e-05,
      4.267596475924445e-07,
      0.12322762871402276,
      0.001183934374638282,
      0.0011481849149016909,
      -1.1031420555955295e-05
    ],
    [
      6.210314496699596e-06,
      8.796332218297936e-06,
      -3.574200536626668e-07,
      -4.991935892379569e-07,
      -0.00016061444513292846,
      -0.00022749430905228733,
      -1.4965402893754704e-06,
      -2.090155017428403e-06,
      0.0002829039115538457,
      0.000400707048444342,
      -4.267596475924441e-07,
      -5.960372901310708e-07,
      0.001183934374638282,
      0.0016769247143286325,
      1.1031420555955295e-05,
      1.5407122139033754e-05
    ],
    [
      -3.7201402286968506e-05,
      -3.574200536626668e-07,
      8.7926863381497e-06,
      8.336923083323248e-08,
      0.00015576461581603848,
      1.4965402893754706e-06,
      -0.00022441778097309024,
      -2.1847916794524145e-06,
      -4.4418485105246094e-05,
      -4.267596475924445e-07,
      0.0004005409644633228,
      3.7977918056309694e-06,
      -0.0011481849149016909,
      -1.1031420555955295e-05,
      0.0016542467581554703,
      1.6104715666057568e-05
    ],
    [
      3.574200536626668e-07,
      -4.991935892379569e-07,
      8.336923083323248e-08,
      1.1965395406578226e-07,
      -1.4965402893754706e-06,
      2.0901550174284035e-06,
      -2.1847916794524145e-06,
      -3.05395573359548e-06,
      4.267596475924441e-07,
      -5.960372901310708e-07,
      3.7977918056309694e-06,
      5.450701676393927e-06,
      1.1031420555955295e-05,
      -1.5407122139033754e-05,
      1.6104715666057568e-05,
      2.2511569047447338e-05
    ],
    [
      0.016717258688427074,
      0.0001606144451329284,
      -0.00015576461581603843,
      1.49654028937547e-06,
      -0.12377861722910102,
      -0.0011892223734678367,
      -0.0011539001318347233,
      1.108633066733069e-05,
      0.12322762871402276,
      0.001183934374638282,
      -0.0011481849149016909,
      1.1031420555955295e-05,
      0.9133356717876563,
      0.008775014939501165,
      0.008505761875792139,
      -8.172084059187301e-05
    ],
    [
      0.0001606144451329284,
      0.0002274943090522873,
      -1.49654028937547e-06,
      -2.0901550174284027e-06,
      -0.0011892223734678367,
      -0.0016844227589464524,
      -1.1086330667330692e-05,
      -1.5483812787199806e-05,
      0.001183934374638282,
      0.0016769247143286325,
      -1.1031420555955295e-05,
      -1.5407122139033754e-05,
      0.008775014939501165,
      0.012428991586400425,
      8.172084059187301e-05,
      0.00011413606850695032
    ],
    [
      0.00015576461581603843,
      1.49654028937547e-06,
      0.00022441778097309018,
      2.184791679452414e-06,
      -0.0011539001318347235,
      -1.1086330667330692e-05,
      -0.001683724603926192,
      -1.5964498193831232e-05,
      0.0011481849149016909,
      1.1031420555955295e-05,
      0.0016542467581554703,
      1.6104715666057568e-05,
      0.008505761875792139,
      8.172084059187301e-05,
      0.012423840051355717,
      0.0001177985827360464
    ],
    [
      -1.49654028937547e-06,
      2.0901550174284027e-06,
      2.184791679452414e-06,
      3.05395573359548e-06,
      1.1086330667330694e-05,
      -1.548381278719981e-05,
      -1.5964498193831232e-05,
      -2.2912713893079397e-05,
      -1.1031420555955295e-05,
      1.5407122139033754e-05,
      1.6104715666057568e-05,
      2.2511569047447338e-05,
      -8.172084059187301e-05,
      0.00011413606850695032,
      0.0001177985827360464,
      0.00016906796508544273
    ]
  ],
  "final_state_imag": [
    [
      0.0,
      0.0,
      0.0,
      0.0,
      0.0,
      0.0,
      0.0,
      0.0,
      0.0,
      0.0,
      0.0,
      0.0,
      0.0,
      0.0,
      0.0,
      0.0
    ],
    [
      0.0,
      0.0,
      0.0,
      0.0,
      0.0,
      0.0,
      0.0,
      0.0,
      0.0,
      0.0,
      0.0,
      0.0,
      0.0,
      0.0,
      0.0,
      0.0
    ],
    [
      0.0,
      0.0,
      0.0,
      0.0,
      0.0,
      0.0,
      0.0,
      0.0,
      0.0,
      0.0,
      0.0,
      0.0,
      0.0,
      0.0,
      0.0,
      0.0
    ],
    [
      0.0,
      0.0,
      0.0,
      0.0,
      0.0,
      0.0,
      0.0,
      0.0,
      0.0,
      0.0,
      0.0,
      0.0,
      0.0,
      0.0,
      0.0,
      0.0
    ],
    [
      0.0,
      0.0,
      0.0,
      0.0,
      0.0,
      0.0,
      0.0,
      0.0,
      0.0,
      0.0,
      0.0,
      0.0,
      0.0,
      0.0,
      0.0,
      0.0
    ],
    [
      0.0,
      0.0,
      0.0,
      0.0,
      0.0,
      0.0,
      0.0,
      0.0,
      0.0,
      0.0,
      0.0,
      0.0,
      0.0,
      0.0,
      0.0,
      0.0
    ],
    [
      0.0,
      0.0,
      0.0,
      0.0,
      0.0,
      0.0,
      0.0,
      0.0,
      0.0,
      0.0,
      0.0,
      0.0,
      0.0,
      0.0,
      0.0,
      0.0
    ],
    [
      0.0,
      0.0,
      0.0,
      0.0,
      0.0,
      0.0,
      0.0,
      0.0,
      0.0,
      0.0,
      0.0,
      0.0,
      0.0,
      0.0,
      0.0,
      0.0
    ],
    [
      0.0,
      0.0,
      0.0,
      0.0,
      0.0,
      0.0,
      0.0,
      0.0,
      0.0,
      0.0,
      0.0,
      0.0,
      0.0,
      0.0,
      0.0,
      0.0
    ],
    [
      0.0,
      0.0,
      0.0,
      0.0,
      0.0,
      0.0,
      0.0,
      0.0,
      0.0,
      0.0,
      0.0,
      0.0,
      0.0,
      0.0,
      0.0,
      0.0
    ],
    [
      0.0,
      0.0,
      0.0,
      0.0,
      0.0,
      0.0,
      0.0,
      0.0,
      0.0,
      0.0,
      0.0,
      0.0,
      0.0,
      0.0,
      0.0,
      0.0
    ],
    [
      0.0,
      0.0,
      0.0,
      0.0,
      0.0,
      0.0,
      0.0,
      0.0,
      0.0,
      0.0,
      0.0,
      0.0,
      0.0,
      0.0,
      0.0,
      0.0
    ],
    [
      0.0,
      0.0,
      0.0,
      0.0,
      0.0,
      0.0,
      0.0,
      0.0,
      0.0,
      0.0,
      0.0,
      0.0,
      0.0,
      0.0,
      0.0,
      0.0
    ],
    [
      0.0,
      0.0,
      0.0,
      0.0,
      0.0,
      0.0,
      0.0,
      0.0,
      0.0,
      0.0,
      0.0,
      0.0,
      0.0,
      0.0,
      0.0,
      0.0
    ],
    [
      0.0,
      0.0,
      0.0,
      0.0,
      0.0,
      0.0,
      0.0,
      0.0,
      0.0,
      0.0,
      0.0,
      0.0,
      0.0,
      0.0,
      0.0,
      0.0
    ],
    [
      0.0,
      0.0,
      0.0,
      0.0,
      0.0,
      0.0,
      0.0,
      0.0,
      0.0,
      0.0,
      0.0,
      0.0,
      0.0,
      0.0,
      0.0,
      0.0
    ]
  ]
}