{
  "config": {
    "symbols": [
      "H",
      "H"
    ],
    "geometry": [
      [
        0.0,
        0.0,
        0.0
      ],
      [
        0.0,
        0.0,
        0.7414
      ]
    ],
    "basis": "STO-3G",
    "ansatz": "RY-CZ",
    "optimizer": {
      "name": "Adagrad",
      "stepsize": 0.1,
      "iterations_planned": 50
    },
    "seed": 3,
    "noisy": true,
    "depolarizing_prob": 0.04,
    "amplitude_damping_prob": 0.0
  },
  "energies": [
    1.2665857065809918,
    1.2665857065809918,
    1.2583247014680543,
    1.236509344023249,
    1.2066038488233448,
    1.1728079454536753,
    1.136853595265123,
    1.099307395991618,
    1.0607764897511653,
    1.0218282658836368,
    0.9829012846670131,
    0.9443180065327665,
    0.906298440179242,
    0.8689750129448632,
    0.8324143361649611,
    0.7966441295965898,
    0.7616757191026822,
    0.7275147668568949,
    0.6941630310079818,
    0.6616179173181457,
    0.6298727726794944,
    0.5989177013590417,
    0.5687403615953863,
    0.5393266030781967,
    0.5106609605320189,
    0.4827270375699416,
    0.45550780619766534,
    0.42898584269715445,
    0.40314351258045183,
    0.3779631165155123,
    0.3534270055664037,
    0.32951767223058925,
    0.3062178199700579,
    0.28351041939638866,
    0.2613787504149626,
    0.23980643402681634,
    0.21877745652266423,
    0.19827618654391171,
    0.17828738651223622,
    0.15879622001018398,
    0.13978825496680938,
    0.12124946493656735,
    0.10316622647451457,
    0.08552531644585726,
    0.06831390655583539,
    0.051519558163085385,
    0.035130220120219435,
    0.019134249638589312,
    0.0035205650001965405,
    -0.011720431582776858,
    -0.026591464397703657
  ],
  "final_params": [
    -1.6856329790307298,
    -1.6868040111137055,
    -0.01816104784595044,
    -0.01169776268779588
  ],
  "final_state_real": [
    [
      0.1879948338767743,
      -0.00106944092001319,
      -0.0015493999336386116,
      -8.814084139251412e-06,
      -0.18528762047009964,
      0.0010540499964614193,
      -0.0016364581506201129,
      -9.309332933851617e-06,
      -0.18505454930161763,
      0.0010527146059102332,
      0.0017514398321440076,
      9.963430170737526e-06,
      -0.20941476378248586,
      0.001191302637833371,
      -0.001849548805163359,
      -1.0521543492052405e-05
    ],
    [
      -0.00106944092001319,
      0.005156969900021375,
      8.814084139251412e-06,
      -4.239634771599922e-05,
      0.0010540499964614195,
      -0.00508270712501179,
      9.309332933851617e-06,
      -4.4778528299946186e-05,
      0.0010527146059102332,
      -0.0050763136461292125,
      -9.963430170737526e-06,
      4.7924780758734774e-05,
      0.001191302637833371,
      -0.0057445495239206515,
      1.0521543492052405e-05,
      -5.060934401698915e-05
    ],
    [
      -0.0015493999336386116,
      8.814084139251412e-06,
      0.005166033860978317,
      -2.921163065096961e-05,
      0.0016364581506201129,
      -9.309332933851617e-06,
      -0.005061105697454359,
      2.896493409203464e-05,
      0.0017514398321440076,
      -9.963430170737526e-06,
      -0.00508523584454916,
      2.875475369724162e-05,
      0.001849548805163359,
      -1.0521543492052405e-05,
      -0.005720135276288636,
      3.2736589824345764e-05
    ],
    [
      -8.814084139251412e-06,
      -4.239634771599922e-05,
      -2.921163065096961e-05,
      0.00014171177246827396,
      9.309332933851617e-06,
      4.4778528299946186e-05,
      2.896493409203464e-05,
      -0.00013883344134715247,
      9.963430170737526e-06,
      4.7924780758734774e-05,
      2.875475369724162e-05,
      -0.00013949536614415274,
      1.0521543492052405e-05,
      5.060934401698915e-05,
      3.2736589824345764e-05,
      -0.00015691157483192596
    ],
    [
      -0.18528762047009964,
      0.0010540499964614193,
      0.0016364581506201129,
      9.309332933851617e-06,
      0.23426356571455212,
      -0.0013326485524998931,
      0.0019810651436165017,
      1.1269701567734015e-05,
      0.20941476378248586,
      -0.001191302637833371,
      -0.001849548805163359,
      -1.0521543492052405e-05,
      0.23661103200653996,
      -0.001346002517921352,
      0.0021824990174011487,
      1.2415600101409397e-05
    ],
    [
      0.0010540499964614195,
      -0.00508270712501179,
      -9.309332933851617e-06,
      4.4778528299946186e-05,
      -0.0013326485524998931,
      0.006426188061388413,
      -1.1269701567734015e-05,
      5.4208035545457365e-05,
      -0.001191302637833371,
      0.0057445495239206515,
      1.0521543492052405e-05,
      -5.060934401698915e-05,
      -0.001346002517921352,
      0.006490582453295113,
      -1.2415600101409397e-05,
      5.971988588786645e-05
    ],
    [
      -0.0016364581506201129,
      9.309332933851617e-06,
      -0.005061105697454359,
      2.896493409203464e-05,
      0.0019810651436165017,
      -1.1269701567734015e-05,
      0.006437482817576566,
      -3.6401110687531975e-05,
      0.001849548805163359,
      -1.0521543492052405e-05,
      0.005720135276288636,
      -3.2736589824345764e-05,
      0.0021824990174011487,
      -1.2415600101409397e-05,
      0.006501990389948811,
      -3.676587240397412e-05
    ],
    [
      -9.309332933851617e-06,
      -4.4778528299946186e-05,
      2.896493409203464e-05,
      -0.00013883344134715247,
      1.1269701567734015e-05,
      5.4208035545457365e-05,
      -3.6401110687531975e-05,
      0.0001765894542820656,
      1.0521543492052405e-05,
      5.060934401698915e-05,
      -3.2736589824345764e-05,
      0.00015691157483192596,
      1.2415600101409397e-05,
      5.971988588786645e-05,
      -3.676587240397412e-05,
      0.00017835899018997872
    ],
    [
      -0.18505454930161763,
      0.0010527146059102332,
      0.0017514398321440076,
      9.963430170737526e-06,
      0.20941476378248586,
      -0.001191302637833371,
      0.001849548805163359,
      1.0521543492052405e-05,
      0.23374199832402198,
      -0.0013296815267658604,
      -0.0019264350473012582,
      -1.0958926889741631e-05,
      0.23631881167268118,
      -0.0013443523208694508,
      0.0020871650492647214,
      1.1873272973183782e-05
    ],
    [
      0.0010527146059102332,
      -0.0050763136461292125,
      -9.963430170737526e-06,
      4.7924780758734774e-05,
      -0.001191302637833371,
      0.0057445495239206515,
      -1.0521543492052405e-05,
      5.060934401698915e-05,
      -0.0013296815267658606,
      0.006411880714328228,
      1.0958926889741631e-05,
      -5.271318808299464e-05,
      -0.0013443523208694508,
      0.006482566427350104,
      -1.1873272973183782e-05,
      5.7111255298367085e-05
    ],
    [
      0.0017514398321440076,
      -9.963430170737526e-06,
      -0.00508523584454916,
      2.875475369724162e-05,
      -0.001849548805163359,
      1.0521543492052405e-05,
      0.005720135276288636,
      -3.2736589824345764e-05,
      -0.0019264350473012582,
      1.0958926889741631e-05,
      0.00642315032372715,
      -3.6320066790433466e-05,
      -0.0020871650492647214,
      1.1873272973183784e-05,
      0.006455015619164138,
      -3.694234286910575e-05
    ],
    [
      9.963430170737526e-06,
      4.7924780758734774e-05,
      2.875475369724162e-05,
      -0.00013949536614415274,
      -1.0521543492052405e-05,
      -5.060934401698915e-05,
      -3.2736589824345764e-05,
      0.00015691157483192596,
      -1.0958926889741631e-05,
      -5.271318808299464e-05,
      -3.6320066790433466e-05,
      0.00017619629326881065,
      -1.1873272973183784e-05,
      -5.71112552983671e-05,
      -3.694234286910575e-05,
      0.00017707040436024387
    ],
    [
      -0.20941476378248586,
      0.001191302637833371,
      0.001849548805163359,
      1.0521543492052405e-05,
      0.23661103200653996,
      -0.001346002517921352,
      0.0021824990174011487,
      1.2415600101409397e-05,
      0.23631881167268118,
      -0.0013443523208694508,
      -0.0020871650492647214,
      -1.1873272973183782e-05,
      0.2912698868125397,
      -0.0016569388067818802,
      0.0024631428211612963,
      1.4012100814877512e-05
    ],
    [
      0.001191302637833371,
      -0.0057445495239206515,
      -1.0521543492052405e-05,
      5.060934401698915e-05,
      -0.001346002517921352,
      0.006490582453295113,
      -1.2415600101409397e-05,
      5.971988588786645e-05,
      -0.0013443523208694508,
      0.006482566427350104,
      1.1873272973183782e-05,
      -5.7111255298367085e-05,
      -0.0016569388067818802,
      0.007989953809366209,
      -1.4012100814877512e-05,
      6.739916354254784e-05
    ],
    [
      -0.001849548805163359,
      1.0521543492052405e-05,
      -0.005720135276288636,
      3.2736589824345764e-05,
      0.0021824990174011487,
      -1.2415600101409397e-05,
      0.006501990389948811,
      -3.676587240397412e-05,
      0.0020871650492647214,
      -1.1873272973183784e-05,
      0.006455015619164138,
      -3.694234286910575e-05,
      0.0024631428211612963,
      -1.4012100814877512e-05,
      0.008003997061659688,
      -4.525905408068134e-05
    ],
    [
      -1.0521543492052405e-05,
      -5.060934401698915e-05,
      3.2736589824345764e-05,
      -0.00015691157483192596,
      1.2415600101409397e-05,
      5.971988588786645e-05,
      -3.676587240397412e-05,
      0.00017835899018997872,
      1.1873272973183784e-05,
      5.71112552983671e-05,
      -3.694234286910575e-05,
      0.00017707040436024387,
      1.4012100814877512e-05,
      6.739916354254784e-05,
      -4.525905408068134e-05,
      0.00021956120322909578
    ]
  ],
  "final_state_imag": [
    [
      0.0,
      0.0,
      0.0,
      0.0,
      0.0,
      0.0,
      0.0,
      0.0,
      0.0,
      0.0,
      0.0,
      0.0,
      0.0,
      0.0,
      0.0,
      0.0
    ],
    [
      0.0,
      0.0,
      0.0,
      0.0,
      0.0,
      0.0,
      0.0,
      0.0,
      0.0,
      0.0,
      0.0,
      0.0,
      0.0,
      0.0,
      0.0,
      0.0
    ],
    [
      0.0,
      0.0,
      0.0,
      0.0,
      0.0,
      0.0,
      0.0,
      0.0,
      0.0,
      0.0,
      0.0,
      0.0,
      0.0,
      0.0,
      0.0,
      0.0
    ],
    [
      0.0,
      0.0,
      0.0,
      0.0,
      0.0,
      0.0,
      0.0,
      0.0,
      0.0,
      0.0,
      0.0,
      0.0,
      0.0,
      0.0,
      0.0,
      0.0
    ],
    [
      0.0,
      0.0,
      0.0,
      0.0,
      0.0,
      0.0,
      0.0,
      0.0,
      0.0,
      0.0,
      0.0,
      0.0,
      0.0,
      0.0,
      0.0,
      0.0
    ],
    [
      0.0,
      0.0,
      0.0,
      0.0,
      0.0,
      0.0,
      0.0,
      0.0,
      0.0,
      0.0,
      0.0,
      0.0,
      0.0,
      0.0,
      0.0,
      0.0
    ],
    [
      0.0,
      0.0,
      0.0,
      0.0,
      0.0,
      0.0,
      0.0,
      0.0,
      0.0,
      0.0,
      0.0,
      0.0,
      0.0,
      0.0,
      0.0,
      0.0
    ],
    [
      0.0,
      0.0,
      0.0,
      0.0,
      0.0,
      0.0,
      0.0,
      0.0,
      0.0,
      0.0,
      0.0,
      0.0,
      0.0,
      0.0,
      0.0,
      0.0
    ],
    [
      0.0,
      0.0,
      0.0,
      0.0,
      0.0,
      0.0,
      0.0,
      0.0,
      0.0,
      0.0,
      0.0,
      0.0,
      0.0,
      0.0,
      0.0,
      0.0
    ],
    [
      0.0,
      0.0,
      0.0,
      0.0,
      0.0,
      0.0,
      0.0,
      0.0,
      0.0,
      0.0,
      0.0,
      0.0,
      0.0,
      0.0,
      0.0,
      0.0
    ],
    [
      0.0,
      0.0,
      0.0,
      0.0,
      0.0,
      0.0,
      0.0,
      0.0,
      0.0,
      0.0,
      0.0,
      0.0,
      0.0,
      0.0,
      0.0,
      0.0
    ],
    [
      0.0,
      0.0,
      0.0,
      0.0,
      0.0,
      0.0,
      0.0,
      0.0,
      0.0,
      0.0,
      0.0,
      0.0,
      0.0,
      0.0,
      0.0,
      0.0
    ],
    [
      0.0,
      0.0,
      0.0,
      0.0,
      0.0,
      0.0,
      0.0,
      0.0,
      0.0,
      0.0,
      0.0,
      0.0,
      0.0,
      0.0,
      0.0,
      0.0
    ],
    [
      0.0,
      0.0,
      0.0,
      0.0,
      0.0,
      0.0,
      0.0,
      0.0,
      0.0,
      0.0,
      0.0,
      0.0,
      0.0,
      0.0,
      0.0,
      0.0
    ],
    [
      0.0,
      0.0,
      0.0,
      0.0,
      0.0,
      0.0,
      0.0,
      0.0,
      0.0,
      0.0,
      0.0,
      0.0,
      0.0,
      0.0,
      0.0,
      0.0
    ],
    [
      0.0,
      0.0,
      0.0,
      0.0,
      0.0,
      0.0,
      0.0,
      0.0,
      0.0,
      0.0,
      0.0,
      0.0,
      0.0,
      0.0,
      0.0,
      0.0
    ]
  ]
}