{
  "config": {
    "symbols": [
      "H",
      "H"
    ],
    "geometry": [
      [
        0.0,
        0.0,
        0.0
      ],
      [
        0.0,
        0.0,
        0.7414
      ]
    ],
    "basis": "STO-3G",
    "ansatz": "RY-CZ",
    "optimizer": {
      "name": "GradientDescent",
      "stepsize": 0.1,
      "iterations_planned": 50
    },
    "seed": 1,
    "noisy": true,
    "depolarizing_prob": 0.0,
    "amplitude_damping_prob": 0.0
  },
  "energies": [
    1.3487409119097176,
    1.3487409119097176,
    1.3487327644588598,
    1.3487233696659375,
    1.3487125352226335,
    1.3487000391305506,
    1.3486856251842778,
    1.348668997651044,
    1.3486498151978583,
    1.3486276838560614,
    1.3486021489369637,
    1.3485726856502613,
    1.348538688294895,
    1.3484994578819927,
    1.3484541876472949,
    1.3484019465969095,
    1.3483416603233542,
    1.3482720890150044,
    1.3481918019815406,
    1.3480991484413098,
    1.3479922237219888,
    1.347868830377554,
    1.347726433320603,
    1.34756210824071,
    1.3473724822163424,
    1.3471536653533787,
    1.3469011720883814,
    1.346609830802727,
    1.3462736799991932,
    1.3458858491529824,
    1.345438421869977,
    1.3449222793788091,
    1.3443269210617337,
    1.3436402597968509,
    1.3428483881299829,
    1.3419353119034874,
    1.3408826481484732,
    1.3396692817150884,
    1.338270978383997,
    1.3366599483982446,
    1.3348043576159019,
    1.3326677822907649,
    1.3302086046086838,
    1.32737934773098,
    1.3241259513497345,
    1.3203869901818082,
    1.316092845232763,
    1.3111648386406873,
    1.3055143548168728,
    1.299041978785707,
    1.291636691723334
  ],
  "final_params": [
    0.4155927338555707,
    -0.07949484602446069,
    -0.013589024742518085,
    0.014421665555118233
  ],
  "final_state_real": [
    [
      0.9558329360793514,
      0.0068924709263228695,
      -0.0064945186500357166,
      4.683169964768472e-05,
      -0.03801191595326426,
      -0.0002741023202614896,
      -0.00025827640768969065,
      1.862420265886841e-06,
      0.20152760474018303,
      0.0014532070449682485,
      -0.001369302875093111,
      9.873985190991636e-06,
      0.008014423948465577,
      5.779167255169666e-05,
      5.4454940646951536e-05,
      -3.9267227675087325e-07
    ],
    [
      0.006892470926322869,
      4.970131672103875e-05,
      -4.6831699647684724e-05,
      3.377014077918466e-07,
      -0.0002741023202614896,
      -1.9765402536932997e-06,
      -1.8624202658868408e-06,
      1.3429833860858939e-08,
      0.0014532070449682485,
      1.0479014619760524e-05,
      -9.873985190991636e-06,
      7.120089009365204e-08,
      5.779167255169666e-05,
      4.1673330972798436e-07,
      3.9267227675087325e-07,
      -2.8315431995250103e-09
    ],
    [
      -0.006494518650035717,
      -4.6831699647684724e-05,
      4.412776639288579e-05,
      -3.182034591636634e-07,
      0.0002582764076896906,
      1.8624202658868406e-06,
      1.7548892516286719e-06,
      -1.2654432275435645e-08,
      -0.0013693028750931108,
      -9.873985190991635e-06,
      9.303888501865088e-06,
      -6.7089946919312e-08,
      -5.4454940646951536e-05,
      -3.9267227675087325e-07,
      -3.700004614987025e-07,
      2.6680577008320487e-09
    ],
    [
      4.6831699647684724e-05,
      3.377014077918466e-07,
      -3.182034591636634e-07,
      2.2945517055323033e-09,
      -1.8624202658868404e-06,
      -1.3429833860858935e-08,
      -1.2654432275435645e-08,
      9.125057655295365e-11,
      9.873985190991635e-06,
      7.120089009365203e-08,
      -6.7089946919312e-08,
      4.837827738654517e-10,
      3.9267227675087325e-07,
      2.8315431995250103e-09,
      2.6680577008320487e-09,
      -1.9239251368871914e-11
    ],
    [
      -0.03801191595326426,
      -0.0002741023202614896,
      0.00025827640768969065,
      -1.862420265886841e-06,
      0.0015116718622221737,
      1.0900601943310408e-05,
      1.0271231227873061e-05,
      -7.406541451274835e-08,
      -0.008014423948465577,
      -5.779167255169666e-05,
      5.4454940646951536e-05,
      -3.9267227675087325e-07,
      -0.0003187205609263196,
      -2.2982805016290033e-06,
      -2.1655841193636555e-06,
      1.5615935607372034e-08
    ],
    [
      -0.0002741023202614896,
      -1.9765402536932997e-06,
      1.8624202658868408e-06,
      -1.3429833860858939e-08,
      1.0900601943310408e-05,
      7.860378018648792e-08,
      7.406541451274835e-08,
      -5.340825752173689e-10,
      -5.779167255169666e-05,
      -4.1673330972798436e-07,
      3.9267227675087325e-07,
      -2.8315431995250103e-09,
      -2.2982805016290037e-06,
      -1.6572803620978213e-08,
      -1.561593560737203e-08,
      1.12605851982079e-10
    ],
    [
      -0.0002582764076896906,
      -1.8624202658868406e-06,
      1.7548892516286719e-06,
      -1.2654432275435645e-08,
      1.0271231227873061e-05,
      7.406541451274835e-08,
      6.978908162806905e-08,
      -5.032461191937205e-10,
      -5.4454940646951536e-05,
      -3.9267227675087325e-07,
      3.700004614987025e-07,
      -2.6680577008320487e-09,
      -2.1655841193636555e-06,
      -1.5615935607372034e-08,
      -1.471431452744848e-08,
      1.0610430041188548e-10
    ],
    [
      1.8624202658868404e-06,
      1.3429833860858935e-08,
      -1.2654432275435645e-08,
      9.125057655295365e-11,
      -7.406541451274835e-08,
      -5.340825752173689e-10,
      -5.032461191937205e-10,
      3.628886512212766e-12,
      3.9267227675087325e-07,
      2.8315431995250103e-09,
      -2.6680577008320487e-09,
      1.9239251368871914e-11,
      1.561593560737203e-08,
      1.12605851982079e-10,
      1.0610430041188548e-10,
      -7.651136292304812e-13
    ],
    [
      0.20152760474018303,
      0.0014532070449682485,
      -0.001369302875093111,
      9.873985190991636e-06,
      -0.008014423948465577,
      -5.779167255169666e-05,
      -5.4454940646951536e-05,
      3.9267227675087325e-07,
      0.0424900355902402,
      0.00030639385180156826,
      -0.0002887035151910555,
      2.0818288527948013e-06,
      0.001689759371894967,
      1.2184783452890733e-05,
      1.1481267636432904e-05,
      -8.279093594121134e-08
    ],
    [
      0.0014532070449682485,
      1.0479014619760524e-05,
      -9.873985190991636e-06,
      7.120089009365204e-08,
      -5.779167255169666e-05,
      -4.1673330972798436e-07,
      -3.9267227675087325e-07,
      2.8315431995250103e-09,
      0.00030639385180156826,
      2.2093931236780652e-06,
      -2.0818288527948013e-06,
      1.501197991231237e-08,
      1.2184783452890733e-05,
      8.786395880997668e-08,
      8.279093594121134e-08,
      -5.970019416353568e-10
    ],
    [
      -0.0013693028750931108,
      -9.873985190991635e-06,
      9.303888501865088e-06,
      -6.7089946919312e-08,
      5.4454940646951536e-05,
      3.9267227675087325e-07,
      3.700004614987025e-07,
      -2.6680577008320487e-09,
      -0.0002887035151910555,
      -2.0818288527948013e-06,
      1.961629793007955e-06,
      -1.4145229563086713e-08,
      -1.1481267636432904e-05,
      -8.279093594121134e-08,
      -7.801081543017176e-08,
      5.625326952663467e-10
    ],
    [
      9.873985190991635e-06,
      7.120089009365203e-08,
      -6.7089946919312e-08,
      4.837827738654517e-10,
      -3.9267227675087325e-07,
      -2.8315431995250103e-09,
      -2.6680577008320487e-09,
      1.9239251368871914e-11,
      2.0818288527948013e-06,
      1.501197991231237e-08,
      -1.4145229563086713e-08,
      1.0200065299237624e-10,
      8.279093594121134e-08,
      5.970019416353568e-10,
      5.625326952663467e-10,
      -4.056399501428758e-12
    ],
    [
      0.008014423948465577,
      5.779167255169666e-05,
      -5.4454940646951536e-05,
      3.9267227675087325e-07,
      -0.0003187205609263196,
      -2.2982805016290033e-06,
      -2.1655841193636555e-06,
      1.5615935607372034e-08,
      0.0016897593718949667,
      1.2184783452890732e-05,
      -1.1481267636432902e-05,
      8.279093594121133e-08,
      6.719897254226076e-05,
      4.845689524218796e-07,
      4.5659127652374716e-07,
      -3.2924604079465543e-09
    ],
    [
      5.779167255169666e-05,
      4.1673330972798436e-07,
      -3.9267227675087325e-07,
      2.8315431995250103e-09,
      -2.2982805016290037e-06,
      -1.6572803620978213e-08,
      -1.561593560737203e-08,
      1.12605851982079e-10,
      1.2184783452890732e-05,
      8.786395880997666e-08,
      -8.279093594121133e-08,
      5.970019416353567e-10,
      4.845689524218796e-07,
      3.4942062483752052e-09,
      3.292460407946554e-09,
      -2.3741792914352147e-11
    ],
    [
      5.4454940646951536e-05,
      3.9267227675087325e-07,
      -3.700004614987025e-07,
      2.6680577008320487e-09,
      -2.1655841193636555e-06,
      -1.5615935607372034e-08,
      -1.471431452744848e-08,
      1.0610430041188548e-10,
      1.1481267636432902e-05,
      8.279093594121133e-08,
      -7.801081543017174e-08,
      5.625326952663466e-10,
      4.5659127652374716e-07,
      3.2924604079465543e-09,
      3.1023628191241297e-09,
      -2.2371007221094817e-11
    ],
    [
      -3.9267227675087325e-07,
      -2.8315431995250103e-09,
      2.6680577008320487e-09,
      -1.9239251368871914e-11,
      1.561593560737203e-08,
      1.12605851982079e-10,
      1.0610430041188548e-10,
      -7.651136292304812e-13,
      -8.279093594121133e-08,
      -5.970019416353567e-10,
      5.625326952663466e-10,
      -4.0563995014287575e-12,
      -3.292460407946554e-09,
      -2.3741792914352147e-11,
      -2.237100722109482e-11,
      1.6131638828991172e-13
    ]
  ],
  "final_state_imag": [
    [
      0.0,
      0.0,
      0.0,
      0.0,
      0.0,
      0.0,
      0.0,
      0.0,
      0.0,
      0.0,
      0.0,
      0.0,
      0.0,
      0.0,
      0.0,
      0.0
    ],
    [
      0.0,
      0.0,
      0.0,
      0.0,
      0.0,
      0.0,
      0.0,
      0.0,
      0.0,
      0.0,
      0.0,
      0.0,
      0.0,
      0.0,
      0.0,
      0.0
    ],
    [
      0.0,
      0.0,
      0.0,
      0.0,
      0.0,
      0.0,
      0.0,
      0.0,
      0.0,
      0.0,
      0.0,
      0.0,
      0.0,
      0.0,
      0.0,
      0.0
    ],
    [
      0.0,
      0.0,
      0.0,
      0.0,
      0.0,
      0.0,
      0.0,
      0.0,
      0.0,
      0.0,
      0.0,
      0.0,
      0.0,
      0.0,
      0.0,
      0.0
    ],
    [
      0.0,
      0.0,
      0.0,
      0.0,
      0.0,
      0.0,
      0.0,
      0.0,
      0.0,
      0.0,
      0.0,
      0.0,
      0.0,
      0.0,
      0.0,
      0.0
    ],
    [
      0.0,
      0.0,
      0.0,
      0.0,
      0.0,
      0.0,
      0.0,
      0.0,
      0.0,
      0.0,
      0.0,
      0.0,
      0.0,
      0.0,
      0.0,
      0.0
    ],
    [
      0.0,
      0.0,
      0.0,
      0.0,
      0.0,
      0.0,
      0.0,
      0.0,
      0.0,
      0.0,
      0.0,
      0.0,
      0.0,
      0.0,
      0.0,
      0.0
    ],
    [
      0.0,
      0.0,
      0.0,
      0.0,
      0.0,
      0.0,
      0.0,
      0.0,
      0.0,
      0.0,
      0.0,
      0.0,
      0.0,
      0.0,
      0.0,
      0.0
    ],
    [
      0.0,
      0.0,
      0.0,
      0.0,
      0.0,
      0.0,
      0.0,
      0.0,
      0.0,
      0.0,
      0.0,
      0.0,
      0.0,
      0.0,
      0.0,
      0.0
    ],
    [
      0.0,
      0.0,
      0.0,
      0.0,
      0.0,
      0.0,
      0.0,
      0.0,
      0.0,
      0.0,
      0.0,
      0.0,
      0.0,
      0.0,
      0.0,
      0.0
    ],
    [
      0.0,
      0.0,
      0.0,
      0.0,
      0.0,
      0.0,
      0.0,
      0.0,
      0.0,
      0.0,
      0.0,
      0.0,
      0.0,
      0.0,
      0.0,
      0.0
    ],
    [
      0.0,
      0.0,
      0.0,
      0.0,
      0.0,
      0.0,
      0.0,
      0.0,
      0.0,
      0.0,
      0.0,
      0.0,
      0.0,
      0.0,
      0.0,
      0.0
    ],
    [
      0.0,
      0.0,
      0.0,
      0.0,
      0.0,
      0.0,
      0.0,
      0.0,
      0.0,
      0.0,
      0.0,
      0.0,
      0.0,
      0.0,
      0.0,
      0.0
    ],
    [
      0.0,
      0.0,
      0.0,
      0.0,
      0.0,
      0.0,
      0.0,
      0.0,
      0.0,
      0.0,
      0.0,
      0.0,
      0.0,
      0.0,
      0.0,
      0.0
    ],
    [
      0.0,
      0.0,
      0.0,
      0.0,
      0.0,
      0.0,
      0.0,
      0.0,
      0.0,
      0.0,
      0.0,
      0.0,
      0.0,
      0.0,
      0.0,
      0.0
    ],
    [
      0.0,
      0.0,
      0.0,
      0.0,
      0.0,
      0.0,
      0.0,
      0.0,
      0.0,
      0.0,
      0.0,
      0.0,
      0.0,
      0.0,
      0.0,
      0.0
    ]
  ]
}