{
  "config": {
    "symbols": [
      "H",
      "H"
    ],
    "geometry": [
      [
        0.0,
        0.0,
        0.0
      ],
      [
        0.0,
        0.0,
        0.7414
      ]
    ],
    "basis": "STO-3G",
    "ansatz": "RY-CZ",
    "optimizer": {
      "name": "Momentum",
      "stepsize": 0.1,
      "iterations_planned": 50
    },
    "seed": 4,
    "noisy": true,
    "depolarizing_prob": 0.1,
    "amplitude_damping_prob": 0.0
  },
  "energies": [
    1.1543080185242172,
    1.1543080185242172,
    1.1543047287125858,
    1.1542977439758304,
    1.1542859306914335,
    1.1542673058133421,
    1.154238747261881,
    1.1541955021537789,
    1.1541304203421268,
    1.154032792555421,
    1.1538866065977724,
    1.1536679402760708,
    1.1533410709414464,
    1.1528526777199557,
    1.152123214919115,
    1.1510341035416864,
    1.1494087732145215,
    1.1469847334142833,
    1.143372722689536,
    1.1379976074814524,
    1.1300143224241759,
    1.1181915103320865,
    1.1007575263868792,
    1.0752122593829612,
    1.0381319355667677,
    0.9850461020603339,
    0.910561788785507,
    0.8090470018539346,
    0.6762868528798422,
    0.5123441724461673,
    0.324982282981555,
    0.1313707182667656,
    -0.04519152224467329,
    -0.18431313813040592,
    -0.27817157743162146,
    -0.3340056425574137,
    -0.3675272898435975,
    -0.39325776629682246,
    -0.41858353925107894,
    -0.4434791618181285,
    -0.4639102385977487,
    -0.4760096060539816,
    -0.478858006309136,
    -0.4749879805936944,
    -0.4690396950907639,
    -0.46575130992700264,
    -0.46837338711190135,
    -0.4779959809851355,
    -0.49372104791719784,
    -0.5133541091937628,
    -0.5342616142267175
  ],
  "final_params": [
    -3.823366422774292,
    -3.4132541489395813,
    -0.0017414012372220053,
    0.0015453086301229111
  ],
  "final_state_real": [
    [
      0.01176109091950992,
      8.438168222211466e-06,
      5.5665391536297114e-06,
      -3.993796426573582e-09,
      0.004568727298354223,
      3.277901524550555e-06,
      3.6938520973324635e-06,
      -2.6502092053009665e-09,
      -0.01149659598431597,
      -8.248402428173848e-06,
      -1.587815533916209e-05,
      1.1392019045222389e-08,
      -0.027659786130199312,
      -1.9844925994506813e-05,
      -2.236315549969657e-05,
      1.6044779001214696e-08
    ],
    [
      8.438168222211466e-06,
      0.0008400849083106911,
      3.993796426573582e-09,
      3.9760663330439033e-07,
      3.277901524550555e-06,
      0.00032634037775931,
      2.6502092053009674e-09,
      2.6384438442098134e-07,
      -8.248402428173848e-06,
      -0.0008211922558431841,
      -1.1392019045222389e-08,
      -1.134144521982164e-06,
      -1.9844925994506817e-05,
      -0.001975715437803117,
      -1.6044779001214696e-08,
      -1.597354967403575e-06
    ],
    [
      5.566539153629713e-06,
      3.993796426573582e-09,
      0.0008400867936481465,
      6.027199370811759e-07,
      -3.6938520973324635e-06,
      -2.6502092053009665e-09,
      0.00032633421819640274,
      2.3413829554586873e-07,
      -1.587815533916209e-05,
      -1.1392019045222389e-08,
      -0.0008211940987813236,
      -5.891653806382922e-07,
      2.236315549969657e-05,
      1.6044779001214696e-08,
      -0.001975678146850617,
      -1.4175096819678934e-06
    ],
    [
      -3.993796426573582e-09,
      3.9760663330439044e-07,
      6.027199370811759e-07,
      6.000669851503314e-05,
      2.6502092053009674e-09,
      -2.6384438442098134e-07,
      2.3413829554586873e-07,
      2.330978083992142e-05,
      1.1392019045222389e-08,
      -1.134144521982164e-06,
      -5.891653806382922e-07,
      -5.865720908896227e-05,
      -1.6044779001214696e-08,
      1.597354967403575e-06,
      -1.4175096819678936e-06,
      -0.00014112104108430758
    ],
    [
      0.004568727298354226,
      3.2779015245505566e-06,
      -3.6938520973324635e-06,
      2.6502092053009665e-09,
      0.13069646288116563,
      9.377010579944128e-05,
      0.00010538751120888164,
      -7.561183961080472e-08,
      0.027659786130199312,
      1.9844925994506813e-05,
      -2.236315549969657e-05,
      1.6044779001214696e-08,
      -0.2176572561015851,
      -0.00015616141005452488,
      -0.00017644781033566352,
      1.265951096267422e-07
    ],
    [
      3.277901524550555e-06,
      0.0003263403777593101,
      -2.6502092053009674e-09,
      -2.6384438442098134e-07,
      9.377010579944128e-05,
      0.009335539261406447,
      7.561183961080472e-08,
      7.527616777251813e-06,
      1.9844925994506817e-05,
      0.001975715437803117,
      -1.6044779001214696e-08,
      -1.597354967403575e-06,
      -0.00015616141005452488,
      -0.015547076141715264,
      -1.265951096267422e-07,
      -1.260331022296832e-05
    ],
    [
      3.6938520973324635e-06,
      2.6502092053009665e-09,
      0.00032633421819640296,
      2.3413829554586875e-07,
      0.00010538751120888164,
      7.561183961080472e-08,
      0.009335560212433733,
      6.6977939736691456e-06,
      2.236315549969657e-05,
      1.6044779001214696e-08,
      0.001975678146850617,
      1.4175096819678934e-06,
      -0.00017644781033566352,
      -1.265951096267422e-07,
      -0.015547111032813378,
      -1.1154268647408368e-05
    ],
    [
      -2.6502092053009674e-09,
      2.6384438442098134e-07,
      2.3413829554586873e-07,
      2.330978083992144e-05,
      -7.561183961080472e-08,
      7.527616777251813e-06,
      6.6977939736691456e-06,
      0.0006668312743064932,
      -1.6044779001214696e-08,
      1.597354967403575e-06,
      1.4175096819678936e-06,
      0.00014112104108430758,
      1.265951096267422e-07,
      -1.260331022296832e-05,
      -1.1154268647408368e-05,
      -0.0011105171651067728
    ],
    [
      -0.01149659598431597,
      -8.248402428173848e-06,
      -1.587815533916209e-05,
      1.1392019045222389e-08,
      0.027659786130199312,
      1.9844925994506813e-05,
      2.236315549969657e-05,
      -1.6044779001214696e-08,
      0.06015650006588109,
      4.31601686178047e-05,
      2.847214729090871e-05,
      -2.0427766152181093e-08,
      -0.08321625277360034,
      -5.9704741390940444e-05,
      -6.728099747836588e-05,
      4.827175375748343e-08
    ],
    [
      -8.248402428173848e-06,
      -0.0008211922558431841,
      -1.1392019045222389e-08,
      -1.134144521982164e-06,
      1.9844925994506817e-05,
      0.001975715437803117,
      1.6044779001214696e-08,
      1.597354967403575e-06,
      4.31601686178047e-05,
      0.004296928591743567,
      2.0427766152181093e-08,
      2.033707895488915e-06,
      -5.970474139094046e-05,
      -0.005944067481469857,
      -4.827175375748343e-08,
      -4.805745572685097e-06
    ],
    [
      -1.587815533916209e-05,
      -1.1392019045222389e-08,
      -0.0008211940987813236,
      -5.891653806382922e-07,
      -2.236315549969657e-05,
      -1.6044779001214696e-08,
      0.001975678146850617,
      1.4175096819678934e-06,
      2.8472147290908715e-05,
      2.0427766152181093e-08,
      0.004296938235007404,
      3.0828366333420414e-06,
      6.728099747836588e-05,
      4.827175375748343e-08,
      -0.005943955289231099,
      -4.2646694174860575e-06
    ],
    [
      1.1392019045222389e-08,
      -1.134144521982164e-06,
      -5.891653806382922e-07,
      -5.865720908896227e-05,
      1.6044779001214696e-08,
      -1.597354967403575e-06,
      1.4175096819678936e-06,
      0.00014112104108430758,
      -2.0427766152181093e-08,
      2.033707895488915e-06,
      3.0828366333420414e-06,
      0.00030692671180568656,
      -4.827175375748343e-08,
      4.805745572685097e-06,
      -4.264669417486058e-06,
      -0.00042457176535156234
    ],
    [
      -0.027659786130199312,
      -1.9844925994506813e-05,
      2.236315549969657e-05,
      -1.6044779001214696e-08,
      -0.2176572561015851,
      -0.00015616141005452488,
      -0.00017644781033566352,
      1.265951096267422e-07,
      -0.08321625277360034,
      -5.9704741390940444e-05,
      6.728099747836588e-05,
      -4.827175375748343e-08,
      0.6684959611084179,
      0.0004796222913594159,
      0.0005390438581223303,
      -3.867450447971114e-07
    ],
    [
      -1.9844925994506817e-05,
      -0.001975715437803117,
      1.6044779001214696e-08,
      1.597354967403575e-06,
      -0.00015616141005452488,
      -0.015547076141715264,
      -1.265951096267422e-07,
      -1.260331022296832e-05,
      -5.9704741390940444e-05,
      -0.005944067481469857,
      4.827175375748343e-08,
      4.805745572685097e-06,
      0.0004796222913594159,
      0.047750108560272404,
      3.867450447971114e-07,
      3.850281255844128e-05
    ],
    [
      -2.236315549969657e-05,
      -1.6044779001214696e-08,
      -0.001975678146850617,
      -1.4175096819678934e-06,
      -0.00017644781033566352,
      -1.265951096267422e-07,
      -0.015547111032813378,
      -1.1154268647408368e-05,
      -6.728099747836588e-05,
      -4.827175375748343e-08,
      -0.005943955289231097,
      -4.264669417486057e-06,
      0.0005390438581223303,
      3.867450447971114e-07,
      0.04775021572214053,
      3.4258373341022976e-05
    ],
    [
      1.6044779001214696e-08,
      -1.597354967403575e-06,
      -1.4175096819678936e-06,
      -0.00014112104108430758,
      1.265951096267422e-07,
      -1.260331022296832e-05,
      -1.1154268647408368e-05,
      -0.0011105171651067728,
      4.827175375748343e-08,
      -4.805745572685097e-06,
      -4.2646694174860575e-06,
      -0.0004245717653515621,
      -3.867450447971114e-07,
      3.850281255844128e-05,
      3.4258373341022976e-05,
      0.0034107580556329616
    ]
  ],
  "final_state_imag": [
    [
      0.0,
      0.0,
      0.0,
      0.0,
      0.0,
      0.0,
      0.0,
      0.0,
      0.0,
      0.0,
      0.0,
      0.0,
      0.0,
      0.0,
      0.0,
      0.0
    ],
    [
      0.0,
      0.0,
      0.0,
      0.0,
      0.0,
      0.0,
      0.0,
      0.0,
      0.0,
      0.0,
      0.0,
      0.0,
      0.0,
      0.0,
      0.0,
      0.0
    ],
    [
      0.0,
      0.0,
      0.0,
      0.0,
      0.0,
      0.0,
      0.0,
      0.0,
      0.0,
      0.0,
      0.0,
      0.0,
      0.0,
      0.0,
      0.0,
      0.0
    ],
    [
      0.0,
      0.0,
      0.0,
      0.0,
      0.0,
      0.0,
      0.0,
      0.0,
      0.0,
      0.0,
      0.0,
      0.0,
      0.0,
      0.0,
      0.0,
      0.0
    ],
    [
      0.0,
      0.0,
      0.0,
      0.0,
      0.0,
      0.0,
      0.0,
      0.0,
      0.0,
      0.0,
      0.0,
      0.0,
      0.0,
      0.0,
      0.0,
      0.0
    ],
    [
      0.0,
      0.0,
      0.0,
      0.0,
      0.0,
      0.0,
      0.0,
      0.0,
      0.0,
      0.0,
      0.0,
      0.0,
      0.0,
      0.0,
      0.0,
      0.0
    ],
    [
      0.0,
      0.0,
      0.0,
      0.0,
      0.0,
      0.0,
      0.0,
      0.0,
      0.0,
      0.0,
      0.0,
      0.0,
      0.0,
      0.0,
      0.0,
      0.0
    ],
    [
      0.0,
      0.0,
      0.0,
      0.0,
      0.0,
      0.0,
      0.0,
      0.0,
      0.0,
      0.0,
      0.0,
      0.0,
      0.0,
      0.0,
      0.0,
      0.0
    ],
    [
      0.0,
      0.0,
      0.0,
      0.0,
      0.0,
      0.0,
      0.0,
      0.0,
      0.0,
      0.0,
      0.0,
      0.0,
      0.0,
      0.0,
      0.0,
      0.0
    ],
    [
      0.0,
      0.0,
      0.0,
      0.0,
      0.0,
      0.0,
      0.0,
      0.0,
      0.0,
      0.0,
      0.0,
      0.0,
      0.0,
      0.0,
      0.0,
      0.0
    ],
    [
      0.0,
      0.0,
      0.0,
      0.0,
      0.0,
      0.0,
      0.0,
      0.0,
      0.0,
      0.0,
      0.0,
      0.0,
      0.0,
      0.0,
      0.0,
      0.0
    ],
    [
      0.0,
      0.0,
      0.0,
      0.0,
      0.0,
      0.0,
      0.0,
      0.0,
      0.0,
      0.0,
      0.0,
      0.0,
      0.0,
      0.0,
      0.0,
      0.0
    ],
    [
      0.0,
      0.0,
      0.0,
      0.0,
      0.0,
      0.0,
      0.0,
      0.0,
      0.0,
      0.0,
      0.0,
      0.0,
      0.0,
      0.0,
      0.0,
      0.0
    ],
    [
      0.0,
      0.0,
      0.0,
      0.0,
      0.0,
      0.0,
      0.0,
      0.0,
      0.0,
      0.0,
      0.0,
      0.0,
      0.0,
      0.0,
      0.0,
      0.0
    ],
    [
      0.0,
      0.0,
      0.0,
      0.0,
      0.0,
      0.0,
      0.0,
      0.0,
      0.0,
      0.0,
      0.0,
      0.0,
      0.0,
      0.0,
      0.0,
      0.0
    ],
    [
      0.0,
      0.0,
      0.0,
      0.0,
      0.0,
      0.0,
      0.0,
      0.0,
      0.0,
      0.0,
      0.0,
      0.0,
      0.0,
      0.0,
      0.0,
      0.0
    ]
  ]
}