{
  "config": {
    "symbols": [
      "H",
      "H"
    ],
    "geometry": [
      [
        0.0,
        0.0,
        0.0
      ],
      [
        0.0,
        0.0,
        0.7414
      ]
    ],
    "basis": "STO-3G",
    "ansatz": "RY-CZ",
    "optimizer": {
      "name": "Nesterov",
      "stepsize": 0.1,
      "iterations_planned": 50
    },
    "seed": 1,
    "noisy": true,
    "depolarizing_prob": 0.08,
    "amplitude_damping_prob": 0.0
  },
  "energies": [
    1.1902263080851903,
    1.1902263080851903,
    1.1902024712846457,
    1.1901605085596545,
    1.190091321130769,
    1.1899799609398056,
    1.1898024862547325,
    1.1895208988920707,
    1.1890751043977117,
    1.188370219939933,
    1.187256612530685,
    1.1854986241350718,
    1.182725831292271,
    1.1783577150674616,
    1.171488773093884,
    1.1607170966124425,
    1.143897902605768,
    1.1178118318527643,
    1.0777733361647142,
    1.0173009194329778,
    0.9281751832971832,
    0.8015282752451409,
    0.630821818567586,
    0.4169604060166238,
    0.17343807693275443,
    -0.07358539937957737,
    -0.2939125709322721,
    -0.46582336799434054,
    -0.5823385142863141,
    -0.6481456449699374,
    -0.6731682602533888,
    -0.6683822006718205,
    -0.6444242968709343,
    -0.61118575454683,
    -0.5772482000874903,
    -0.5491786378427725,
    -0.5310827137867011,
    -0.5246067885537476,
    -0.5293124462349421,
    -0.5432527988180333,
    -0.5636071472683855,
    -0.5872778888884633,
    -0.611382524846145,
    -0.6335950360713979,
    -0.652319748677399,
    -0.6667144297116372,
    -0.6766040131984921,
    -0.6823332535300207,
    -0.6845985416837058,
    -0.6842854351468527,
    -0.6823268972354901
  ],
  "final_params": [
    -3.097331724478641,
    -3.0147718241997272,
    0.00030775583447382196,
    -0.00026537822561840713
  ],
  "final_state_real": [
    [
      0.0027428954161214936,
      -3.434480017821672e-07,
      -3.450938914005962e-07,
      -4.321047287603114e-11,
      0.0026754469968563576,
      -3.350025394503867e-07,
      -3.884982869563903e-07,
      -4.864529656778692e-11,
      0.0008734950592222401,
      -1.0937352218870965e-07,
      -1.463922010260692e-07,
      -1.8330304851314832e-11,
      -0.0010006121169237742,
      1.2529031618572877e-07,
      1.4529762457991393e-07,
      1.8193248916637535e-11
    ],
    [
      -3.434480017821672e-07,
      0.00015452936735740547,
      4.321047287603114e-11,
      -1.944190331811176e-08,
      -3.350025394503868e-07,
      0.00015072945522913458,
      4.864529656778692e-11,
      -2.1887220615824356e-08,
      -1.0937352218870965e-07,
      4.9211004582266336e-05,
      1.8330304851314832e-11,
      -8.247445375874601e-09,
      1.2529031618572874e-07,
      -5.637253119079043e-05,
      -1.819324891663753e-11,
      8.185779116428332e-09
    ],
    [
      -3.450938914005962e-07,
      4.321047287603114e-11,
      0.0001545293839594396,
      -1.9349175092510165e-08,
      3.884982869563903e-07,
      -4.864529656778692e-11,
      0.0001507293451243835,
      -1.887339041140573e-08,
      -1.463922010260692e-07,
      1.8330304851314832e-11,
      4.921100986930525e-05,
      -6.1618859924424594e-09,
      -1.4529762457991393e-07,
      1.8193248916637535e-11,
      -5.6372490011821756e-05,
      7.058612319838626e-09
    ],
    [
      -4.321047287603114e-11,
      -1.944190331811176e-08,
      -1.9349175092510165e-08,
      8.705883498521291e-06,
      4.864529656778692e-11,
      2.1887220615824356e-08,
      -1.8873390411405737e-08,
      8.491796736895821e-06,
      -1.8330304851314832e-11,
      -8.247445375874601e-09,
      -6.1618859924424594e-09,
      2.7724521239223e-06,
      -1.819324891663753e-11,
      -8.185779116428332e-09,
      7.058612319838626e-09,
      -3.1759159196110676e-06
    ],
    [
      0.0026754469968563576,
      -3.350025394503867e-07,
      3.884982869563903e-07,
      4.864529656778692e-11,
      0.045445279561848996,
      -5.690370243142238e-06,
      -6.596054661547311e-06,
      -8.259162162646053e-10,
      0.0010006121169237742,
      -1.2529031618572877e-07,
      1.4529762457991393e-07,
      1.8193248916637535e-11,
      0.01669580743326787,
      -2.0905433241796326e-06,
      -2.4254787339691363e-06,
      -3.037030954683038e-10
    ],
    [
      -3.350025394503868e-07,
      0.00015072945522913458,
      -4.864529656778692e-11,
      2.1887220615824356e-08,
      -5.690370243142238e-06,
      0.0025602982376933224,
      8.259162162646053e-10,
      -3.716085975625638e-07,
      -1.2529031618572874e-07,
      5.637253119079043e-05,
      -1.819324891663753e-11,
      8.185779116428332e-09,
      -2.090543324179632e-06,
      0.0009406091625002999,
      3.037030954683038e-10,
      -1.3664664666933772e-07
    ],
    [
      -3.884982869563903e-07,
      4.864529656778692e-11,
      0.0001507293451243835,
      -1.887339041140573e-08,
      -6.596054661547311e-06,
      8.259162162646053e-10,
      0.002560298512761806,
      -3.2058410473909976e-07,
      -1.4529762457991393e-07,
      1.8193248916637535e-11,
      5.6372490011821756e-05,
      -7.058612319838626e-09,
      -2.4254787339691363e-06,
      3.037030954683038e-10,
      0.0009406092635556896,
      -1.1777703934258335e-07
    ],
    [
      -4.864529656778692e-11,
      -2.1887220615824356e-08,
      -1.8873390411405737e-08,
      8.491796736895821e-06,
      -8.259162162646053e-10,
      -3.716085975625638e-07,
      -3.2058410473909976e-07,
      0.00014424221466767856,
      -1.819324891663753e-11,
      -8.185779116428332e-09,
      -7.058612319838626e-09,
      3.1759159196110676e-06,
      -3.037030954683038e-10,
      -1.3664664666933772e-07,
      -1.1777703934258335e-07,
      5.2992087694435654e-05
    ],
    [
      0.0008734950592222401,
      -1.0937352218870965e-07,
      -1.463922010260692e-07,
      -1.8330304851314832e-11,
      0.0010006121169237742,
      -1.2529031618572877e-07,
      -1.4529762457991393e-07,
      -1.8193248916637535e-11,
      0.04826799727809256,
      -6.043813088079364e-06,
      -6.072776567749579e-06,
      -7.603946453469081e-10,
      0.04790445219593801,
      -5.998292306098896e-06,
      -6.9561451367094295e-06,
      -8.710044664412716e-10
    ],
    [
      -1.0937352218870965e-07,
      4.9211004582266336e-05,
      1.8330304851314832e-11,
      -8.247445375874601e-09,
      -1.2529031618572874e-07,
      5.637253119079043e-05,
      1.819324891663753e-11,
      -8.185779116428332e-09,
      -6.043813088079364e-06,
      0.0027193246374444453,
      7.603946453469081e-10,
      -3.421281507577504e-07,
      -5.9982923060988975e-06,
      0.0026988432179849025,
      8.710044664412716e-10,
      -3.918953785758736e-07
    ],
    [
      -1.463922010260692e-07,
      1.8330304851314832e-11,
      4.921100986930525e-05,
      -6.1618859924424594e-09,
      1.4529762457991393e-07,
      -1.8193248916637535e-11,
      5.6372490011821756e-05,
      -7.058612319838626e-09,
      -6.072776567749579e-06,
      7.603946453469081e-10,
      0.0027193249295981064,
      -3.4049636935090825e-07,
      6.9561451367094295e-06,
      -8.710044664412716e-10,
      0.002698841246535723,
      -3.379321024863502e-07
    ],
    [
      -1.8330304851314832e-11,
      -8.247445375874601e-09,
      -6.1618859924424594e-09,
      2.7724521239223e-06,
      1.819324891663753e-11,
      8.185779116428332e-09,
      -7.058612319838626e-09,
      3.1759159196110676e-06,
      -7.603946453469081e-10,
      -3.421281507577504e-07,
      -3.4049636935090825e-07,
      0.00015320145221001878,
      8.710044664412716e-10,
      3.918953785758736e-07,
      -3.379321024863503e-07,
      0.00015204744153714532
    ],
    [
      -0.0010006121169237742,
      1.2529031618572877e-07,
      -1.4529762457991393e-07,
      -1.8193248916637535e-11,
      0.01669580743326787,
      -2.0905433241796326e-06,
      -2.4254787339691363e-06,
      -3.037030954683038e-10,
      0.04790445219593801,
      -5.998292306098896e-06,
      6.9561451367094295e-06,
      8.710044664412716e-10,
      0.7997215706077508,
      -0.00010013607292242548,
      -0.0001160738198687534,
      -1.4534029057135104e-08
    ],
    [
      1.2529031618572874e-07,
      -5.637253119079043e-05,
      1.819324891663753e-11,
      -8.185779116428332e-09,
      -2.090543324179632e-06,
      0.0009406091625002999,
      3.037030954683038e-10,
      -1.3664664666933772e-07,
      -5.9982923060988975e-06,
      0.0026988432179849025,
      -8.710044664412716e-10,
      3.918953785758736e-07,
      -0.00010013607292242548,
      0.045054750407812316,
      1.4534029057135104e-08,
      -6.5393680962975295e-06
    ],
    [
      1.4529762457991393e-07,
      -1.8193248916637535e-11,
      -5.6372490011821756e-05,
      7.058612319838626e-09,
      -2.4254787339691363e-06,
      3.037030954683038e-10,
      0.0009406092635556896,
      -1.1777703934258335e-07,
      -6.9561451367094295e-06,
      8.710044664412716e-10,
      0.002698841246535723,
      -3.379321024863502e-07,
      -0.0001160738198687534,
      1.4534029057135104e-08,
      0.04505475524831946,
      -5.641466533502424e-06
    ],
    [
      1.819324891663753e-11,
      8.185779116428332e-09,
      7.058612319838626e-09,
      -3.1759159196110676e-06,
      -3.037030954683038e-10,
      -1.3664664666933772e-07,
      -1.1777703934258335e-07,
      5.2992087694435654e-05,
      -8.710044664412716e-10,
      -3.918953785758736e-07,
      -3.379321024863503e-07,
      0.00015204744153714532,
      -1.4534029057135104e-08,
      -6.5393680962975295e-06,
      -5.641466533502424e-06,
      0.002538296861063099
    ]
  ],
  "final_state_imag": [
    [
      0.0,
      0.0,
      0.0,
      0.0,
      0.0,
      0.0,
      0.0,
      0.0,
      0.0,
      0.0,
      0.0,
      0.0,
      0.0,
      0.0,
      0.0,
      0.0
    ],
    [
      0.0,
      0.0,
      0.0,
      0.0,
      0.0,
      0.0,
      0.0,
      0.0,
      0.0,
      0.0,
      0.0,
      0.0,
      0.0,
      0.0,
      0.0,
      0.0
    ],
    [
      0.0,
      0.0,
      0.0,
      0.0,
      0.0,
      0.0,
      0.0,
      0.0,
      0.0,
      0.0,
      0.0,
      0.0,
      0.0,
      0.0,
      0.0,
      0.0
    ],
    [
      0.0,
      0.0,
      0.0,
      0.0,
      0.0,
      0.0,
      0.0,
      0.0,
      0.0,
      0.0,
      0.0,
      0.0,
      0.0,
      0.0,
      0.0,
      0.0
    ],
    [
      0.0,
      0.0,
      0.0,
      0.0,
      0.0,
      0.0,
      0.0,
      0.0,
      0.0,
      0.0,
      0.0,
      0.0,
      0.0,
      0.0,
      0.0,
      0.0
    ],
    [
      0.0,
      0.0,
      0.0,
      0.0,
      0.0,
      0.0,
      0.0,
      0.0,
      0.0,
      0.0,
      0.0,
      0.0,
      0.0,
      0.0,
      0.0,
      0.0
    ],
    [
      0.0,
      0.0,
      0.0,
      0.0,
      0.0,
      0.0,
      0.0,
      0.0,
      0.0,
      0.0,
      0.0,
      0.0,
      0.0,
      0.0,
      0.0,
      0.0
    ],
    [
      0.0,
      0.0,
      0.0,
      0.0,
      0.0,
      0.0,
      0.0,
      0.0,
      0.0,
      0.0,
      0.0,
      0.0,
      0.0,
      0.0,
      0.0,
      0.0
    ],
    [
      0.0,
      0.0,
      0.0,
      0.0,
      0.0,
      0.0,
      0.0,
      0.0,
      0.0,
      0.0,
      0.0,
      0.0,
      0.0,
      0.0,
      0.0,
      0.0
    ],
    [
      0.0,
      0.0,
      0.0,
      0.0,
      0.0,
      0.0,
      0.0,
      0.0,
      0.0,
      0.0,
      0.0,
      0.0,
      0.0,
      0.0,
      0.0,
      0.0
    ],
    [
      0.0,
      0.0,
      0.0,
      0.0,
      0.0,
      0.0,
      0.0,
      0.0,
      0.0,
      0.0,
      0.0,
      0.0,
      0.0,
      0.0,
      0.0,
      0.0
    ],
    [
      0.0,
      0.0,
      0.0,
      0.0,
      0.0,
      0.0,
      0.0,
      0.0,
      0.0,
      0.0,
      0.0,
      0.0,
      0.0,
      0.0,
      0.0,
      0.0
    ],
    [
      0.0,
      0.0,
      0.0,
      0.0,
      0.0,
      0.0,
      0.0,
      0.0,
      0.0,
      0.0,
      0.0,
      0.0,
      0.0,
      0.0,
      0.0,
      0.0
    ],
    [
      0.0,
      0.0,
      0.0,
      0.0,
      0.0,
      0.0,
      0.0,
      0.0,
      0.0,
      0.0,
      0.0,
      0.0,
      0.0,
      0.0,
      0.0,
      0.0
    ],
    [
      0.0,
      0.0,
      0.0,
      0.0,
      0.0,
      0.0,
      0.0,
      0.0,
      0.0,
      0.0,
      0.0,
      0.0,
      0.0,
      0.0,
      0.0,
      0.0
    ],
    [
      0.0,
      0.0,
      0.0,
      0.0,
      0.0,
      0.0,
      0.0,
      0.0,
      0.0,
      0.0,
      0.0,
      0.0,
      0.0,
      0.0,
      0.0,
      0.0
    ]
  ]
}