{
  "config": {
    "symbols": [
      "H",
      "H"
    ],
    "geometry": [
      [
        0.0,
        0.0,
        0.0
      ],
      [
        0.0,
        0.0,
        0.7414
      ]
    ],
    "basis": "STO-3G",
    "ansatz": "RY-CZ",
    "optimizer": {
      "name": "Momentum",
      "stepsize": 0.1,
      "iterations_planned": 50
    },
    "seed": 1,
    "noisy": true,
    "depolarizing_prob": 0.06,
    "amplitude_damping_prob": 0.0
  },
  "energies": [
    1.227652145975892,
    1.227652145975892,
    1.2276372709414791,
    1.2276053317177071,
    1.2275504192643056,
    1.2274621223730517,
    1.227323771649781,
    1.2271094581448587,
    1.2267793204931992,
    1.2262722658760326,
    1.2254948277953912,
    1.2243041907650158,
    1.2224824390621392,
    1.2196977079261528,
    1.2154460591834433,
    1.2089656334839287,
    1.1991124547057432,
    1.1841868007781957,
    1.1617045131509498,
    1.1281285097202247,
    1.0786308727498066,
    1.0070751888442775,
    0.9066188622979153,
    0.7715894735462343,
    0.601292367829122,
    0.4054235357657424,
    0.20807404537782853,
    0.04439258116943533,
    -0.05360489984323058,
    -0.07469465911217246,
    -0.034424767748646695,
    0.03572430454322742,
    0.1047059190799289,
    0.15141876590990155,
    0.16562193128115893,
    0.1450202127556479,
    0.09248997122125785,
    0.014522927015406,
    -0.07980079568270151,
    -0.18030284054917015,
    -0.27792120898707634,
    -0.36680074001489327,
    -0.4449418641228288,
    -0.5129071611254014,
    -0.5715261964374326,
    -0.6202274480887722,
    -0.6570166529144068,
    -0.67987413177018,
    -0.6884425985823466,
    -0.6848579541823527,
    -0.6733049135827489
  ],
  "final_params": [
    3.5653130774269566,
    2.614588802796604,
    0.0002474815167975823,
    0.00019960917254759308
  ],
  "final_state_real": [
    [
      0.007614929315186657,
      7.283380014178095e-07,
      2.454837892677832e-07,
      -2.3479557778132685e-11,
      0.000899180143312781,
      8.600303995733857e-08,
      -1.0662918202478956e-07,
      1.0198661376597227e-11,
      -0.004852790651485924,
      -4.6415031553259406e-07,
      -2.1168659290769783e-06,
      2.0246989032789197e-10,
      0.0403259602338338,
      3.8570193026405174e-06,
      -4.782049721712067e-06,
      4.5738422514067507e-10
    ],
    [
      7.283380014178095e-07,
      0.0003172887971865503,
      2.3479557778132682e-11,
      1.0228488778488092e-08,
      8.600303995733841e-08,
      3.746584824586109e-05,
      -1.0198661376597227e-11,
      -4.442881524083837e-09,
      -4.6415031553259384e-07,
      -0.00020219965873318984,
      -2.0246989032789197e-10,
      -8.82027259955175e-08,
      3.8570193026405174e-06,
      0.001680248744064955,
      -4.5738422514067507e-10,
      -1.992520241870131e-07
    ],
    [
      2.454837892677831e-07,
      2.3479557778132672e-11,
      0.0003172888378619262,
      3.034740559297031e-08,
      1.0662918202478937e-07,
      1.0198661376597227e-11,
      3.746582556057591e-05,
      3.583461312797212e-09,
      -2.116865929076978e-06,
      -2.0246989032789191e-10,
      -0.00020219968465451824,
      -1.933958938590727e-08,
      4.782049721712067e-06,
      4.5738422514067507e-10,
      0.0016802477266871633,
      1.607091965653826e-07
    ],
    [
      -2.3479557778132682e-11,
      1.0228488778488086e-08,
      3.034740559297031e-08,
      1.3220371399266398e-05,
      -1.0198661376597203e-11,
      4.442881524083828e-09,
      3.5834613127972037e-09,
      1.5610764375722717e-06,
      2.0246989032789191e-10,
      -8.820272599551749e-08,
      -1.9339589385907256e-08,
      -8.424988871214398e-06,
      -4.5738422514067507e-10,
      1.992520241870131e-07,
      1.607091965653826e-07,
      7.001033865314844e-05
    ],
    [
      0.0008991801433127795,
      8.600303995733841e-08,
      1.0662918202478937e-07,
      -1.0198661376597205e-11,
      0.0667396019634361,
      6.383380107353978e-06,
      -7.866454476950459e-06,
      7.52395394219412e-10,
      -0.0403259602338338,
      -3.8570193026405174e-06,
      -4.782049721712067e-06,
      4.5738422514067507e-10,
      0.15550622246767914,
      1.4873557795771391e-05,
      -1.855286945800018e-05,
      1.774508906223885e-09
    ],
    [
      8.600303995733821e-08,
      3.746584824586103e-05,
      1.0198661376597205e-11,
      4.442881524083828e-09,
      6.383380107353978e-06,
      0.0027808174121139186,
      -7.523953942194119e-10,
      -3.2776885831839663e-07,
      -3.8570193026405174e-06,
      -0.001680248744064955,
      -4.5738422514067507e-10,
      -1.992520241870131e-07,
      1.4873557795771387e-05,
      0.006479427482457807,
      -1.774508906223885e-09,
      -7.730360429335855e-07
    ],
    [
      -1.0662918202478919e-07,
      -1.0198661376597205e-11,
      3.746582556057585e-05,
      3.583461312797204e-09,
      -7.866454476950459e-06,
      -7.52395394219412e-10,
      0.0027808177686055265,
      2.659740735686852e-07,
      4.782049721712067e-06,
      4.5738422514067507e-10,
      -0.0016802477266871633,
      -1.607091965653826e-07,
      -1.855286945800018e-05,
      -1.774508906223885e-09,
      0.006479428313099008,
      6.197313474789167e-07
    ],
    [
      1.0198661376597187e-11,
      -4.442881524083822e-09,
      3.5834613127971966e-09,
      1.5610764375722692e-06,
      7.523953942194119e-10,
      -3.2776885831839663e-07,
      2.659740735686852e-07,
      0.00011586743467679936,
      -4.5738422514067507e-10,
      1.992520241870131e-07,
      -1.607091965653826e-07,
      -7.001033865314844e-05,
      1.774508906223885e-09,
      -7.730360429335855e-07,
      6.197313474789166e-07,
      0.0002699762441418368
    ],
    [
      -0.004852790651485924,
      -4.6415031553259406e-07,
      -2.1168659290769783e-06,
      2.0246989032789197e-10,
      -0.0403259602338338,
      -3.8570193026405174e-06,
      4.782049721712067e-06,
      -4.5738422514067507e-10,
      0.08676961680759863,
      8.299172149030831e-06,
      2.797207097479237e-06,
      -2.6754184404015103e-10,
      -0.19526036821785656,
      -1.867588533267192e-05,
      2.315493007688326e-05,
      -2.2146778824395162e-09
    ],
    [
      -4.6415031553259384e-07,
      -0.00020219965873318984,
      -2.0246989032789197e-10,
      -8.82027259955175e-08,
      -3.8570193026405174e-06,
      -0.001680248744064955,
      4.5738422514067507e-10,
      1.992520241870131e-07,
      8.299172149030831e-06,
      0.0036154015631261315,
      2.6754184404015103e-10,
      1.1655026791387606e-07,
      -1.867588533267192e-05,
      -0.008135850617351136,
      2.2146778824395166e-09,
      9.647885229591377e-07
    ],
    [
      -2.116865929076978e-06,
      -2.0246989032789191e-10,
      -0.00020219968465451824,
      -1.933958938590727e-08,
      -4.782049721712067e-06,
      -4.5738422514067507e-10,
      -0.0016802477266871633,
      -1.607091965653826e-07,
      2.7972070974792346e-06,
      2.6754184404015093e-10,
      0.00361540202660867,
      3.4579871268867625e-07,
      -2.3154930076883263e-05,
      -2.2146778824395166e-09,
      -0.008135845691155679,
      -7.781621743262125e-07
    ],
    [
      2.0246989032789191e-10,
      -8.820272599551749e-08,
      -1.9339589385907256e-08,
      -8.424988871214398e-06,
      4.5738422514067507e-10,
      -1.992520241870131e-07,
      -1.607091965653826e-07,
      -7.001033865314844e-05,
      -2.6754184404015093e-10,
      1.1655026791387595e-07,
      3.4579871268867614e-07,
      0.00015064178705910455,
      2.214677882439517e-09,
      -9.647885229591381e-07,
      -7.781621743262125e-07,
      -0.00033899365136508676
    ],
    [
      0.0403259602338338,
      3.8570193026405174e-06,
      4.782049721712067e-06,
      -4.5738422514067507e-10,
      0.15550622246767914,
      1.4873557795771391e-05,
      -1.855286945800018e-05,
      1.774508906223885e-09,
      -0.19526036821785658,
      -1.867588533267192e-05,
      -2.315493007688326e-05,
      2.2146778824395162e-09,
      0.7604758295930493,
      7.273651834794153e-05,
      -8.963566335909954e-05,
      8.573298233250921e-09
    ],
    [
      3.8570193026405174e-06,
      0.001680248744064955,
      4.5738422514067507e-10,
      1.992520241870131e-07,
      1.4873557795771387e-05,
      0.006479427482457807,
      -1.774508906223885e-09,
      -7.730360429335855e-07,
      -1.867588533267192e-05,
      -0.008135850617351139,
      -2.2146778824395166e-09,
      -9.647885229591377e-07,
      7.273651834794153e-05,
      0.03168650046164061,
      -8.573298233250921e-09,
      -3.734818415324215e-06
    ],
    [
      -4.782049721712067e-06,
      -4.5738422514067507e-10,
      0.0016802477266871633,
      1.607091965653826e-07,
      -1.855286945800018e-05,
      -1.774508906223885e-09,
      0.006479428313099008,
      6.197313474789167e-07,
      2.3154930076883263e-05,
      2.2146778824395166e-09,
      -0.008135845691155679,
      -7.781621743262125e-07,
      -8.963566335909955e-05,
      -8.573298233250923e-09,
      0.0316865045237453,
      3.0306871527073594e-06
    ],
    [
      4.5738422514067507e-10,
      -1.992520241870131e-07,
      1.607091965653826e-07,
      7.001033865314844e-05,
      1.774508906223885e-09,
      -7.730360429335855e-07,
      6.197313474789166e-07,
      0.0002699762441418368,
      -2.214677882439517e-09,
      9.647885229591381e-07,
      -7.781621743262125e-07,
      -0.00033899365136508676,
      8.573298233250921e-09,
      -3.7348184153242156e-06,
      3.0306871527073594e-06,
      0.0013202713369032623
    ]
  ],
  "final_state_imag": [
    [
      0.0,
      0.0,
      0.0,
      0.0,
      0.0,
      0.0,
      0.0,
      0.0,
      0.0,
      0.0,
      0.0,
      0.0,
      0.0,
      0.0,
      0.0,
      0.0
    ],
    [
      0.0,
      0.0,
      0.0,
      0.0,
      0.0,
      0.0,
      0.0,
      0.0,
      0.0,
      0.0,
      0.0,
      0.0,
      0.0,
      0.0,
      0.0,
      0.0
    ],
    [
      0.0,
      0.0,
      0.0,
      0.0,
      0.0,
      0.0,
      0.0,
      0.0,
      0.0,
      0.0,
      0.0,
      0.0,
      0.0,
      0.0,
      0.0,
      0.0
    ],
    [
      0.0,
      0.0,
      0.0,
      0.0,
      0.0,
      0.0,
      0.0,
      0.0,
      0.0,
      0.0,
      0.0,
      0.0,
      0.0,
      0.0,
      0.0,
      0.0
    ],
    [
      0.0,
      0.0,
      0.0,
      0.0,
      0.0,
      0.0,
      0.0,
      0.0,
      0.0,
      0.0,
      0.0,
      0.0,
      0.0,
      0.0,
      0.0,
      0.0
    ],
    [
      0.0,
      0.0,
      0.0,
      0.0,
      0.0,
      0.0,
      0.0,
      0.0,
      0.0,
      0.0,
      0.0,
      0.0,
      0.0,
      0.0,
      0.0,
      0.0
    ],
    [
      0.0,
      0.0,
      0.0,
      0.0,
      0.0,
      0.0,
      0.0,
      0.0,
      0.0,
      0.0,
      0.0,
      0.0,
      0.0,
      0.0,
      0.0,
      0.0
    ],
    [
      0.0,
      0.0,
      0.0,
      0.0,
      0.0,
      0.0,
      0.0,
      0.0,
      0.0,
      0.0,
      0.0,
      0.0,
      0.0,
      0.0,
      0.0,
      0.0
    ],
    [
      0.0,
      0.0,
      0.0,
      0.0,
      0.0,
      0.0,
      0.0,
      0.0,
      0.0,
      0.0,
      0.0,
      0.0,
      0.0,
      0.0,
      0.0,
      0.0
    ],
    [
      0.0,
      0.0,
      0.0,
      0.0,
      0.0,
      0.0,
      0.0,
      0.0,
      0.0,
      0.0,
      0.0,
      0.0,
      0.0,
      0.0,
      0.0,
      0.0
    ],
    [
      0.0,
      0.0,
      0.0,
      0.0,
      0.0,
      0.0,
      0.0,
      0.0,
      0.0,
      0.0,
      0.0,
      0.0,
      0.0,
      0.0,
      0.0,
      0.0
    ],
    [
      0.0,
      0.0,
      0.0,
      0.0,
      0.0,
      0.0,
      0.0,
      0.0,
      0.0,
      0.0,
      0.0,
      0.0,
      0.0,
      0.0,
      0.0,
      0.0
    ],
    [
      0.0,
      0.0,
      0.0,
      0.0,
      0.0,
      0.0,
      0.0,
      0.0,
      0.0,
      0.0,
      0.0,
      0.0,
      0.0,
      0.0,
      0.0,
      0.0
    ],
    [
      0.0,
      0.0,
      0.0,
      0.0,
      0.0,
      0.0,
      0.0,
      0.0,
      0.0,
      0.0,
      0.0,
      0.0,
      0.0,
      0.0,
      0.0,
      0.0
    ],
    [
      0.0,
      0.0,
      0.0,
      0.0,
      0.0,
      0.0,
      0.0,
      0.0,
      0.0,
      0.0,
      0.0,
      0.0,
      0.0,
      0.0,
      0.0,
      0.0
    ],
    [
      0.0,
      0.0,
      0.0,
      0.0,
      0.0,
      0.0,
      0.0,
      0.0,
      0.0,
      0.0,
      0.0,
      0.0,
      0.0,
      0.0,
      0.0,
      0.0
    ]
  ]
}