{
  "config": {
    "symbols": [
      "H",
      "H"
    ],
    "geometry": [
      [
        0.0,
        0.0,
        0.0
      ],
      [
        0.0,
        0.0,
        0.7414
      ]
    ],
    "basis": "STO-3G",
    "ansatz": "RY-CZ",
    "optimizer": {
      "name": "Adam",
      "stepsize": 0.1,
      "iterations_planned": 50
    },
    "seed": 0,
    "noisy": true,
    "depolarizing_prob": 0.02,
    "amplitude_damping_prob": 0.0
  },
  "energies": [
    1.3069860304948995,
    1.3069860304948995,
    1.2989478939060786,
    1.2829153768904769,
    1.2558520528208026,
    1.21827599745773,
    1.1712907540535762,
    1.1143565924428642,
    1.0455058827022619,
    0.9647242609615391,
    0.8727944517385536,
    0.7710712785924448,
    0.6615402523860578,
    0.5468345726321047,
    0.43004789292800616,
    0.31388433938618265,
    0.19892884133602753,
    0.08416187053387875,
    -0.029866348504617585,
    -0.14081979055654295,
    -0.2457477449935665,
    -0.3419263426265423,
    -0.4277383220232868,
    -0.5035077776297905,
    -0.5708920908841042,
    -0.6308691328766538,
    -0.6830666300614037,
    -0.7265765648139395,
    -0.7609172262026587,
    -0.7867063743019472,
    -0.8056395961485969,
    -0.819514485575623,
    -0.8292888702728394,
    -0.8351336766967485,
    -0.837077812591501,
    -0.835585431445386,
    -0.8317143983960827,
    -0.8267349291669488,
    -0.821552092499036,
    -0.8164967064914258,
    -0.8115722656019431,
    -0.8068331670762917,
    -0.8025920881977454,
    -0.7993243127781252,
    -0.797375237496444,
    -0.7967590841065992,
    -0.7972186180709488,
    -0.7984510136874108,
    -0.8002970892850729,
    -0.8027548847640043,
    -0.8058322590982976
  ],
  "final_params": [
    3.4166158650735396,
    -3.417473258532938,
    0.019320108002009853,
    -0.02022139143511001
  ],
  "final_state_real": [
    [
      0.0009768181532564357,
      -9.743141425162242e-06,
      1.6349056713639852e-06,
      1.6307233142585463e-08,
      0.0007041369821289671,
      -7.023355149893671e-06,
      -6.710280985481805e-06,
      -6.693114985112072e-08,
      -0.0007170048503381133,
      7.1516685435079e-06,
      -3.890523361613152e-05,
      -3.880570764157338e-07,
      0.017052889160630084,
      -0.00017009260974300164,
      -0.00016251053528835445,
      -1.620948066601671e-06
    ],
    [
      -9.743141425162242e-06,
      1.3300090122057325e-05,
      -1.6307233142585463e-08,
      2.1926208642660703e-08,
      -7.023355149893671e-06,
      9.58733750941072e-06,
      6.693114985112072e-08,
      -8.999358404317174e-08,
      7.1516685435079e-06,
      -9.76254290080302e-06,
      3.8805707641573375e-07,
      -5.217697170547278e-07,
      -0.00017009260974300158,
      0.00023218749766446394,
      1.6209480666016713e-06,
      -2.1794773642140208e-06
    ],
    [
      1.6349056713639846e-06,
      -1.6307233142585463e-08,
      1.329138761456937e-05,
      -1.307549843919993e-07,
      6.710280985481807e-06,
      -6.693114985112077e-08,
      9.449664752923306e-06,
      -9.556552091176417e-08,
      -3.890523361613152e-05,
      3.8805707641573375e-07,
      -9.756155079223168e-06,
      9.597687932232354e-08,
      0.00016251053528835448,
      -1.6209480666016713e-06,
      0.0002288533193491595,
      -2.3144193204550473e-06
    ],
    [
      1.6307233142585463e-08,
      2.192620864266069e-08,
      -1.307549843919993e-07,
      1.8097191635070023e-07,
      6.693114985112076e-08,
      8.999358404317177e-08,
      -9.556552091176417e-08,
      1.2866406343711194e-07,
      -3.8805707641573375e-07,
      -5.217697170547278e-07,
      9.597687932232354e-08,
      -1.3283715230502205e-07,
      1.6209480666016713e-06,
      2.1794773642140216e-06,
      -2.3144193204550464e-06,
      3.1160045111044657e-06
    ],
    [
      0.0007041369821289671,
      -7.023355149893671e-06,
      6.710280985481805e-06,
      6.693114985112072e-08,
      0.02980239564298559,
      -0.00029725999111527543,
      -0.000283862111523416,
      -2.831359456412558e-06,
      -0.017052889160630084,
      0.00017009260974300164,
      -0.00016251053528835445,
      -1.620948066601671e-06,
      0.1244906751223785,
      -0.0012417155125421188,
      -0.0011869856850483306,
      -1.1839491808017134e-05
    ],
    [
      -7.023355149893671e-06,
      9.58733750941072e-06,
      -6.693114985112072e-08,
      8.999358404317174e-08,
      -0.0002972599911152755,
      0.00040578130799833763,
      2.831359456412558e-06,
      -3.806959625882271e-06,
      0.00017009260974300158,
      -0.00023218749766446394,
      1.6209480666016713e-06,
      -2.1794773642140208e-06,
      -0.0012417155125421188,
      0.0016950311508479182,
      1.1839491808017134e-05,
      -1.591901981996792e-05
    ],
    [
      -6.710280985481807e-06,
      6.693114985112077e-08,
      9.449664752923306e-06,
      -9.556552091176417e-08,
      -0.00028386211152341606,
      2.831359456412558e-06,
      0.0004055157974011221,
      -3.9892909075777335e-06,
      0.00016251053528835448,
      -1.6209480666016713e-06,
      -0.0002288533193491595,
      2.3144193204550473e-06,
      -0.0011869856850483306,
      1.1839491808017134e-05,
      0.0016939220590186752,
      -1.6664080441493187e-05
    ],
    [
      -6.693114985112076e-08,
      -8.999358404317177e-08,
      -9.556552091176417e-08,
      1.2866406343711194e-07,
      -2.831359456412558e-06,
      -3.8069596258822717e-06,
      -3.9892909075777335e-06,
      5.5213927314647096e-06,
      1.6209480666016713e-06,
      2.1794773642140216e-06,
      2.3144193204550464e-06,
      -3.1160045111044657e-06,
      -1.1839491808017134e-05,
      -1.591901981996792e-05,
      -1.6664080441493187e-05,
      2.3063981734556136e-05
    ],
    [
      -0.0007170048503381133,
      7.1516685435079e-06,
      -3.890523361613152e-05,
      -3.880570764157338e-07,
      -0.017052889160630084,
      0.00017009260974300164,
      0.00016251053528835445,
      1.620948066601671e-06,
      0.02991285659772107,
      -0.00029836176906684024,
      5.006530512898164e-05,
      4.993722985937459e-07,
      -0.1248836275784268,
      0.0012456412475856879,
      0.0011901153508565806,
      1.1870708404110366e-05
    ],
    [
      7.1516685435079e-06,
      -9.76254290080302e-06,
      3.8805707641573375e-07,
      -5.217697170547278e-07,
      0.00017009260974300158,
      -0.00023218749766446394,
      -1.6209480666016713e-06,
      2.1794773642140208e-06,
      -0.00029836176906684024,
      0.0004072853142947528,
      -4.993722985937459e-07,
      6.714407719319287e-07,
      0.0012456412475856879,
      -0.0017003814845427858,
      -1.1870708404110366e-05,
      1.5960992703599942e-05
    ],
    [
      -3.890523361613152e-05,
      3.8805707641573375e-07,
      -9.756155079223168e-06,
      9.597687932232354e-08,
      -0.00016251053528835448,
      1.6209480666016713e-06,
      -0.0002288533193491595,
      2.3144193204550473e-06,
      5.006530512898164e-05,
      -4.993722985937459e-07,
      0.00040701881959698337,
      -4.004076996845436e-06,
      -0.0011901153508565804,
      1.1870708404110363e-05,
      -0.001675964256524331,
      1.694921474909442e-05
    ],
    [
      -3.8805707641573375e-07,
      -5.217697170547278e-07,
      9.597687932232354e-08,
      -1.3283715230502205e-07,
      -1.6209480666016713e-06,
      -2.1794773642140216e-06,
      2.3144193204550464e-06,
      -3.1160045111044657e-06,
      4.993722985937459e-07,
      6.714407719319287e-07,
      -4.004076996845436e-06,
      5.541857472618184e-06,
      -1.1870708404110364e-05,
      -1.596099270359994e-05,
      1.694921474909442e-05,
      -2.2819473183222754e-05
    ],
    [
      0.017052889160630084,
      -0.00017009260974300164,
      0.00016251053528835445,
      1.620948066601671e-06,
      0.1244906751223785,
      -0.0012417155125421188,
      -0.0011869856850483306,
      -1.1839491808017134e-05,
      -0.1248836275784268,
      0.0012456412475856879,
      -0.0011901153508565806,
      -1.1870708404110366e-05,
      0.9126312652618613,
      -0.009102917934958531,
      -0.008692638038328048,
      -8.670400843178884e-05
    ],
    [
      -0.00017009260974300158,
      0.00023218749766446394,
      -1.6209480666016713e-06,
      2.1794773642140208e-06,
      -0.0012417155125421188,
      0.0016950311508479182,
      1.1839491808017134e-05,
      -1.591901981996792e-05,
      0.0012456412475856879,
      -0.0017003814845427858,
      1.1870708404110366e-05,
      -1.5960992703599942e-05,
      -0.009102917934958531,
      0.012426138924348448,
      8.670400843178884e-05,
      -0.00011657956701838144
    ],
    [
      -0.00016251053528835448,
      1.6209480666016713e-06,
      0.0002288533193491595,
      -2.3144193204550473e-06,
      -0.0011869856850483306,
      1.1839491808017134e-05,
      0.0016939220590186752,
      -1.6664080441493187e-05,
      0.0011901153508565804,
      -1.1870708404110363e-05,
      -0.001675964256524331,
      1.694921474909442e-05,
      -0.008692638038328048,
      8.670400843178884e-05,
      0.012418008260116622,
      -0.0001221630519940167
    ],
    [
      -1.6209480666016713e-06,
      -2.1794773642140216e-06,
      -2.3144193204550464e-06,
      3.1160045111044657e-06,
      -1.1839491808017134e-05,
      -1.591901981996792e-05,
      -1.6664080441493187e-05,
      2.3063981734556136e-05,
      1.1870708404110364e-05,
      1.596099270359994e-05,
      1.694921474909442e-05,
      -2.2819473183222754e-05,
      -8.670400843178884e-05,
      -0.00011657956701838144,
      -0.0001221630519940167,
      0.00016908022076105413
    ]
  ],
  "final_state_imag": [
    [
      0.0,
      0.0,
      0.0,
      0.0,
      0.0,
      0.0,
      0.0,
      0.0,
      0.0,
      0.0,
      0.0,
      0.0,
      0.0,
      0.0,
      0.0,
      0.0
    ],
    [
      0.0,
      0.0,
      0.0,
      0.0,
      0.0,
      0.0,
      0.0,
      0.0,
      0.0,
      0.0,
      0.0,
      0.0,
      0.0,
      0.0,
      0.0,
      0.0
    ],
    [
      0.0,
      0.0,
      0.0,
      0.0,
      0.0,
      0.0,
      0.0,
      0.0,
      0.0,
      0.0,
      0.0,
      0.0,
      0.0,
      0.0,
      0.0,
      0.0
    ],
    [
      0.0,
      0.0,
      0.0,
      0.0,
      0.0,
      0.0,
      0.0,
      0.0,
      0.0,
      0.0,
      0.0,
      0.0,
      0.0,
      0.0,
      0.0,
      0.0
    ],
    [
      0.0,
      0.0,
      0.0,
      0.0,
      0.0,
      0.0,
      0.0,
      0.0,
      0.0,
      0.0,
      0.0,
      0.0,
      0.0,
      0.0,
      0.0,
      0.0
    ],
    [
      0.0,
      0.0,
      0.0,
      0.0,
      0.0,
      0.0,
      0.0,
      0.0,
      0.0,
      0.0,
      0.0,
      0.0,
      0.0,
      0.0,
      0.0,
      0.0
    ],
    [
      0.0,
      0.0,
      0.0,
      0.0,
      0.0,
      0.0,
      0.0,
      0.0,
      0.0,
      0.0,
      0.0,
      0.0,
      0.0,
      0.0,
      0.0,
      0.0
    ],
    [
      0.0,
      0.0,
      0.0,
      0.0,
      0.0,
      0.0,
      0.0,
      0.0,
      0.0,
      0.0,
      0.0,
      0.0,
      0.0,
      0.0,
      0.0,
      0.0
    ],
    [
      0.0,
      0.0,
      0.0,
      0.0,
      0.0,
      0.0,
      0.0,
      0.0,
      0.0,
      0.0,
      0.0,
      0.0,
      0.0,
      0.0,
      0.0,
      0.0
    ],
    [
      0.0,
      0.0,
      0.0,
      0.0,
      0.0,
      0.0,
      0.0,
      0.0,
      0.0,
      0.0,
      0.0,
      0.0,
      0.0,
      0.0,
      0.0,
      0.0
    ],
    [
      0.0,
      0.0,
      0.0,
      0.0,
      0.0,
      0.0,
      0.0,
      0.0,
      0.0,
      0.0,
      0.0,
      0.0,
      0.0,
      0.0,
      0.0,
      0.0
    ],
    [
      0.0,
      0.0,
      0.0,
      0.0,
      0.0,
      0.0,
      0.0,
      0.0,
      0.0,
      0.0,
      0.0,
      0.0,
      0.0,
      0.0,
      0.0,
      0.0
    ],
    [
      0.0,
      0.0,
      0.0,
      0.0,
      0.0,
      0.0,
      0.0,
      0.0,
      0.0,
      0.0,
      0.0,
      0.0,
      0.0,
      0.0,
      0.0,
      0.0
    ],
    [
      0.0,
      0.0,
      0.0,
      0.0,
      0.0,
      0.0,
      0.0,
      0.0,
      0.0,
      0.0,
      0.0,
      0.0,
      0.0,
      0.0,
      0.0,
      0.0
    ],
    [
      0.0,
      0.0,
      0.0,
      0.0,
      0.0,
      0.0,
      0.0,
      0.0,
      0.0,
      0.0,
      0.0,
      0.0,
      0.0,
      0.0,
      0.0,
      0.0
    ],
    [
      0.0,
      0.0,
      0.0,
      0.0,
      0.0,
      0.0,
      0.0,
      0.0,
      0.0,
      0.0,
      0.0,
      0.0,
      0.0,
      0.0,
      0.0,
      0.0
    ]
  ]
}