{
  "config": {
    "symbols": [
      "H",
      "H"
    ],
    "geometry": [
      [
        0.0,
        0.0,
        0.0
      ],
      [
        0.0,
        0.0,
        0.7414
      ]
    ],
    "basis": "STO-3G",
    "ansatz": "RY-CZ",
    "optimizer": {
      "name": "Adam",
      "stepsize": 0.1,
      "iterations_planned": 50
    },
    "seed": 2,
    "noisy": true,
    "depolarizing_prob": 0.0,
    "amplitude_damping_prob": 0.0
  },
  "energies": [
    1.3487398125068113,
    1.3487398125068113,
    1.339534391203821,
    1.3213547230282137,
    1.2914866638332956,
    1.2505760055715662,
    1.2000131839291845,
    1.1408511526517853,
    1.0706987137712385,
    0.9879836254830907,
    0.8930958266889528,
    0.7871549419298085,
    0.6718962183317663,
    0.5497157994769126,
    0.4236667067025758,
    0.2973010787115146,
    0.17410750744757336,
    0.05614683716617325,
    -0.057231734741867935,
    -0.16757004287637672,
    -0.27451542468622847,
    -0.3759756072043845,
    -0.46927539885315034,
    -0.5519966903502019,
    -0.6227099172113332,
    -0.6816718039936425,
    -0.7308253029984788,
    -0.7724613108876939,
    -0.8077682801806618,
    -0.8367173362790623,
    -0.8587991229661328,
    -0.8737873456381754,
    -0.8822504555251875,
    -0.8856317965376358,
    -0.88575163174306,
    -0.8840503026975524,
    -0.881212741214587,
    -0.8773543898194923,
    -0.8724542432068898,
    -0.8667218355094581,
    -0.8607326768598358,
    -0.855276519314155,
    -0.851025173445802,
    -0.848269690329875,
    -0.8469021023870599,
    -0.8466029805880999,
    -0.8470800111969427,
    -0.8482181373868932,
    -0.850070145365565,
    -0.8527138205689695,
    -0.8560940523091346
  ],
  "final_params": [
    -3.414687997248576,
    3.4155664384486175,
    -0.023618719516443763,
    0.023969051980050674
  ],
  "final_state_real": [
    [
      0.00034544948443667936,
      4.140246546005138e-06,
      -4.079726895989552e-06,
      4.8895933995412035e-08,
      -0.0025059765694250124,
      -3.003437927502105e-05,
      -2.9595354665840083e-05,
      3.5470327921563723e-07,
      0.0025141388869939735,
      3.01322054656648e-05,
      -2.9691750891778864e-05,
      3.5585859760362596e-07,
      0.018238189451638784,
      0.00021858652070553522,
      0.00021539135356236794,
      -2.581486867986414e-06
    ],
    [
      4.140246546005138e-06,
      4.9621268047476035e-08,
      -4.889593399541203e-08,
      5.860226485505971e-10,
      -3.003437927502105e-05,
      -3.599650330204099e-07,
      -3.5470327921563723e-07,
      4.251154199345771e-09,
      3.0132205465664802e-05,
      3.611374896782581e-07,
      -3.5585859760362596e-07,
      4.265000805521898e-09,
      0.00021858652070553522,
      2.6197812654321744e-06,
      2.581486867986414e-06,
      -3.0939377734719873e-08
    ],
    [
      -4.079726895989551e-06,
      -4.889593399541202e-08,
      4.818120245712476e-08,
      -5.774565196516878e-10,
      2.9595354665840083e-05,
      3.5470327921563723e-07,
      3.495184385831135e-07,
      -4.1890133687234114e-09,
      -2.9691750891778864e-05,
      -3.5585859760362596e-07,
      3.5065686931656296e-07,
      -4.202657572269802e-09,
      -0.00021539135356236797,
      -2.5814868679864144e-06,
      -2.5437522351545443e-06,
      3.0487124407454016e-08
    ],
    [
      4.889593399541202e-08,
      5.860226485505971e-10,
      -5.774565196516877e-10,
      6.920874019752454e-12,
      -3.5470327921563723e-07,
      -4.251154199345771e-09,
      -4.1890133687234114e-09,
      5.0205743270249456e-11,
      3.5585859760362596e-07,
      4.265000805521898e-09,
      -4.202657572269802e-09,
      5.0369270440278663e-11,
      2.5814868679864144e-06,
      3.093937773471988e-08,
      3.048712440745401e-08,
      -3.653912285114636e-10
    ],
    [
      -0.002505976569425012,
      -3.0034379275021045e-05,
      2.959535466584008e-05,
      -3.547032792156372e-07,
      0.018178977967785465,
      0.00021787686516238904,
      0.00021469207133989604,
      -2.573105900763398e-06,
      -0.018238189451638784,
      -0.00021858652070553522,
      0.00021539135356236794,
      -2.581486867986414e-06,
      -0.13230436719073455,
      -0.0015856810444400617,
      -0.0015625025064570917,
      1.8726748473897735e-05
    ],
    [
      -3.0034379275021045e-05,
      -3.599650330204098e-07,
      3.547032792156372e-07,
      -4.25115419934577e-09,
      0.000217876865162389,
      2.6112759729244585e-06,
      2.5731059007633975e-06,
      -3.083893100616554e-08,
      -0.00021858652070553522,
      -2.6197812654321744e-06,
      2.581486867986414e-06,
      -3.0939377734719873e-08,
      -0.0015856810444400615,
      -1.900454556743304e-05,
      -1.8726748473897735e-05,
      2.2444194931308857e-07
    ],
    [
      -2.959535466584008e-05,
      -3.547032792156372e-07,
      3.4951843858311344e-07,
      -4.1890133687234114e-09,
      0.00021469207133989604,
      2.573105900763398e-06,
      2.5354937766306867e-06,
      -3.038814594041256e-08,
      -0.00021539135356236797,
      -2.5814868679864144e-06,
      2.5437522351545443e-06,
      -3.0487124407454016e-08,
      -0.0015625025064570917,
      -1.8726748473897735e-05,
      -1.845301205753286e-05,
      2.211611910125304e-07
    ],
    [
      3.547032792156372e-07,
      4.25115419934577e-09,
      -4.1890133687234114e-09,
      5.0205743270249456e-11,
      -2.5731059007633975e-06,
      -3.083893100616554e-08,
      -3.038814594041257e-08,
      3.642049619152351e-10,
      2.5814868679864144e-06,
      3.093937773471988e-08,
      -3.048712440745401e-08,
      3.653912285114636e-10,
      1.8726748473897735e-05,
      2.2444194931308857e-07,
      2.211611910125304e-07,
      -2.6506389467719206e-09
    ],
    [
      0.0025141388869939735,
      3.01322054656648e-05,
      -2.9691750891778864e-05,
      3.5585859760362596e-07,
      -0.018238189451638784,
      -0.00021858652070553522,
      -0.00021539135356236794,
      2.581486867986414e-06,
      0.018297593795668657,
      0.00021929848769714494,
      -0.00021609291344524805,
      2.5898951331967285e-06,
      0.13273530109248913,
      0.0015908458302587622,
      0.0015675917965229144,
      -1.8787744123235583e-05
    ],
    [
      3.0132205465664802e-05,
      3.611374896782581e-07,
      -3.5585859760362596e-07,
      4.265000805521898e-09,
      -0.00021858652070553522,
      -2.6197812654321744e-06,
      -2.581486867986414e-06,
      3.0939377734719873e-08,
      0.00021929848769714497,
      2.6283142608804026e-06,
      -2.589895133196728e-06,
      3.104015163237622e-08,
      0.001590845830258762,
      1.906644604091204e-05,
      1.8787744123235583e-05,
      -2.2517298825752103e-07
    ],
    [
      -2.9691750891778864e-05,
      -3.5585859760362596e-07,
      3.5065686931656296e-07,
      -4.202657572269802e-09,
      0.00021539135356236797,
      2.5814868679864144e-06,
      2.5437522351545443e-06,
      -3.0487124407454016e-08,
      -0.00021609291344524805,
      -2.5898951331967285e-06,
      2.552037594107151e-06,
      -3.058642524384458e-08,
      -0.0015675917965229144,
      -1.8787744123235583e-05,
      -1.8513116103615905e-05,
      2.218815441301366e-07
    ],
    [
      3.5585859760362596e-07,
      4.265000805521898e-09,
      -4.202657572269802e-09,
      5.0369270440278663e-11,
      -2.5814868679864144e-06,
      -3.093937773471988e-08,
      -3.048712440745401e-08,
      3.653912285114636e-10,
      2.589895133196728e-06,
      3.104015163237622e-08,
      -3.058642524384458e-08,
      3.6658135915568e-10,
      1.8787744123235583e-05,
      2.2517298825752103e-07,
      2.2188154413013657e-07,
      -2.6592724492543108e-09
    ],
    [
      0.018238189451638784,
      0.00021858652070553522,
      -0.00021539135356236794,
      2.581486867986414e-06,
      -0.13230436719073455,
      -0.0015856810444400617,
      -0.0015625025064570917,
      1.8726748473897735e-05,
      0.13273530109248916,
      0.0015908458302587624,
      -0.0015675917965229146,
      1.8787744123235586e-05,
      0.9628949222991801,
      0.01154039173836372,
      0.0113717011879003,
      -0.0001362909736055397
    ],
    [
      0.00021858652070553522,
      2.6197812654321744e-06,
      -2.581486867986414e-06,
      3.0939377734719873e-08,
      -0.0015856810444400615,
      -1.900454556743304e-05,
      -1.8726748473897735e-05,
      2.2444194931308857e-07,
      0.0015908458302587624,
      1.9066446040912044e-05,
      -1.8787744123235586e-05,
      2.2517298825752108e-07,
      0.011540391738363718,
      0.00013831274670702033,
      0.0001362909736055397,
      -1.6334609199479062e-06
    ],
    [
      0.00021539135356236797,
      2.5814868679864144e-06,
      -2.5437522351545443e-06,
      3.0487124407454016e-08,
      -0.0015625025064570917,
      -1.8726748473897735e-05,
      -1.845301205753286e-05,
      2.211611910125304e-07,
      0.0015675917965229146,
      1.8787744123235586e-05,
      -1.8513116103615905e-05,
      2.218815441301366e-07,
      0.0113717011879003,
      0.0001362909736055397,
      0.00013429875361338983,
      -1.609583964288957e-06
    ],
    [
      -2.5814868679864144e-06,
      -3.093937773471988e-08,
      3.048712440745401e-08,
      -3.653912285114636e-10,
      1.8726748473897735e-05,
      2.2444194931308857e-07,
      2.211611910125304e-07,
      -2.6506389467719206e-09,
      -1.8787744123235586e-05,
      -2.2517298825752108e-07,
      2.2188154413013657e-07,
      -2.6592724492543108e-09,
      -0.0001362909736055397,
      -1.6334609199479062e-06,
      -1.6095839642889571e-06,
      1.9291024452848647e-08
    ]
  ],
  "final_state_imag": [
    [
      0.0,
      0.0,
      0.0,
      0.0,
      0.0,
      0.0,
      0.0,
      0.0,
      0.0,
      0.0,
      0.0,
      0.0,
      0.0,
      0.0,
      0.0,
      0.0
    ],
    [
      0.0,
      0.0,
      0.0,
      0.0,
      0.0,
      0.0,
      0.0,
      0.0,
      0.0,
      0.0,
      0.0,
      0.0,
      0.0,
      0.0,
      0.0,
      0.0
    ],
    [
      0.0,
      0.0,
      0.0,
      0.0,
      0.0,
      0.0,
      0.0,
      0.0,
      0.0,
      0.0,
      0.0,
      0.0,
      0.0,
      0.0,
      0.0,
      0.0
    ],
    [
      0.0,
      0.0,
      0.0,
      0.0,
      0.0,
      0.0,
      0.0,
      0.0,
      0.0,
      0.0,
      0.0,
      0.0,
      0.0,
      0.0,
      0.0,
      0.0
    ],
    [
      0.0,
      0.0,
      0.0,
      0.0,
      0.0,
      0.0,
      0.0,
      0.0,
      0.0,
      0.0,
      0.0,
      0.0,
      0.0,
      0.0,
      0.0,
      0.0
    ],
    [
      0.0,
      0.0,
      0.0,
      0.0,
      0.0,
      0.0,
      0.0,
      0.0,
      0.0,
      0.0,
      0.0,
      0.0,
      0.0,
      0.0,
      0.0,
      0.0
    ],
    [
      0.0,
      0.0,
      0.0,
      0.0,
      0.0,
      0.0,
      0.0,
      0.0,
      0.0,
      0.0,
      0.0,
      0.0,
      0.0,
      0.0,
      0.0,
      0.0
    ],
    [
      0.0,
      0.0,
      0.0,
      0.0,
      0.0,
      0.0,
      0.0,
      0.0,
      0.0,
      0.0,
      0.0,
      0.0,
      0.0,
      0.0,
      0.0,
      0.0
    ],
    [
      0.0,
      0.0,
      0.0,
      0.0,
      0.0,
      0.0,
      0.0,
      0.0,
      0.0,
      0.0,
      0.0,
      0.0,
      0.0,
      0.0,
      0.0,
      0.0
    ],
    [
      0.0,
      0.0,
      0.0,
      0.0,
      0.0,
      0.0,
      0.0,
      0.0,
      0.0,
      0.0,
      0.0,
      0.0,
      0.0,
      0.0,
      0.0,
      0.0
    ],
    [
      0.0,
      0.0,
      0.0,
      0.0,
      0.0,
      0.0,
      0.0,
      0.0,
      0.0,
      0.0,
      0.0,
      0.0,
      0.0,
      0.0,
      0.0,
      0.0
    ],
    [
      0.0,
      0.0,
      0.0,
      0.0,
      0.0,
      0.0,
      0.0,
      0.0,
      0.0,
      0.0,
      0.0,
      0.0,
      0.0,
      0.0,
      0.0,
      0.0
    ],
    [
      0.0,
      0.0,
      0.0,
      0.0,
      0.0,
      0.0,
      0.0,
      0.0,
      0.0,
      0.0,
      0.0,
      0.0,
      0.0,
      0.0,
      0.0,
      0.0
    ],
    [
      0.0,
      0.0,
      0.0,
      0.0,
      0.0,
      0.0,
      0.0,
      0.0,
      0.0,
      0.0,
      0.0,
      0.0,
      0.0,
      0.0,
      0.0,
      0.0
    ],
    [
      0.0,
      0.0,
      0.0,
      0.0,
      0.0,
      0.0,
      0.0,
      0.0,
      0.0,
      0.0,
      0.0,
      0.0,
      0.0,
      0.0,
      0.0,
      0.0
    ],
    [
      0.0,
      0.0,
      0.0,
      0.0,
      0.0,
      0.0,
      0.0,
      0.0,
      0.0,
      0.0,
      0.0,
      0.0,
      0.0,
      0.0,
      0.0,
      0.0
    ]
  ]
}