{
  "config": {
    "symbols": [
      "H",
      "H",
      "H"
    ],
    "geometry": [
      [
        0.0,
        1.0,
        0.0
      ],
      [
        -0.866025,
        -0.5,
        0.0
      ],
      [
        0.866025,
        -0.5,
        0.0
      ]
    ],
    "basis": "STO-3G",
    "ansatz": "RY-CZ",
    "optimizer": {
      "name": "Adam",
      "stepsize": 0.1,
      "iterations_planned": 50
    },
    "seed": 1,
    "noisy": true,
    "depolarizing_prob": 0.02,
    "amplitude_damping_prob": 0.0
  },
  "energies": [
    1.6286388753325467,
    1.6286388753325467,
    1.6071739949293224,
    1.5645414468182393,
    1.4937957061486156,
    1.395364399021313,
    1.2709366294090467,
    1.123486247263581,
    0.9573695955055237,
    0.7783662802219111,
    0.5936046334534061,
    0.4113121869351387,
    0.24032226321661132,
    0.08926429817110149,
    -0.034612016044372876,
    -0.12692798222641744,
    -0.18766566110086622,
    -0.2219137887478198,
    -0.2389698717122179,
    -0.24973220149205314,
    -0.26374066564590953,
    -0.28744184758340646,
    -0.323990626344673,
    -0.3739007492790104,
    -0.4358646220110597,
    -0.5074465976543673,
    -0.5856072337323583,
    -0.6670959974268027,
    -0.7487503752103035,
    -0.8277215357329716,
    -0.9016326077210046,
    -0.9686699720351312,
    -1.027609933608256,
    -1.0777898303652027,
    -1.1190399439383583,
    -1.1515964012603555,
    -1.176013330525327,
    -1.1930855841827326,
    -1.203784571302624,
    -1.2092029088714902,
    -1.2105010459037546,
    -1.2088508096361434,
    -1.2053752514085718,
    -1.2010888292660782,
    -1.1968448666511529,
    -1.1932974486277406,
    -1.1908827246896272,
    -1.1898210714572195,
    -1.1901380585817538,
    -1.1916996396090143,
    -1.194255845321521
  ],
  "final_params": [
    3.3218549720331967,
    3.3168181875197402,
    0.1177341063473624,
    -0.13357827884395496,
    -0.10641853968591045,
    0.13930205384615005
  ],
  "final_state_real": [
    [
      0.0004115999991575631,
      2.8322739677167417e-05,
      -2.1619101877522305e-05,
      1.4879487254474056e-06,
      -2.715304070320556e-05,
      -1.868723107425647e-06,
      -1.4264828801520072e-06,
      9.817861053708031e-08,
      -6.534648466649337e-06,
      -4.496577934439228e-07,
      3.4331244228357174e-07,
      -2.3628701775867737e-08,
      -4.3118001128933064e-07,
      -2.967461579583977e-08,
      -2.2652008336413206e-08,
      1.5590391832157311e-09,
      0.0004141857477902874,
      2.850066845643159e-05,
      -2.1754917142913337e-05,
      1.497296299281866e-06,
      -2.7328751670042985e-05,
      -1.8808158651961787e-06,
      -1.4357138421200713e-06,
      9.881393748881241e-08,
      -2.4078449659862376e-05,
      -1.656869929402019e-06,
      1.2650154635430667e-06,
      -8.706551073739085e-08,
      -1.5887841938485372e-06,
      -1.093431033455816e-07,
      -8.3466653976381e-08,
      5.744646660398144e-09,
      0.00046226167609121177,
      3.180883659246697e-05,
      -2.428008330890319e-05,
      1.6710925004151837e-06,
      -3.0495165529948803e-05,
      -2.098734396397005e-06,
      -1.6020611478234232e-06,
      1.1026289882426269e-07,
      -9.838439670189086e-05,
      -6.769960305602737e-06,
      5.168845376565609e-06,
      -3.557491395186926e-07,
      -6.49176241034539e-06,
      -4.4677524542205237e-07,
      -3.4104423300476985e-07,
      2.3472590799354382e-08,
      -0.006907737575648605,
      -0.00047533054789533266,
      0.000362825759710384,
      -2.4971718519068495e-05,
      0.00045578546778560236,
      3.136800938758993e-05,
      2.3944654078520197e-05,
      -1.6480063658174694e-06,
      0.0004015773414854697,
      2.763306736253895e-05,
      -2.1097768085727204e-05,
      1.452067588690253e-06,
      2.6497542066563308e-05,
      1.8236104637785302e-06,
      1.3920463102903214e-06,
      -9.580849125438468e-08
    ],
    [
      2.8322739677167417e-05,
      7.564921242005973e-06,
      -1.4879487254474056e-06,
      -1.869421810724574e-07,
      -1.868723107425647e-06,
      -4.990539718686928e-07,
      -9.817861053708031e-08,
      -1.2334916704166946e-08,
      -4.496577934439228e-07,
      -1.2010228643240013e-07,
      2.362870177586775e-08,
      2.968651385862215e-09,
      -2.9674615795839764e-08,
      -7.924788224507204e-09,
      -1.5590391832157311e-09,
      -1.9587380956298477e-10,
      2.8500668456431566e-05,
      7.612445500505047e-06,
      -1.497296299281866e-06,
      -1.881165870250716e-07,
      -1.8808158651961787e-06,
      -5.022834170295347e-07,
      -9.881393748881241e-08,
      -1.2414737603919547e-08,
      -1.656869929402019e-06,
      -4.4254513041613386e-07,
      8.706551073739085e-08,
      1.0938694455712025e-08,
      -1.0934310334558159e-07,
      -2.9200746651136828e-08,
      -5.744646660398144e-09,
      -7.217431338990026e-10,
      3.1808836592466964e-05,
      8.496047570420493e-06,
      -1.6710925004151837e-06,
      -2.099519099406513e-07,
      -2.098734396397005e-06,
      -5.60479897881844e-07,
      -1.1026289882426269e-07,
      -1.3853156661283067e-08,
      -6.769960305602737e-06,
      -1.8082366715631726e-06,
      3.557491395186927e-07,
      4.46954380341818e-08,
      -4.4677524542205237e-07,
      -1.1931407059424755e-07,
      -2.3472590799354375e-08,
      -2.9490379906291407e-09,
      -0.00047533054789533266,
      -0.0001269594043420366,
      2.497171851906849e-05,
      3.1373846727671744e-06,
      3.136800938758993e-05,
      8.377019373435474e-06,
      1.6480063658174696e-06,
      2.0705142534704988e-07,
      2.763306736253895e-05,
      7.380711776310736e-06,
      -1.452067588690253e-06,
      -1.8243416419659083e-07,
      1.8236104637785302e-06,
      4.870063635825162e-07,
      9.580849125438468e-08,
      1.2037140806025184e-08
    ],
    [
      -2.1619101877522305e-05,
      -1.4879487254474056e-06,
      6.729440060983888e-06,
      3.0241163229966216e-07,
      1.4264828801520072e-06,
      9.817861053708031e-08,
      -2.8992235407139075e-07,
      -3.055262431422522e-08,
      3.4331244228357174e-07,
      2.3628701775867737e-08,
      -1.068380108501488e-07,
      -4.801150907066511e-09,
      2.2652008336413206e-08,
      1.5590391832157311e-09,
      -4.603857272116624e-09,
      -4.851641125839397e-10,
      -2.1754917142913337e-05,
      -1.4972962992818655e-06,
      6.7717156695171796e-06,
      3.043114390691937e-07,
      1.4357138421200713e-06,
      9.881393748881241e-08,
      -2.91798480494891e-07,
      -3.0750334442396614e-08,
      1.265015463543067e-06,
      8.706551073739087e-08,
      -3.936697863923802e-07,
      -1.7690970067511543e-08,
      8.346665397638098e-08,
      5.744646660398143e-09,
      -1.6963995252937015e-08,
      -1.7877013157242069e-09,
      -2.428008330890319e-05,
      -1.6710925004151837e-06,
      7.557731409408814e-06,
      3.396338880039869e-07,
      1.6020611478234232e-06,
      1.1026289882426269e-07,
      -3.2560737027126887e-07,
      -3.431318598976079e-08,
      5.168845376565609e-06,
      3.557491395186926e-07,
      -1.6085323175328533e-06,
      -7.228519451003888e-08,
      3.4104423300476985e-07,
      2.3472590799354382e-08,
      -6.931477990445866e-08,
      -7.3045365426449915e-09,
      0.000362825759710384,
      2.4971718519068495e-05,
      -0.00011293781843410211,
      -5.075267735726912e-06,
      -2.3944654078520204e-05,
      -1.6480063658174696e-06,
      4.866578193444528e-06,
      5.128501929985669e-07,
      -2.10977680857272e-05,
      -1.4520675886902529e-06,
      6.565574963330437e-06,
      2.9504776380402995e-07,
      -1.3920463102903214e-06,
      -9.580849125438468e-08,
      2.8292336968864074e-07,
      2.981505669508734e-08
    ],
    [
      1.4879487254474056e-06,
      -1.869421810724574e-07,
      3.0241163229966216e-07,
      1.2368242023405638e-07,
      -9.817861053708031e-08,
      1.2334916704166946e-08,
      -3.055262431422522e-08,
      -5.328570892458757e-09,
      -2.362870177586775e-08,
      2.968651385862215e-09,
      -4.801150907066511e-09,
      -1.963608210369706e-09,
      -1.5590391832157311e-09,
      1.9587380956298477e-10,
      -4.851641125839397e-10,
      -8.461568936900411e-11,
      1.4972962992818655e-06,
      -1.881165870250716e-07,
      3.043114390691934e-07,
      1.2445941646745482e-07,
      -9.881393748881241e-08,
      1.2414737603919547e-08,
      -3.0750334442396614e-08,
      -5.363052789112974e-09,
      -8.706551073739087e-08,
      1.0938694455712022e-08,
      -1.7690970067511543e-08,
      -7.235376422524339e-09,
      -5.744646660398143e-09,
      7.217431338990023e-10,
      -1.787701315724206e-09,
      -3.1178641472519935e-10,
      1.6710925004151837e-06,
      -2.099519099406513e-07,
      3.3963388800398677e-07,
      1.3890583818618044e-07,
      -1.1026289882426269e-07,
      1.3853156661283067e-08,
      -3.431318598976079e-08,
      -5.984436630127152e-09,
      -3.557491395186927e-07,
      4.46954380341818e-08,
      -7.228519451003888e-08,
      -2.956370340685843e-08,
      -2.3472590799354382e-08,
      2.9490379906291407e-09,
      -7.3045365426449915e-09,
      -1.2739573662717118e-09,
      -2.497171851906849e-05,
      3.1373846727671744e-06,
      -5.075267735726912e-06,
      -2.0757184243115025e-06,
      1.6480063658174699e-06,
      -2.070514253470499e-07,
      5.128501929985669e-07,
      8.944431687760627e-08,
      1.4520675886902529e-06,
      -1.8243416419659078e-07,
      2.9504776380402995e-07,
      1.2067069389635187e-07,
      9.580849125438468e-08,
      -1.2037140806025184e-08,
      2.981505669508734e-08,
      5.199934435369591e-09
    ],
    [
      -2.715304070320556e-05,
      -1.868723107425647e-06,
      1.4264828801520072e-06,
      -9.817861053708031e-08,
      7.403249374738178e-06,
      5.094273693756612e-07,
      -1.9543606613665704e-07,
      1.345101416154764e-08,
      4.3118001128933064e-07,
      2.967461579583977e-08,
      -2.2652008336413206e-08,
      1.5590391832157311e-09,
      -5.907303629646653e-08,
      -4.064893664696554e-09,
      6.1749942392559095e-09,
      -4.249979883530165e-10,
      -2.7328751670042978e-05,
      -1.8808158651961782e-06,
      1.4357138421200708e-06,
      -9.881393748881239e-08,
      7.44975798015029e-06,
      5.126276879532402e-07,
      -1.9666383227327559e-07,
      1.3535515963170969e-08,
      1.5887841938485372e-06,
      1.093431033455816e-07,
      -8.3466653976381e-08,
      5.744646660398144e-09,
      -2.1766850014642447e-07,
      -1.4978057041265128e-08,
      2.2753219044405943e-08,
      -1.5660050759162025e-09,
      -3.049516552994883e-05,
      -2.098734396397005e-06,
      1.6020611478234237e-06,
      -1.1026289882426273e-07,
      8.314476364169353e-06,
      5.721301022748135e-07,
      -2.1949126259939616e-07,
      1.510662867874153e-08,
      6.49176241034539e-06,
      4.4677524542205237e-07,
      -3.4104423300476985e-07,
      2.3472590799354382e-08,
      -8.893921481834234e-07,
      -6.120024862845761e-08,
      9.296951258624535e-08,
      -6.398687075062914e-09,
      0.00045578546778560236,
      3.136800938758993e-05,
      -2.3944654078520197e-05,
      1.6480063658174694e-06,
      -0.00012424612243062556,
      -8.549539817061532e-06,
      3.2799345492037673e-06,
      -2.2574362522954064e-07,
      -2.6497542066563308e-05,
      -1.8236104637785302e-06,
      1.3920463102903214e-06,
      -9.580849125438468e-08,
      3.6302477463754734e-06,
      2.4980214308712043e-07,
      -3.7947531270338907e-07,
      2.6117634815478973e-08
    ],
    [
      -1.868723107425647e-06,
      -4.990539718686928e-07,
      9.817861053708031e-08,
      1.2334916704166946e-08,
      5.094273693756612e-07,
      1.36066566009358e-07,
      -1.345101416154764e-08,
      -1.6899520003554788e-09,
      2.9674615795839764e-08,
      7.924788224507204e-09,
      -1.5590391832157311e-09,
      -1.9587380956298477e-10,
      -4.064893664696554e-09,
      -1.0857212537016062e-09,
      4.249979883530167e-10,
      5.339569135369916e-11,
      -1.8808158651961782e-06,
      -5.022834170295346e-07,
      9.881393748881239e-08,
      1.241473760391954e-08,
      5.126276879532401e-07,
      1.3692136177645776e-07,
      -1.3535515963170969e-08,
      -1.7005685967676081e-09,
      1.0934310334558159e-07,
      2.9200746651136828e-08,
      -5.744646660398144e-09,
      -7.217431338990026e-10,
      -1.4978057041265128e-08,
      -4.000595393205821e-09,
      1.5660050759162025e-09,
      1.9674898701518606e-10,
      -2.0987343963970058e-06,
      -5.604798978818444e-07,
      1.1026289882426278e-07,
      1.385315666128307e-08,
      5.721301022748134e-07,
      1.5281428326578642e-07,
      -1.5106628678741524e-08,
      -1.8979592949390903e-09,
      4.4677524542205237e-07,
      1.1931407059424755e-07,
      -2.3472590799354375e-08,
      -2.9490379906291407e-09,
      -6.120024862845761e-08,
      -1.6346408085609617e-08,
      6.398687075062915e-09,
      8.039151466410426e-10,
      3.136800938758993e-05,
      8.377019373435474e-06,
      -1.6480063658174696e-06,
      -2.0705142534704988e-07,
      -8.54953981706153e-06,
      -2.283557173799967e-06,
      2.2574362522954064e-07,
      2.8361868216207873e-08,
      -1.8236104637785302e-06,
      -4.870063635825162e-07,
      9.580849125438468e-08,
      1.2037140806025184e-08,
      2.498021430871205e-07,
      6.672142455420001e-08,
      -2.6117634815478973e-08,
      -3.2813547492313572e-09
    ],
    [
      -1.4264828801520072e-06,
      -9.817861053708031e-08,
      -2.8992235407139075e-07,
      -3.055262431422522e-08,
      -1.9543606613665704e-07,
      -1.345101416154764e-08,
      1.210391715883986e-07,
      5.439331225263161e-09,
      2.2652008336413206e-08,
      1.5590391832157311e-09,
      4.603857272116624e-09,
      4.851641125839397e-10,
      6.1749942392559095e-09,
      4.2499798835301647e-10,
      -9.658125796672332e-10,
      -4.34022676576174e-11,
      -1.4357138421200708e-06,
      -9.881393748881239e-08,
      -2.9179848049489096e-07,
      -3.075033444239661e-08,
      -1.9666383227327559e-07,
      -1.3535515963170965e-08,
      1.217995624365068e-07,
      5.473502127370656e-09,
      8.346665397638098e-08,
      5.744646660398143e-09,
      1.6963995252937015e-08,
      1.7877013157242069e-09,
      2.275321904440595e-08,
      1.566005075916203e-09,
      -3.558763673220748e-09,
      -1.5992586628820926e-10,
      -1.6020611478234237e-06,
      -1.1026289882426273e-07,
      -3.2560737027126913e-07,
      -3.431318598976079e-08,
      -2.1949126259939616e-07,
      -1.510662867874153e-08,
      1.359372459807178e-07,
      6.1088298691732614e-09,
      3.410442330047698e-07,
      2.3472590799354382e-08,
      6.931477990445866e-08,
      7.3045365426449915e-09,
      9.296951258624535e-08,
      6.398687075062914e-09,
      -1.454108640466471e-08,
      -6.534561026169764e-10,
      2.3944654078520204e-05,
      1.6480063658174696e-06,
      4.866578193444528e-06,
      5.128501929985669e-07,
      3.2799345492037673e-06,
      2.2574362522954064e-07,
      -2.031357714814992e-06,
      -9.128637698749307e-08,
      -1.3920463102903214e-06,
      -9.580849125438468e-08,
      -2.8292336968864074e-07,
      -2.981505669508734e-08,
      -3.79475312703389e-07,
      -2.6117634815478973e-08,
      5.935261094693005e-08,
      2.6672233937816913e-09
    ],
    [
      9.817861053708031e-08,
      -1.2334916704166946e-08,
      -3.055262431422522e-08,
      -5.328570892458757e-09,
      1.345101416154764e-08,
      -1.6899520003554788e-09,
      5.439331225263161e-09,
      2.2246156514528195e-09,
      -1.5590391832157311e-09,
      1.9587380956298477e-10,
      4.851641125839397e-10,
      8.461568936900411e-11,
      -4.249979883530167e-10,
      5.339569135369916e-11,
      -4.3402267657617405e-11,
      -1.7750962377733975e-11,
      9.881393748881239e-08,
      -1.241473760391954e-08,
      -3.07503344423966e-08,
      -5.363052789112974e-09,
      1.3535515963170965e-08,
      -1.7005685967676086e-09,
      5.473502127370653e-09,
      2.238591105512231e-09,
      -5.744646660398143e-09,
      7.217431338990023e-10,
      1.787701315724206e-09,
      3.1178641472519935e-10,
      -1.566005075916203e-09,
      1.9674898701518617e-10,
      -1.5992586628820928e-10,
      -6.540759708923376e-11,
      1.1026289882426278e-07,
      -1.385315666128307e-08,
      -3.43131859897608e-08,
      -5.9844366301271564e-09,
      1.5106628678741524e-08,
      -1.8979592949390903e-09,
      6.1088298691732614e-09,
      2.4984318799905103e-09,
      -2.3472590799354382e-08,
      2.94903799062914e-09,
      7.3045365426449915e-09,
      1.2739573662717118e-09,
      -6.398687075062915e-09,
      8.039151466410426e-10,
      -6.534561026169762e-10,
      -2.6725503802147176e-10,
      -1.6480063658174699e-06,
      2.070514253470499e-07,
      5.128501929985669e-07,
      8.944431687760627e-08,
      -2.2574362522954064e-07,
      2.8361868216207873e-08,
      -9.128637698749305e-08,
      -3.733493964618313e-08,
      9.580849125438468e-08,
      -1.2037140806025184e-08,
      -2.981505669508734e-08,
      -5.199934435369591e-09,
      2.6117634815478973e-08,
      -3.2813547492313564e-09,
      2.6672233937816913e-09,
      1.0908596410105146e-09
    ],
    [
      -6.534648466649338e-06,
      -4.4965779344392293e-07,
      3.4331244228357185e-07,
      -2.3628701775867744e-08,
      4.3118001128933064e-07,
      2.967461579583977e-08,
      2.265200833641321e-08,
      -1.5590391832157313e-09,
      6.991465413254568e-06,
      4.81091971007819e-07,
      -3.672235261216877e-07,
      2.5274397648089968e-08,
      -2.7263372793099455e-07,
      -1.8763163684577702e-08,
      -1.4322791679079661e-08,
      9.857754380580093e-10,
      2.4078449659862376e-05,
      1.656869929402019e-06,
      -1.2650154635430667e-06,
      8.706551073739085e-08,
      -1.5887841938485372e-06,
      -1.093431033455816e-07,
      -8.3466653976381e-08,
      5.744646660398144e-09,
      4.158687261225289e-06,
      2.861647641873467e-07,
      -2.184331481078713e-07,
      1.503380326175791e-08,
      -4.642080235169937e-07,
      -3.1947665444930596e-08,
      -2.4387132388381733e-08,
      1.6784602228244117e-09,
      -9.838439670189086e-05,
      -6.769960305602737e-06,
      5.168845376565609e-06,
      -3.557491395186926e-07,
      6.49176241034539e-06,
      4.4677524542205237e-07,
      3.4104423300476985e-07,
      -2.3472590799354382e-08,
      7.852008082797893e-06,
      5.403070489000815e-07,
      -4.124231366194766e-07,
      2.838529019172657e-08,
      -3.061907781591911e-07,
      -2.107262271953106e-08,
      -1.608570870123375e-08,
      1.107109346887544e-09,
      -0.0004015773414854697,
      -2.763306736253895e-05,
      2.1097768085727204e-05,
      -1.452067588690253e-06,
      2.6497542066563308e-05,
      1.8236104637785302e-06,
      1.3920463102903214e-06,
      -9.580849125438468e-08,
      -6.935806075655305e-05,
      -4.772619784600691e-06,
      3.6430004484749763e-06,
      -2.507318715098217e-07,
      7.74200277067357e-06,
      5.328191281944751e-07,
      4.06725513034401e-07,
      -2.7993147548636162e-08
    ],
    [
      -4.49657793443923e-07,
      -1.2010228643240016e-07,
      2.362870177586775e-08,
      2.9686513858622166e-09,
      2.967461579583977e-08,
      7.924788224507204e-09,
      1.5590391832157311e-09,
      1.9587380956298482e-10,
      4.81091971007819e-07,
      1.2849826366795728e-07,
      -2.5274397648089968e-08,
      -3.1754125265343604e-09,
      -1.8763163684577702e-08,
      -5.010817988177247e-09,
      -9.857754380580093e-10,
      -1.2385037688903565e-10,
      1.656869929402019e-06,
      4.4254513041613386e-07,
      -8.706551073739085e-08,
      -1.0938694455712025e-08,
      -1.0934310334558159e-07,
      -2.9200746651136828e-08,
      -5.744646660398144e-09,
      -7.217431338990026e-10,
      2.861647641873464e-07,
      7.643377469799186e-08,
      -1.5033803261757904e-08,
      -1.8888096904832417e-09,
      -3.1947665444930596e-08,
      -8.53182008017695e-09,
      -1.6784602228244117e-09,
      -2.1087757227911899e-10,
      -6.769960305602737e-06,
      -1.8082366715631726e-06,
      3.557491395186927e-07,
      4.46954380341818e-08,
      4.4677524542205237e-07,
      1.1931407059424755e-07,
      2.3472590799354375e-08,
      2.9490379906291407e-09,
      5.403070489000813e-07,
      1.4431443843424727e-07,
      -2.8385290191726578e-08,
      -3.566257336737483e-09,
      -2.107262271953106e-08,
      -5.6275731937407165e-09,
      -1.1071093468875436e-09,
      -1.390944677415747e-10,
      -2.763306736253895e-05,
      -7.380711776310736e-06,
      1.452067588690253e-06,
      1.8243416419659083e-07,
      1.8236104637785302e-06,
      4.870063635825162e-07,
      9.580849125438468e-08,
      1.2037140806025184e-08,
      -4.772619784600691e-06,
      -1.2747528381814568e-06,
      2.507318715098216e-07,
      3.1501329395830706e-08,
      5.328191281944751e-07,
      1.4229261743296918e-07,
      2.799314754863617e-08,
      3.516989509333823e-09
    ],
    [
      3.4331244228357185e-07,
      2.3628701775867744e-08,
      -1.0683801085014883e-07,
      -4.8011509070665126e-09,
      -2.2652008336413206e-08,
      -1.5590391832157311e-09,
      4.603857272116624e-09,
      4.851641125839397e-10,
      -3.672235261216877e-07,
      -2.5274397648089968e-08,
      1.1430672384167826e-07,
      5.136784431769584e-09,
      1.4322791679079661e-08,
      9.857754380580093e-10,
      -2.911004077406389e-09,
      -3.067677007488523e-10,
      -1.265015463543067e-06,
      -8.706551073739087e-08,
      3.936697863923802e-07,
      1.7690970067511543e-08,
      8.346665397638098e-08,
      5.744646660398143e-09,
      -1.6963995252937015e-08,
      -1.7877013157242069e-09,
      -2.1843314810787128e-07,
      -1.5033803261757904e-08,
      6.7992314660039e-08,
      3.0554796051141874e-09,
      2.438713238838174e-08,
      1.6784602228244117e-09,
      -4.956508717676908e-09,
      -5.223272598154866e-10,
      5.168845376565609e-06,
      3.557491395186926e-07,
      -1.6085323175328533e-06,
      -7.228519451003888e-08,
      -3.4104423300476985e-07,
      -2.3472590799354382e-08,
      6.931477990445866e-08,
      7.3045365426449915e-09,
      -4.1242313661947657e-07,
      -2.8385290191726565e-08,
      1.2837613668536983e-07,
      5.7690441836955905e-09,
      1.6085708701233747e-08,
      1.1071093468875438e-09,
      -3.2693042436453053e-09,
      -3.4452612198506564e-10,
      2.10977680857272e-05,
      1.4520675886902529e-06,
      -6.565574963330437e-06,
      -2.9504776380402995e-07,
      -1.3920463102903214e-06,
      -9.580849125438468e-08,
      2.8292336968864074e-07,
      2.981505669508734e-08,
      3.6430004484749763e-06,
      2.507318715098217e-07,
      -1.1339672341171e-06,
      -5.095890284124879e-08,
      -4.067255130344011e-07,
      -2.799314754863617e-08,
      8.266402621478512e-08,
      8.711308051188378e-09
    ],
    [
      -2.362870177586775e-08,
      2.9686513858622166e-09,
      -4.801150907066514e-09,
      -1.9636082103697064e-09,
      1.5590391832157311e-09,
      -1.9587380956298477e-10,
      4.851641125839397e-10,
      8.461568936900411e-11,
      2.5274397648089968e-08,
      -3.1754125265343604e-09,
      5.136784431769584e-09,
      2.100877952050241e-09,
      -9.857754380580093e-10,
      1.2385037688903565e-10,
      -3.067677007488523e-10,
      -5.350222698204526e-11,
      8.706551073739087e-08,
      -1.0938694455712022e-08,
      1.7690970067511543e-08,
      7.235376422524339e-09,
      -5.744646660398143e-09,
      7.217431338990023e-10,
      -1.787701315724206e-09,
      -3.1178641472519935e-10,
      1.50338032617579e-08,
      -1.8888096904832417e-09,
      3.0554796051141833e-09,
      1.2496513763790945e-09,
      -1.6784602228244117e-09,
      2.1087757227911914e-10,
      -5.223272598154865e-10,
      -9.109717726259826e-11,
      -3.557491395186927e-07,
      4.46954380341818e-08,
      -7.228519451003888e-08,
      -2.956370340685843e-08,
      2.3472590799354382e-08,
      -2.9490379906291407e-09,
      7.3045365426449915e-09,
      1.2739573662717118e-09,
      2.838529019172657e-08,
      -3.566257336737482e-09,
      5.769044183695587e-09,
      2.359463958613983e-09,
      -1.1071093468875436e-09,
      1.3909446774157466e-10,
      -3.4452612198506564e-10,
      -6.008753442651266e-11,
      -1.4520675886902529e-06,
      1.8243416419659078e-07,
      -2.9504776380402995e-07,
      -1.2067069389635187e-07,
      9.580849125438468e-08,
      -1.2037140806025184e-08,
      2.981505669508734e-08,
      5.199934435369591e-09,
      -2.507318715098216e-07,
      3.1501329395830706e-08,
      -5.095890284124879e-08,
      -2.0841527781022545e-08,
      2.799314754863617e-08,
      -3.5169895093338247e-09,
      8.711308051188378e-09,
      1.5193072136586167e-09
    ],
    [
      -4.3118001128933064e-07,
      -2.967461579583977e-08,
      2.265200833641321e-08,
      -1.5590391832157317e-09,
      -5.907303629646657e-08,
      -4.064893664696555e-09,
      6.1749942392559095e-09,
      -4.2499798835301673e-10,
      -2.7263372793099455e-07,
      -1.8763163684577702e-08,
      1.4322791679079661e-08,
      -9.857754380580093e-10,
      1.2575209440019112e-07,
      8.653167737718516e-09,
      -3.3196902324917386e-09,
      2.2847983594785599e-10,
      1.5887841938485372e-06,
      1.093431033455816e-07,
      -8.3466653976381e-08,
      5.744646660398144e-09,
      2.1766850014642447e-07,
      1.4978057041265128e-08,
      -2.2753219044405943e-08,
      1.5660050759162025e-09,
      -4.6420802351699347e-07,
      -3.194766544493059e-08,
      2.438713238838173e-08,
      -1.678460222824411e-09,
      7.480028894415026e-08,
      5.14710669552523e-09,
      -1.9746294467687054e-09,
      1.3590515393265455e-10,
      -6.49176241034539e-06,
      -4.4677524542205237e-07,
      3.4104423300476985e-07,
      -2.3472590799354382e-08,
      -8.893921481834234e-07,
      -6.120024862845761e-08,
      9.296951258624535e-08,
      -6.398687075062914e-09,
      -3.061907781591914e-07,
      -2.107262271953106e-08,
      1.6085708701233764e-08,
      -1.1071093468875445e-09,
      1.4123025764915015e-07,
      9.718240597966868e-09,
      -3.728293425938059e-09,
      2.566022160701458e-10,
      -2.6497542066563308e-05,
      -1.8236104637785302e-06,
      1.3920463102903214e-06,
      -9.580849125438468e-08,
      -3.6302477463754734e-06,
      -2.4980214308712043e-07,
      3.7947531270338907e-07,
      -2.6117634815478973e-08,
      7.74200277067357e-06,
      5.328191281944751e-07,
      -4.06725513034401e-07,
      2.799314754863617e-08,
      -1.2475097691446843e-06,
      -8.584279521021682e-08,
      3.2932620449153626e-08,
      -2.266608987763246e-09
    ],
    [
      -2.967461579583977e-08,
      -7.924788224507204e-09,
      1.5590391832157311e-09,
      1.958738095629848e-10,
      -4.0648936646965555e-09,
      -1.0857212537016068e-09,
      4.2499798835301673e-10,
      5.339569135369915e-11,
      -1.8763163684577702e-08,
      -5.010817988177247e-09,
      9.857754380580093e-10,
      1.2385037688903565e-10,
      8.653167737718516e-09,
      2.311235889460194e-09,
      -2.2847983594785599e-10,
      -2.8705638932770627e-11,
      1.0934310334558159e-07,
      2.9200746651136828e-08,
      -5.744646660398144e-09,
      -7.217431338990026e-10,
      1.4978057041265128e-08,
      4.000595393205821e-09,
      -1.5660050759162025e-09,
      -1.9674898701518606e-10,
      -3.194766544493059e-08,
      -8.531820080176946e-09,
      1.678460222824411e-09,
      2.1087757227911899e-10,
      5.147106695525226e-09,
      1.3747772009231042e-09,
      -1.359051539326545e-10,
      -1.7074785885191828e-11,
      -4.4677524542205237e-07,
      -1.1931407059424755e-07,
      2.3472590799354375e-08,
      2.9490379906291407e-09,
      -6.120024862845761e-08,
      -1.6346408085609617e-08,
      6.398687075062915e-09,
      8.039151466410426e-10,
      -2.1072622719531068e-08,
      -5.627573193740721e-09,
      1.1071093468875453e-09,
      1.3909446774157485e-10,
      9.718240597966865e-09,
      2.5957137470620917e-09,
      -2.566022160701458e-10,
      -3.223886490158134e-11,
      -1.8236104637785302e-06,
      -4.870063635825162e-07,
      9.580849125438468e-08,
      1.2037140806025184e-08,
      -2.498021430871205e-07,
      -6.672142455420001e-08,
      2.6117634815478973e-08,
      3.2813547492313572e-09,
      5.328191281944751e-07,
      1.4229261743296918e-07,
      -2.799314754863617e-08,
      -3.516989509333823e-09,
      -8.584279521021682e-08,
      -2.2928360475044427e-08,
      2.266608987763245e-09,
      2.8477112185669417e-10
    ],
    [
      -2.2652008336413206e-08,
      -1.5590391832157311e-09,
      -4.603857272116624e-09,
      -4.851641125839397e-10,
      6.174994239255911e-09,
      4.2499798835301663e-10,
      -9.658125796672336e-10,
      -4.340226765761742e-11,
      -1.4322791679079661e-08,
      -9.857754380580093e-10,
      -2.911004077406389e-09,
      -3.067677007488523e-10,
      -3.3196902324917386e-09,
      -2.2847983594785599e-10,
      2.0559795518496276e-09,
      9.239284793609844e-11,
      8.346665397638098e-08,
      5.744646660398143e-09,
      1.6963995252937015e-08,
      1.7877013157242069e-09,
      -2.275321904440595e-08,
      -1.566005075916203e-09,
      3.558763673220748e-09,
      1.5992586628820926e-10,
      -2.4387132388381733e-08,
      -1.678460222824411e-09,
      -4.9565087176769075e-09,
      -5.223272598154865e-10,
      -1.9746294467687054e-09,
      -1.3590515393265442e-10,
      1.2229447571044423e-09,
      5.495742838285962e-11,
      -3.410442330047698e-07,
      -2.3472590799354382e-08,
      -6.931477990445866e-08,
      -7.3045365426449915e-09,
      9.296951258624535e-08,
      6.398687075062914e-09,
      -1.454108640466471e-08,
      -6.534561026169764e-10,
      -1.608570870123376e-08,
      -1.1071093468875445e-09,
      -3.2693042436453094e-09,
      -3.4452612198506564e-10,
      -3.728293425938058e-09,
      -2.566022160701457e-10,
      2.309039250710609e-09,
      1.0376499716520103e-10,
      -1.3920463102903214e-06,
      -9.580849125438468e-08,
      -2.8292336968864074e-07,
      -2.981505669508734e-08,
      3.79475312703389e-07,
      2.6117634815478973e-08,
      -5.935261094693005e-08,
      -2.6672233937816913e-09,
      4.067255130344011e-07,
      2.799314754863617e-08,
      8.266402621478512e-08,
      8.711308051188378e-09,
      3.2932620449153626e-08,
      2.266608987763246e-09,
      -2.0396118158730425e-08,
      -9.16573047543667e-10
    ],
    [
      1.5590391832157311e-09,
      -1.9587380956298477e-10,
      -4.851641125839397e-10,
      -8.461568936900411e-11,
      -4.249979883530167e-10,
      5.339569135369917e-11,
      -4.340226765761743e-11,
      -1.775096237773398e-11,
      9.857754380580093e-10,
      -1.2385037688903565e-10,
      -3.067677007488523e-10,
      -5.350222698204526e-11,
      2.2847983594785599e-10,
      -2.8705638932770627e-11,
      9.239284793609844e-11,
      3.7787471857994965e-11,
      -5.744646660398143e-09,
      7.217431338990023e-10,
      1.787701315724206e-09,
      3.1178641472519935e-10,
      1.566005075916203e-09,
      -1.9674898701518617e-10,
      1.5992586628820928e-10,
      6.540759708923376e-11,
      1.678460222824411e-09,
      -2.1087757227911899e-10,
      -5.223272598154864e-10,
      -9.109717726259825e-11,
      1.3590515393265442e-10,
      -1.707478588519183e-11,
      5.495742838285957e-11,
      2.2476872667042214e-11,
      2.3472590799354382e-08,
      -2.94903799062914e-09,
      -7.3045365426449915e-09,
      -1.2739573662717118e-09,
      -6.398687075062915e-09,
      8.039151466410426e-10,
      -6.534561026169762e-10,
      -2.6725503802147176e-10,
      1.107109346887545e-09,
      -1.390944677415748e-10,
      -3.4452612198506574e-10,
      -6.008753442651271e-11,
      2.566022160701457e-10,
      -3.223886490158133e-11,
      1.03764997165201e-10,
      4.243853282817788e-11,
      9.580849125438468e-08,
      -1.2037140806025184e-08,
      -2.981505669508734e-08,
      -5.199934435369591e-09,
      -2.6117634815478973e-08,
      3.2813547492313564e-09,
      -2.6672233937816913e-09,
      -1.0908596410105146e-09,
      -2.7993147548636176e-08,
      3.5169895093338247e-09,
      8.711308051188378e-09,
      1.5193072136586167e-09,
      -2.266608987763245e-09,
      2.8477112185669417e-10,
      -9.16573047543667e-10,
      -3.7486644273383087e-10
    ],
    [
      0.0004141857477902874,
      2.8500668456431576e-05,
      -2.175491714291333e-05,
      1.497296299281865e-06,
      -2.732875167004297e-05,
      -1.8808158651961778e-06,
      -1.4357138421200704e-06,
      9.881393748881241e-08,
      2.4078449659862366e-05,
      1.656869929402019e-06,
      -1.2650154635430663e-06,
      8.706551073739077e-08,
      1.5887841938485363e-06,
      1.0934310334558159e-07,
      8.346665397638093e-08,
      -5.744646660398141e-09,
      0.019390627852049185,
      0.0013342947180623908,
      -0.0010184838674941227,
      7.009781354988951e-05,
      -0.0012791897677479089,
      -8.803623520111909e-05,
      -6.720213489543343e-05,
      4.625230573013272e-06,
      -0.001126922138219866,
      -7.754500102663974e-05,
      5.920538702429459e-05,
      -4.074849207959594e-06,
      -7.435844525680943e-05,
      -5.117487444683884e-06,
      -3.906415134605412e-06,
      2.6886155833549993e-07,
      0.006907737575648606,
      0.00047533054789533266,
      -0.00036282575971038406,
      2.4971718519068498e-05,
      -0.0004557854677856024,
      -3.136800938758994e-05,
      -2.3944654078520204e-05,
      1.6480063658174696e-06,
      0.0004015773414854698,
      2.7633067362538952e-05,
      -2.1097768085727207e-05,
      1.4520675886902533e-06,
      2.6497542066563308e-05,
      1.823610463778531e-06,
      1.3920463102903218e-06,
      -9.58084912543847e-08,
      0.07971858304183843,
      0.005485541009591504,
      -0.004187182147329112,
      0.0002881855303069843,
      -0.005258994010124587,
      -0.00036193381566185635,
      -0.00027628084103962033,
      1.9015208292156597e-05,
      -0.004634925235178263,
      -0.00031893532829876264,
      0.00024350621313631523,
      -1.675947324395648e-05,
      -0.00030582932279050323,
      -2.1047746684203986e-05,
      -1.6066719671570057e-05,
      1.1058024145900952e-06
    ],
    [
      2.8500668456431566e-05,
      7.612445500505046e-06,
      -1.497296299281865e-06,
      -1.8811658702507154e-07,
      -1.8808158651961787e-06,
      -5.022834170295345e-07,
      -9.881393748881241e-08,
      -1.2414737603919537e-08,
      1.656869929402019e-06,
      4.425451304161337e-07,
      -8.706551073739081e-08,
      -1.0938694455712022e-08,
      1.0934310334558153e-07,
      2.9200746651136818e-08,
      5.744646660398141e-09,
      7.217431338990018e-10,
      0.0013342947180623908,
      0.0003563862313752001,
      -7.009781354988951e-05,
      -8.806915137137226e-06,
      -8.803623520111909e-05,
      -2.3510616779395173e-05,
      -4.625230573013272e-06,
      -5.811024778573095e-07,
      -7.754500102663974e-05,
      -2.07120438264209e-05,
      4.074849207959595e-06,
      5.119539305686025e-07,
      -5.117487444683884e-06,
      -1.3666564217616562e-06,
      -2.6886155833549993e-07,
      -3.3779098205595184e-08,
      0.00047533054789533266,
      0.0001269594043420366,
      -2.4971718519068498e-05,
      -3.137384672767175e-06,
      -3.136800938758994e-05,
      -8.377019373435478e-06,
      -1.6480063658174699e-06,
      -2.070514253470499e-07,
      2.763306736253896e-05,
      7.380711776310739e-06,
      -1.4520675886902533e-06,
      -1.824341641965908e-07,
      1.8236104637785306e-06,
      4.870063635825162e-07,
      9.58084912543847e-08,
      1.2037140806025186e-08,
      0.005485541009591503,
      0.001465172020092652,
      -0.0002881855303069843,
      -3.6206914033890004e-05,
      -0.0003619338156618564,
      -9.665664621040035e-05,
      -1.9015208292156597e-05,
      -2.389023526744155e-06,
      -0.00031893532829876264,
      -8.51866968864771e-05,
      1.675947324395648e-05,
      2.1056185796379864e-06,
      -2.1047746684203986e-05,
      -5.620929895873317e-06,
      -1.1058024145900952e-06,
      -1.3893026801478258e-07
    ],
    [
      -2.1754917142913327e-05,
      -1.4972962992818655e-06,
      6.771715669517178e-06,
      3.043114390691937e-07,
      1.4357138421200704e-06,
      9.881393748881241e-08,
      -2.917984804948909e-07,
      -3.0750334442396594e-08,
      -1.2650154635430667e-06,
      -8.70655107373908e-08,
      3.9366978639237993e-07,
      1.7690970067511547e-08,
      -8.34666539763809e-08,
      -5.7446466603981394e-09,
      1.6963995252937006e-08,
      1.787701315724206e-09,
      -0.0010184838674941227,
      -7.009781354988951e-05,
      0.00031702640462168233,
      1.424672359585872e-05,
      6.720213489543343e-05,
      4.625230573013272e-06,
      -1.3658349089637196e-05,
      -1.4393454062030324e-06,
      5.920538702429459e-05,
      4.074849207959594e-06,
      -1.8424574825237914e-05,
      -8.279746452653341e-07,
      3.906415134605412e-06,
      2.6886155833549993e-07,
      -7.939506933894796e-07,
      -8.366818535549793e-08,
      -0.00036282575971038406,
      -2.4971718519068498e-05,
      0.00011293781843410211,
      5.075267735726911e-06,
      2.3944654078520207e-05,
      1.6480063658174699e-06,
      -4.866578193444529e-06,
      -5.128501929985671e-07,
      -2.1097768085727207e-05,
      -1.4520675886902533e-06,
      6.565574963330439e-06,
      2.9504776380403e-07,
      -1.3920463102903218e-06,
      -9.58084912543847e-08,
      2.8292336968864074e-07,
      2.981505669508735e-08,
      -0.004187182147329112,
      -0.0002881855303069843,
      0.001303356237669129,
      5.8571007948592995e-05,
      0.00027628084103962033,
      1.9015208292156597e-05,
      -5.615208772116137e-05,
      -5.917424498359353e-06,
      0.00024350621313631523,
      1.675947324395648e-05,
      -7.577855107170168e-05,
      -3.405382188595656e-06,
      1.6066719671570057e-05,
      1.1058024145900952e-06,
      -3.2654448603619675e-06,
      -3.441194120991788e-07
    ],
    [
      1.4972962992818655e-06,
      -1.881165870250715e-07,
      3.043114390691935e-07,
      1.2445941646745482e-07,
      -9.881393748881241e-08,
      1.2414737603919537e-08,
      -3.075033444239661e-08,
      -5.3630527891129714e-09,
      8.706551073739083e-08,
      -1.0938694455712025e-08,
      1.7690970067511547e-08,
      7.235376422524336e-09,
      5.7446466603981394e-09,
      -7.217431338990013e-10,
      1.7877013157242052e-09,
      3.1178641472519914e-10,
      7.009781354988951e-05,
      -8.806915137137226e-06,
      1.424672359585872e-05,
      5.826724459446045e-06,
      -4.625230573013272e-06,
      5.811024778573095e-07,
      -1.4393454062030324e-06,
      -2.510309411331561e-07,
      -4.074849207959595e-06,
      5.119539305686025e-07,
      -8.279746452653341e-07,
      -3.386308497464671e-07,
      -2.6886155833549993e-07,
      3.3779098205595184e-08,
      -8.366818535549793e-08,
      -1.4592260636104236e-08,
      2.4971718519068498e-05,
      -3.137384672767175e-06,
      5.075267735726911e-06,
      2.0757184243115025e-06,
      -1.6480063658174699e-06,
      2.0705142534704996e-07,
      -5.128501929985671e-07,
      -8.94443168776063e-08,
      1.4520675886902533e-06,
      -1.824341641965908e-07,
      2.950477638040301e-07,
      1.206706938963519e-07,
      9.58084912543847e-08,
