{
  "config": {
    "symbols": [
      "H",
      "H",
      "H"
    ],
    "geometry": [
      [
        0.0,
        1.0,
        0.0
      ],
      [
        -0.866025,
        -0.5,
        0.0
      ],
      [
        0.866025,
        -0.5,
        0.0
      ]
    ],
    "basis": "STO-3G",
    "ansatz": "RY-CZ",
    "optimizer": {
      "name": "Adam",
      "stepsize": 0.1,
      "iterations_planned": 50
    },
    "seed": 1,
    "noisy": true,
    "depolarizing_prob": 0.06,
    "amplitude_damping_prob": 0.0
  },
  "energies": [
    1.4303512152642068,
    1.4303512152642068,
    1.4093590436158587,
    1.3683761438183728,
    1.3024134620682821,
    1.2122122766563623,
    1.0996849271067417,
    0.9678472941067664,
    0.8208035717189024,
    0.6636852785818307,
    0.5025210706989832,
    0.3440152804881118,
    0.19519817540208112,
    0.06288805141130412,
    -0.047110268616855265,
    -0.13110701161627333,
    -0.1887769623091313,
    -0.2240062617078785,
    -0.24446749941053283,
    -0.2595677964408759,
    -0.27777318021132036,
    -0.30486289278542716,
    -0.343624790351947,
    -0.3944176377811384,
    -0.45592686760767887,
    -0.5258052428598158,
    -0.6011522924817884,
    -0.6788714360708107,
    -0.7559448304165205,
    -0.8296474410078434,
    -0.897706280746248,
    -0.9584029490062939,
    -1.0106173431567633,
    -1.053815786023272,
    -1.0879943620090753,
    -1.113593771174223,
    -1.1314024936081124,
    -1.1424605073857839,
    -1.147969066321598,
    -1.1492067871170732,
    -1.1474506783095204,
    -1.1439024631613393,
    -1.139623550793635,
    -1.1354840004914522,
    -1.1321305411478724,
    -1.129976318219027,
    -1.1292116965200685,
    -1.1298324640582313,
    -1.1316799899913303,
    -1.1344874476396452,
    -1.1379267977440506
  ],
  "final_params": [
    3.312971117032307,
    -3.3055597140401605,
    -0.033757088204252744,
    -0.05862853536715328,
    0.08203132474533145,
    -0.07264081940966975
  ],
  "final_state_real": [
    [
      0.0018255490722894102,
      -6.355753268954642e-05,
      7.177845222553598e-05,
      2.499633542852216e-06,
      -5.1289298272955274e-05,
      1.7861674861208857e-06,
      2.017062730769519e-06,
      7.02427748654472e-08,
      2.129389759711095e-05,
      -7.413591960685883e-07,
      8.373711125859386e-07,
      2.9160853375027747e-08,
      5.983149256390905e-07,
      -2.0836523458557386e-08,
      -2.353003020916958e-08,
      -8.194165651602281e-10,
      -0.002075559843166537,
      7.226180034466575e-05,
      -8.160858303147929e-05,
      -2.841960856012348e-06,
      5.831618832117169e-05,
      -2.030881353444134e-06,
      -2.2934103999078644e-06,
      -7.986638587752031e-08,
      -3.357392524829188e-05,
      1.1688953662629405e-06,
      -1.3202766196665496e-06,
      -4.597769416916957e-08,
      -9.433585606737185e-07,
      3.2852786947129796e-08,
      3.7099618410858326e-08,
      1.2919678222569334e-09,
      0.002209570795049202,
      -7.692746810694512e-05,
      8.687773676359191e-05,
      3.0254553867922704e-06,
      -6.207849314089722e-05,
      2.161904915242663e-06,
      2.441371184890266e-06,
      8.501901497025488e-08,
      4.9563203139055544e-05,
      -1.7255712002080635e-06,
      1.949046404802129e-06,
      6.787415469354023e-08,
      1.3926245331715364e-06,
      -4.8498629251804506e-08,
      -5.476797574547424e-08,
      -1.907255798959681e-09,
      0.004983123240869056,
      -0.0001734902792179579,
      0.00019593057174306056,
      6.82314279583937e-06,
      -0.00014000885317707045,
      4.8758565575037754e-06,
      5.5061513655015845e-06,
      1.9174780478664054e-07,
      8.060620740123838e-05,
      -2.8063511080858976e-06,
      3.1697959128941023e-06,
      1.1038588799560584e-07,
      2.264869395909199e-06,
      -7.887485716326154e-08,
      -8.907089397551424e-08,
      -3.101830526708131e-09
    ],
    [
      -6.355753268954642e-05,
      7.847056070661806e-05,
      -2.499633542852216e-06,
      2.896156700016763e-06,
      1.7861674861208857e-06,
      -2.204651770155061e-06,
      -7.02427748654472e-08,
      8.13855629502414e-08,
      -7.413591960685883e-07,
      9.153104178016331e-07,
      -2.9160853375027747e-08,
      3.378671290509495e-08,
      -2.0836523458557386e-08,
      2.5718348745979247e-08,
      8.194165651602281e-10,
      -9.494026762761456e-10,
      7.226180034466576e-05,
      -8.921718246070689e-05,
      2.841960856012348e-06,
      -3.2927882560472448e-06,
      -2.030881353444134e-06,
      2.5067000746773736e-06,
      7.986638587752031e-08,
      -9.253579158702301e-08,
      1.1688953662629405e-06,
      -1.4431629252516083e-06,
      4.597769416916957e-08,
      -5.327125146009247e-08,
      3.2852786947129796e-08,
      -4.054992348719471e-08,
      -1.2919678222569334e-09,
      1.496915928070784e-09,
      -7.692746810694512e-05,
      9.497759432510686e-05,
      -3.0254553867922704e-06,
      3.5053909858571145e-06,
      2.161904915242663e-06,
      -2.6684213744410814e-06,
      -8.501901497025488e-08,
      9.850579519507064e-08,
      -1.7255712002080635e-06,
      2.130456200698135e-06,
      -6.787415469354023e-08,
      7.864120260178987e-08,
      -4.849862925180452e-08,
      5.986145737222789e-08,
      1.907255798959682e-09,
      -2.209808584381556e-09,
      -0.0001734902792179579,
      0.0002141977341046156,
      -6.82314279583937e-06,
      7.905515102342998e-06,
      4.8758565575037754e-06,
      -6.018229462830648e-06,
      -1.9174780478664064e-07,
      2.2216524143481955e-07,
      -2.8063511080858976e-06,
      3.4648284109266415e-06,
      -1.1038588799560584e-07,
      1.2789667910320363e-07,
      -7.887485716326154e-08,
      9.735458450392114e-08,
      3.101830526708131e-09,
      -3.5938817063527464e-09
    ],
    [
      7.177845222553598e-05,
      -2.499633542852217e-06,
      7.913353217738644e-05,
      -2.5413669806630557e-06,
      -2.017062730769519e-06,
      7.02427748654472e-08,
      -2.0508179530654677e-06,
      7.742642714056853e-08,
      8.373711125859385e-07,
      -2.9160853375027747e-08,
      9.230435687876226e-07,
      -2.9643469498769554e-08,
      2.353003020916958e-08,
      -8.194165651602281e-10,
      2.39238015025581e-08,
      -9.032174070811373e-10,
      -8.160858303147929e-05,
      2.841960856012348e-06,
      -8.99709485373241e-05,
      2.8894097298620337e-06,
      2.2934103999078644e-06,
      -7.986638587752029e-08,
      2.3317902562622567e-06,
      -8.803423439594475e-08,
      -1.3202766196665496e-06,
      4.597769416916957e-08,
      -1.4553557251818854e-06,
      4.673863131504585e-08,
      -3.7099618410858326e-08,
      1.2919678222569334e-09,
      -3.772047459319211e-08,
      1.424095967870739e-09,
      8.687773676359191e-05,
      -3.0254553867922704e-06,
      9.57800281911675e-05,
      -3.0759678527476172e-06,
      -2.441371184890266e-06,
      8.501901497025488e-08,
      -2.4822271413242305e-06,
      9.371381726827851e-08,
      1.949046404802129e-06,
      -6.787415469354023e-08,
      2.1484557111905488e-06,
      -6.89974812649258e-08,
      5.476797574547424e-08,
      -1.907255798959681e-09,
      5.5684509062850186e-08,
      -2.102308777514131e-09,
      0.00019593057174306056,
      -6.8231427958393684e-06,
      0.0002160074189792466,
      -6.937060776480536e-06,
      -5.5061513655015845e-06,
      1.9174780478664054e-07,
      -5.598295928237485e-06,
      2.1135764447112958e-07,
      3.1697959128941023e-06,
      -1.1038588799560584e-07,
      3.4941015850554754e-06,
      -1.122127895850448e-07,
      8.907089397551424e-08,
      -3.101830526708131e-09,
      9.056148114485585e-08,
      -3.4190513649069445e-09
    ],
    [
      2.499633542852217e-06,
      2.896156700016763e-06,
      -2.5413669806630557e-06,
      3.401526003827018e-06,
      -7.02427748654472e-08,
      -8.13855629502414e-08,
      7.742642714056853e-08,
      -8.815366134333828e-08,
      2.9160853375027747e-08,
      3.378671290509495e-08,
      -2.9643469498769554e-08,
      3.967669097416609e-08,
      8.194165651602281e-10,
      9.494026762761456e-10,
      -9.032174070811373e-10,
      1.0283558774923743e-09,
      -2.841960856012348e-06,
      -3.2927882560472448e-06,
      2.889409729862034e-06,
      -3.867368391349847e-06,
      7.986638587752029e-08,
      9.253579158702301e-08,
      -8.803423439594475e-08,
      1.002311532659364e-07,
      -4.597769416916957e-08,
      -5.327125146009247e-08,
      4.673863131504585e-08,
      -6.255793476939434e-08,
      -1.2919678222569334e-09,
      -1.496915928070784e-09,
      1.424095967870739e-09,
      -1.6214008357143061e-09,
      3.0254553867922704e-06,
      3.5053909858571145e-06,
      -3.0759678527476172e-06,
      4.1170695604643134e-06,
      -8.501901497025488e-08,
      -9.850579519507064e-08,
      9.371381726827851e-08,
      -1.0669762787402007e-07,
      6.787415469354023e-08,
      7.864120260178987e-08,
      -6.89974812649258e-08,
      9.235058474710292e-08,
      1.907255798959682e-09,
      2.209808584381556e-09,
      -2.102308777514132e-09,
      2.3935783020911765e-09,
      6.8231427958393684e-06,
      7.905515102342998e-06,
      -6.937060776480536e-06,
      9.285000081007783e-06,
      -1.9174780478664064e-07,
      -2.2216524143481955e-07,
      2.1135764447112958e-07,
      -2.4064070758692177e-07,
      1.1038588799560584e-07,
      1.2789667910320363e-07,
      -1.122127895850448e-07,
      1.501926815921379e-07,
      3.101830526708131e-09,
      3.5938817063527464e-09,
      -3.4190513649069445e-09,
      3.892752219991847e-09
    ],
    [
      -5.1289298272955274e-05,
      1.7861674861208845e-06,
      -2.017062730769519e-06,
      -7.02427748654472e-08,
      7.763140492947103e-05,
      -2.7027816624794934e-06,
      2.9291573177019467e-06,
      1.0200582008389967e-07,
      -5.983149256390905e-07,
      2.0836523458557386e-08,
      -2.353003020916958e-08,
      -8.194165651602281e-10,
      8.689679706799739e-07,
      -3.025361577018488e-08,
      3.5609174743178304e-08,
      1.240064181680252e-09,
      5.831618832117169e-05,
      -2.030881353444134e-06,
      2.2934103999078644e-06,
      7.986638587752031e-08,
      -8.826310346077982e-05,
      3.0729303137571297e-06,
      -3.3303083413228273e-06,
      -1.159756191433939e-07,
      9.433585606737185e-07,
      -3.2852786947129796e-08,
      3.7099618410858326e-08,
      1.2919678222569334e-09,
      -1.3700951438184624e-06,
      4.770064426798696e-08,
      -5.6144713081697005e-08,
      -1.9551996974225e-09,
      -6.207849314089722e-05,
      2.161904915242663e-06,
      -2.441371184890266e-06,
      -8.501901497025488e-08,
      9.39619140972642e-05,
      -3.2713376580558253e-06,
      3.5453335993768485e-06,
      1.2346372080799184e-07,
      -1.3926245331715364e-06,
      4.8498629251804506e-08,
      -5.476797574547424e-08,
      -1.907255798959681e-09,
      2.02259054997934e-06,
      -7.041764417576832e-08,
      8.288312430175886e-08,
      2.8863458491706005e-09,
      -0.00014000885317707045,
      4.8758565575037754e-06,
      -5.5061513655015845e-06,
      -1.9174780478664054e-07,
      0.00021190712646262705,
      -7.377667531229809e-06,
      7.995595477308671e-06,
      2.7844092524257517e-07,
      -2.264869395909199e-06,
      7.887485716326154e-08,
      -8.907089397551423e-08,
      -3.101830526708131e-09,
      3.289403086035618e-06,
      -1.1452244551696162e-07,
      1.3479545074571023e-07,
      4.694155692423682e-09
    ],
    [
      1.7861674861208845e-06,
      -2.204651770155061e-06,
      7.02427748654472e-08,
      -8.13855629502414e-08,
      -2.7027816624794934e-06,
      3.3369576122204373e-06,
      -1.0200582008389967e-07,
      1.1818725993714865e-07,
      2.0836523458557376e-08,
      -2.5718348745979247e-08,
      8.194165651602281e-10,
      -9.494026762761456e-10,
      -3.025361577018488e-08,
      3.7352271122372484e-08,
      -1.240064181680252e-09,
      1.4367786824168106e-09,
      -2.030881353444134e-06,
      2.5067000746773736e-06,
      -7.986638587752031e-08,
      9.253579158702301e-08,
      3.0729303137571306e-06,
      -3.7939572939486693e-06,
      1.159756191433939e-07,
      -1.3437312336490407e-07,
      -3.2852786947129796e-08,
      4.054992348719471e-08,
      -1.2919678222569334e-09,
      1.496915928070784e-09,
      4.770064426798696e-08,
      -5.889303979214261e-08,
      1.9551996974225e-09,
      -2.2653579440687286e-09,
      2.161904915242663e-06,
      -2.6684213744410814e-06,
      8.501901497025488e-08,
      -9.850579519507064e-08,
      -3.2713376580558253e-06,
      4.0389185895905065e-06,
      -1.2346372080799184e-07,
      1.43049081434176e-07,
      4.849862925180452e-08,
      -5.986145737222789e-08,
      1.907255798959682e-09,
      -2.209808584381556e-09,
      -7.041764417576832e-08,
      8.694031672221431e-08,
      -2.8863458491706005e-09,
      3.344214152328341e-09,
      4.8758565575037754e-06,
      -6.018229462830648e-06,
      1.9174780478664064e-07,
      -2.2216524143481955e-07,
      -7.377667531229809e-06,
      9.108750503429035e-06,
      -2.7844092524257517e-07,
      3.2261070968026617e-07,
      7.887485716326154e-08,
      -9.735458450392114e-08,
      3.101830526708131e-09,
      -3.5938817063527456e-09,
      -1.1452244551696162e-07,
      1.413937913088178e-07,
      -4.694155692423682e-09,
      5.438801418876002e-09
    ],
    [
      2.0170627307695187e-06,
      -7.02427748654472e-08,
      -2.0508179530654677e-06,
      7.74264271405685e-08,
      2.9291573177019467e-06,
      -1.020058200838997e-07,
      3.3651504488223913e-06,
      -1.0807153428246147e-07,
      2.353003020916958e-08,
      -8.194165651602281e-10,
      -2.39238015025581e-08,
      9.032174070811373e-10,
      3.560917474317829e-08,
      -1.240064181680252e-09,
      3.7667847943788625e-08,
      -1.2096998878098464e-09,
      -2.2934103999078644e-06,
      7.986638587752029e-08,
      2.3317902562622567e-06,
      -8.803423439594475e-08,
      -3.3303083413228273e-06,
      1.159756191433939e-07,
      -3.826011167714214e-06,
      1.2287203896675782e-07,
      -3.7099618410858326e-08,
      1.2919678222569334e-09,
      3.772047459319211e-08,
      -1.424095967870739e-09,
      -5.6144713081697005e-08,
      1.9551996974225e-09,
      -5.9390607349420476e-08,
      1.9073245478415944e-09,
      2.441371184890266e-06,
      -8.501901497025488e-08,
      -2.4822271413242305e-06,
      9.371381726827851e-08,
      3.5453335993768485e-06,
      -1.2346372080799184e-07,
      4.073042059252787e-06,
      -1.308054160533841e-07,
      5.476797574547424e-08,
      -1.907255798959681e-09,
      -5.5684509062850186e-08,
      2.102308777514131e-09,
      8.288312430175886e-08,
      -2.8863458491706005e-09,
      8.767484632321834e-08,
      -2.8156705931067634e-09,
      5.5061513655015845e-06,
      -1.9174780478664054e-07,
      -5.598295928237485e-06,
      2.1135764447112958e-07,
      7.995595477308671e-06,
      -2.784409252425751e-07,
      9.185707283955912e-06,
      -2.949982459161939e-07,
      8.907089397551423e-08,
      -3.101830526708131e-09,
      -9.056148114485585e-08,
      3.4190513649069445e-09,
      1.3479545074571023e-07,
      -4.694155692423682e-09,
      1.4258838006844183e-07,
      -4.5792142845321466e-09
    ],
    [
      7.02427748654472e-08,
      8.138556295024138e-08,
      7.74264271405685e-08,
      -8.815366134333828e-08,
      1.020058200838997e-07,
      1.1818725993714865e-07,
      -1.0807153428246147e-07,
      1.4464976405704497e-07,
      8.194165651602281e-10,
      9.494026762761456e-10,
      9.032174070811373e-10,
      -1.0283558774923743e-09,
      1.240064181680252e-09,
      1.4367786824168098e-09,
      -1.2096998878098464e-09,
      1.6191386983938215e-09,
      -7.986638587752029e-08,
      -9.253579158702301e-08,
      -8.803423439594475e-08,
      1.002311532659364e-07,
      -1.159756191433939e-07,
      -1.3437312336490407e-07,
      1.2287203896675787e-07,
      -1.644596938847561e-07,
      -1.2919678222569334e-09,
      -1.496915928070784e-09,
      -1.424095967870739e-09,
      1.6214008357143061e-09,
      -1.9551996974225e-09,
      -2.2653579440687286e-09,
      1.9073245478415944e-09,
      -2.552883584537675e-09,
      8.501901497025488e-08,
      9.850579519507064e-08,
      9.371381726827851e-08,
      -1.0669762787402007e-07,
      1.2346372080799184e-07,
      1.43049081434176e-07,
      -1.308054160533841e-07,
      1.7507822661287244e-07,
      1.907255798959682e-09,
      2.209808584381556e-09,
      2.102308777514132e-09,
      -2.3935783020911765e-09,
      2.8863458491706005e-09,
      3.344214152328341e-09,
      -2.8156705931067634e-09,
      3.768671275552993e-09,
      1.9174780478664064e-07,
      2.2216524143481955e-07,
      2.1135764447112958e-07,
      -2.4064070758692177e-07,
      2.784409252425751e-07,
      3.2261070968026617e-07,
      -2.949982459161939e-07,
      3.948442756211016e-07,
      3.101830526708131e-09,
      3.5938817063527456e-09,
      3.4190513649069445e-09,
      -3.892752219991847e-09,
      4.694155692423682e-09,
      5.438801418876002e-09,
      -4.5792142845321466e-09,
      6.129109484954544e-09
    ],
    [
      2.129389759711095e-05,
      -7.413591960685883e-07,
      8.373711125859386e-07,
      2.9160853375027747e-08,
      -5.983149256390905e-07,
      2.0836523458557386e-08,
      2.353003020916958e-08,
      8.194165651602281e-10,
      7.658380623507508e-05,
      -2.6663089161286693e-06,
      3.0111855991908247e-06,
      1.0486239664016001e-07,
      -2.1224649534765698e-06,
      7.391557338443747e-08,
      8.347053087445909e-08,
      2.906801865243498e-09,
      3.357392524829188e-05,
      -1.1688953662629405e-06,
      1.3202766196665492e-06,
      4.5977694169169544e-08,
      -9.433585606737185e-07,
      3.285278694712978e-08,
      3.709961841085832e-08,
      1.2919678222569334e-09,
      -8.589127116771664e-05,
      2.9903536190033515e-06,
      -3.37714422344771e-06,
      -1.176066454241025e-07,
      2.4464287126261034e-06,
      -8.519772293140279e-08,
      -9.621110730470984e-08,
      -3.3504833770746674e-09,
      4.9563203139055544e-05,
      -1.7255712002080635e-06,
      1.949046404802129e-06,
      6.787415469354023e-08,
      -1.3926245331715364e-06,
      4.8498629251804506e-08,
      5.476797574547424e-08,
      1.907255798959681e-09,
      9.269394298917118e-05,
      -3.2271925203680423e-06,
      3.6446173151077e-06,
      1.269212055879652e-07,
      -2.5689457741258754e-06,
      8.946442181625299e-08,
      1.0102935608088578e-07,
      3.518275463492092e-09,
      -8.060620740123838e-05,
      2.8063511080858976e-06,
      -3.1697959128941023e-06,
      -1.1038588799560584e-07,
      2.264869395909199e-06,
      -7.887485716326154e-08,
      -8.907089397551424e-08,
      -3.101830526708131e-09,
      0.00020621269531340272,
      -7.179412661279191e-06,
      8.10804175222168e-06,
      2.823567867835593e-07,
      -5.873526516304998e-06,
      2.0454758488721213e-07,
      2.3098915043008852e-07,
      8.044032861502317e-09
    ],
    [
      -7.413591960685883e-07,
      9.153104178016331e-07,
      -2.9160853375027747e-08,
      3.378671290509495e-08,
      2.0836523458557386e-08,
      -2.5718348745979247e-08,
      -8.194165651602281e-10,
      9.494026762761456e-10,
      -2.6663089161286693e-06,
      3.2919269646237243e-06,
      -1.0486239664016001e-07,
      1.2149698241874255e-07,
      7.391557338443747e-08,
      -9.123338151112084e-08,
      -2.906801865243498e-09,
      3.3679151576915408e-09,
      -1.1688953662629405e-06,
      1.4431629252516083e-06,
      -4.5977694169169544e-08,
      5.327125146009245e-08,
      3.2852786947129796e-08,
      -4.054992348719471e-08,
      -1.2919678222569334e-09,
      1.496915928070783e-09,
      2.990353619003352e-06,
      -3.692004948342687e-06,
      1.176066454241025e-07,
      -1.3626288344765102e-07,
      -8.519772293140279e-08,
      1.0515884547972652e-07,
      3.3504833770746674e-09,
      -3.881978983902317e-09,
      -1.7255712002080635e-06,
      2.130456200698135e-06,
      -6.787415469354023e-08,
      7.864120260178987e-08,
      4.849862925180452e-08,
      -5.986145737222789e-08,
      -1.907255798959682e-09,
      2.209808584381556e-09,
      -3.2271925203680423e-06,
      3.984415314207681e-06,
      -1.269212055879652e-07,
      1.470550357226995e-07,
      8.946442181625299e-08,
      -1.1042519666028255e-07,
      -3.518275463492092e-09,
      4.076388351098244e-09,
      2.8063511080858976e-06,
      -3.4648284109266415e-06,
      1.1038588799560584e-07,
      -1.2789667910320363e-07,
      -7.887485716326154e-08,
      9.735458450392114e-08,
      3.101830526708131e-09,
      -3.5938817063527464e-09,
      -7.179412661279191e-06,
      8.863977458448938e-06,
      -2.823567867835593e-07,
      3.271477541885257e-07,
      2.0454758488721213e-07,
      -2.5247139397991183e-07,
      -8.044032861502319e-09,
      9.320078030482855e-09
    ],
    [
      8.373711125859385e-07,
      -2.9160853375027747e-08,
      9.230435687876226e-07,
      -2.9643469498769554e-08,
      -2.353003020916958e-08,
      8.194165651602281e-10,
      -2.39238015025581e-08,
      9.032174070811373e-10,
      3.011185599190826e-06,
      -1.0486239664016004e-07,
      3.3197393523745683e-06,
      -1.0661316059569739e-07,
      -8.347053087445909e-08,
      2.906801865243498e-09,
      -8.486739686273362e-08,
      3.204077334109624e-09,
      1.3202766196665492e-06,
      -4.5977694169169544e-08,
      1.4553557251818854e-06,
      -4.673863131504585e-08,
      -3.7099618410858306e-08,
      1.2919678222569332e-09,
      -3.772047459319211e-08,
      1.4240959678707388e-09,
      -3.37714422344771e-06,
      1.176066454241025e-07,
      -3.7231974609059393e-06,
      1.195701850945407e-07,
      9.621110730470984e-08,
      -3.3504833770746666e-09,
      9.782118480248348e-08,
      -3.6931336721489065e-09,
      1.949046404802129e-06,
      -6.787415469354023e-08,
      2.1484557111905488e-06,
      -6.89974812649258e-08,
      -5.476797574547424e-08,
      1.907255798959681e-09,
      -5.5684509062850186e-08,
      2.102308777514131e-09,
      3.6446173151077e-06,
      -1.269212055879652e-07,
      4.018078303961103e-06,
      -1.2904025950105923e-07,
      -1.0102935608088578e-07,
      3.518275463492092e-09,
      -1.0272006620155003e-07,
      3.8780856729582185e-09,
      -3.1697959128941023e-06,
      1.1038588799560584e-07,
      -3.4941015850554754e-06,
      1.122127895850448e-07,
      8.907089397551424e-08,
      -3.101830526708131e-09,
      9.056148114485585e-08,
      -3.4190513649069445e-09,
      8.10804175222168e-06,
      -2.8235678678355914e-07,
      8.938866233545836e-06,
      -2.8707096556204304e-07,
      -2.3098915043008852e-07,
      8.044032861502317e-09,
      -2.348547169302168e-07,
      8.8666873633692e-09
    ],
    [
      2.9160853375027747e-08,
      3.378671290509495e-08,
      -2.9643469498769554e-08,
      3.967669097416609e-08,
      -8.194165651602281e-10,
      -9.494026762761456e-10,
      9.032174070811373e-10,
      -1.0283558774923743e-09,
      1.0486239664016004e-07,
      1.214969824187426e-07,
      -1.0661316059569739e-07,
      1.4269778464731365e-07,
      -2.906801865243498e-09,
      -3.3679151576915408e-09,
      3.204077334109624e-09,
      -3.6479940849675607e-09,
      4.5977694169169544e-08,
      5.327125146009245e-08,
      -4.673863131504585e-08,
      6.255793476939434e-08,
      -1.2919678222569332e-09,
      -1.4969159280707827e-09,
      1.424095967870739e-09,
      -1.6214008357143061e-09,
      -1.176066454241025e-07,
      -1.3626288344765102e-07,
      1.1957018509454072e-07,
      -1.6004028421561295e-07,
      3.3504833770746666e-09,
      3.881978983902317e-09,
      -3.6931336721489065e-09,
      4.204807932558096e-09,
      6.787415469354023e-08,
      7.864120260178987e-08,
      -6.89974812649258e-08,
      9.235058474710292e-08,
      -1.907255798959682e-09,
      -2.209808584381556e-09,
      2.102308777514132e-09,
      -2.3935783020911765e-09,
      1.269212055879652e-07,
      1.470550357226995e-07,
      -1.2904025950105923e-07,
      1.7271562964862286e-07,
      -3.518275463492092e-09,
      -4.076388351098244e-09,
      3.8780856729582185e-09,
      -4.415384561833735e-09,
      -1.1038588799560584e-07,
      -1.2789667910320363e-07,
      1.122127895850448e-07,
      -1.501926815921379e-07,
      3.101830526708131e-09,
      3.5938817063527464e-09,
      -3.4190513649069445e-09,
      3.892752219991847e-09,
      2.8235678678355914e-07,
      3.271477541885257e-07,
      -2.8707096556204304e-07,
      3.8423390314461813e-07,
      -8.044032861502319e-09,
      -9.320078030482855e-09,
      8.8666873633692e-09,
      -1.0095144305814938e-08
    ],
    [
      5.983149256390905e-07,
      -2.0836523458557386e-08,
      2.353003020916958e-08,
      8.194165651602281e-10,
      8.689679706799739e-07,
      -3.025361577018488e-08,
      3.5609174743178304e-08,
      1.240064181680252e-09,
      -2.1224649534765698e-06,
      7.391557338443744e-08,
      -8.347053087445909e-08,
      -2.906801865243498e-09,
      3.2567234500134698e-06,
      -1.1338468534042723e-07,
      1.228813948943111e-07,
      4.279257171848207e-09,
      9.433585606737185e-07,
      -3.285278694712978e-08,
      3.709961841085832e-08,
      1.2919678222569334e-09,
      1.3700951438184624e-06,
      -4.770064426798696e-08,
      5.614471308169698e-08,
      1.955199697422499e-09,
      2.4464287126261034e-06,
      -8.519772293140279e-08,
      9.621110730470984e-08,
      3.3504833770746674e-09,
      -3.652523042596649e-06,
      1.2716467401669255e-07,
      -1.3781554781878487e-07,
      -4.799328424803125e-09,
      1.3926245331715364e-06,
      -4.8498629251804506e-08,
      5.476797574547424e-08,
      1.907255798959681e-09,
      2.02259054997934e-06,
      -7.041764417576832e-08,
      8.288312430175886e-08,
      2.8863458491706005e-09,
      -2.5689457741258754e-06,
      8.946442181625299e-08,
      -1.0102935608088578e-07,
      -3.518275463492092e-09,
      3.941806403307053e-06,
      -1.3723623929750705e-07,
      1.4873067261504644e-07,
      5.179439881921547e-09,
      -2.264869395909199e-06,
      7.887485716326154e-08,
      -8.907089397551423e-08,
      -3.101830526708131e-09,
      -3.289403086035618e-06,
      1.1452244551696162e-07,
      -1.3479545074571023e-07,
      -4.694155692423682e-09,
      -5.873526516304998e-06,
      2.0454758488721213e-07,
      -2.3098915043008852e-07,
      -8.044032861502317e-09,
      8.769187032258804e-06,
      -3.0530425060804813e-07,
      3.308754799578115e-07,
      1.1522503238313527e-08
    ],
    [
      -2.0836523458557376e-08,
      2.5718348745979247e-08,
      -8.194165651602281e-10,
      9.494026762761456e-10,
      -3.025361577018488e-08,
      3.7352271122372484e-08,
      -1.240064181680252e-09,
      1.4367786824168106e-09,
      7.391557338443744e-08,
      -9.123338151112084e-08,
      2.906801865243498e-09,
      -3.3679151576915408e-09,
      -1.1338468534042723e-07,
      1.3998906907961465e-07,
      -4.279257171848207e-09,
      4.958086502232423e-09,
      -3.2852786947129796e-08,
      4.054992348719471e-08,
      -1.2919678222569334e-09,
      1.496915928070783e-09,
      -4.770064426798696e-08,
      5.889303979214261e-08,
      -1.955199697422499e-09,
      2.2653579440687278e-09,
      -8.519772293140279e-08,
      1.0515884547972652e-07,
      -3.3504833770746674e-09,
      3.881978983902317e-09,
      1.2716467401669255e-07,
      -1.5700237013456935e-07,
      4.799328424803125e-09,
      -5.560657966373056e-09,
      -4.849862925180452e-08,
      5.986145737222789e-08,
      -1.907255798959682e-09,
      2.209808584381556e-09,
      -7.041764417576832e-08,
      8.694031672221431e-08,
      -2.8863458491706005e-09,
      3.344214152328341e-09,
      8.946442181625299e-08,
      -1.1042519666028255e-07,
      3.518275463492092e-09,
      -4.076388351098244e-09,
      -1.3723623929750705e-07,
      1.694371098315812e-07,
      -5.179439881921547e-09,
      6.001067460170497e-09,
      7.887485716326154e-08,
      -9.735458450392114e-08,
      3.101830526708131e-09,
      -3.5938817063527456e-09,
      1.1452244551696162e-07,
      -1.413937913088178e-07,
      4.694155692423682e-09,
      -5.438801418876002e-09,
      2.0454758488721213e-07,
      -2.5247139397991183e-07,
      8.044032861502319e-09,
      -9.320078030482855e-09,
      -3.0530425060804813e-07,
      3.76940304595363e-07,
      -1.1522503238313527e-08,
      1.3350346913863426e-08
    ],
    [
      -2.353003020916958e-08,
      8.194165651602281e-10,
      2.39238015025581e-08,
      -9.032174070811373e-10,
      3.560917474317829e-08,
      -1.240064181680252e-09,
      3.7667847943788625e-08,
      -1.2096998878098464e-09,
      8.347053087445905e-08,
      -2.906801865243498e-09,
      -8.486739686273362e-08,
      3.2040773341096226e-09,
      1.2288139489431112e-07,
      -4.279257171848209e-09,
      1.4117178981186723e-07,
      -4.533720603103678e-09,
      -3.7099618410858306e-08,
      1.2919678222569332e-09,
      3.772047459319211e-08,
      -1.4240959678707388e-09,
      5.614471308169698e-08,
      -1.955199697422499e-09,
      5.9390607349420476e-08,
      -1.9073245478415944e-09,
      -9.621110730470984e-08,
      3.3504833770746666e-09,
      9.782118480248348e-08,
      -3.6931336721489065e-09,
      -1.3781554781878487e-07,
      4.799328424803125e-09,
      -1.5832883054602728e-07,
      5.084717577558783e-09,
      -5.476797574547424e-08,
      1.907255798959681e-09,
      5.5684509062850186e-08,
      -2.102308777514131e-09,
      8.288312430175886e-08,
      -2.8863458491706005e-09,
      8.767484632321834e-08,
      -2.8156705931067634e-09,
      1.0102935608088578e-07,
      -3.518275463492092e-09,
      -1.0272006620155003e-07,
      3.8780856729582185e-09,
      1.4873067261504644e-07,
      -5.179439881921547e-09,
      1.708686271916746e-07,
      -5.4874321318395245e-09,
      8.907089397551423e-08,
      -3.101830526708131e-09,
      -9.056148114485585e-08,
      3.4190513649069445e-09,
      -1.3479545074571023e-07,
      4.694155692423682e-09,
      -1.4258838006844183e-07,
      4.5792142845321466e-09,
      2.3098915043008852e-07,
      -8.044032861502317e-09,
      -2.348547169302168e-07,
      8.8666873633692e-09,
      3.308754799578115e-07,
      -1.1522503238313524e-08,
      3.8012494691063563e-07,
      -1.2207681902022387e-08
    ],
    [
      -8.194165651602281e-10,
      -9.494026762761456e-10,
      -9.032174070811373e-10,
      1.0283558774923743e-09,
      1.240064181680252e-09,
      1.4367786824168098e-09,
      -1.2096998878098464e-09,
      1.6191386983938215e-09,
      2.906801865243498e-09,
      3.367915157691539e-09,
      3.2040773341096226e-09,
      -3.6479940849675607e-09,
      4.279257171848209e-09,
      4.958086502232424e-09,
      -4.533720603103678e-09,
      6.06821786970723e-09,
      -1.2919678222569332e-09,
      -1.4969159280707827e-09,
      -1.424095967870739e-09,
      1.6214008357143061e-09,
      1.955199697422499e-09,
      2.2653579440687278e-09,
      -1.9073245478415944e-09,
      2.552883584537675e-09,
      -3.3504833770746666e-09,
      -3.881978983902317e-09,
      -3.6931336721489065e-09,
      4.204807932558096e-09,
      -4.799328424803125e-09,
      -5.560657966373056e-09,
      5.084717577558783e-09,
      -6.8057070048458465e-09,
      -1.907255798959682e-09,
      -2.209808584381556e-09,
      -2.102308777514132e-09,
      2.3935783020911765e-09,
      2.8863458491706005e-09,
      3.344214152328341e-09,
      -2.8156705931067634e-09,
      3.768671275552993e-09,
      3.518275463492092e-09,
      4.076388351098244e-09,
      3.8780856729582185e-09,
      -4.415384561833735e-09,
      5.179439881921547e-09,
      6.001067460170497e-09,
      -5.4874321318395245e-09,
      7.3447255877299965e-09,
      3.101830526708131e-09,
      3.5938817063527456e-09,
      3.4190513649069445e-09,
      -3.892752219991847e-09,
      -4.694155692423682e-09,
      -5.438801418876002e-09,
      4.5792142845321466e-09,
      -6.129109484954544e-09,
      8.044032861502319e-09,
      9.320078030482855e-09,
      8.8666873633692e-09,
      -1.0095144305814938e-08,
      1.1522503238313524e-08,
      1.3350346913863426e-08,
      -1.2207681902022387e-08,
      1.6339532130595155e-08
    ],
    [
      -0.002075559843166537,
      7.226180034466574e-05,
      -8.16085830314793e-05,
      -2.841960856012348e-06,
      5.831618832117169e-05,
      -2.030881353444134e-06,
      -2.2934103999078644e-06,
      -7.986638587752029e-08,
      3.3573925248291875e-05,
      -1.1688953662629405e-06,
      1.3202766196665492e-06,
      4.597769416916956e-08,
      9.433585606737185e-07,
      -3.285278694712979e-08,
      -3.7099618410858326e-08,
      -1.2919678222569334e-09,
      0.03771438612984767,
      -0.0013130478745815714,
      0.001482885507778629,
      5.164043303422211e-05,
      -0.0010595959477382405,
      3.69007940058611e-05,
      4.1670905390105335e-05,
      1.451159639759852e-06,
      0.0006097042809062228,
      -2.1227202463561228e-05,
      2.3976294134152397e-05,
      8.34957388920915e-07,
      1.7131441993115216e-05,
      -5.966083707291332e-07,
      -6.73731057593227e-07,
      -2.3462204856824672e-08,
      -0.004983123240869057,
      0.00017349027921795797,
      -0.00019593057174306056,
      -6.82314279583937e-06,
      0.00014000885317707047,
      -4.875856557503776e-06,
      -5.506151365501585e-06,
      -1.9174780478664064e-07,
      8.060620740123839e-05,
      -2.8063511080858985e-06,
      3.1697959128941023e-06,
      1.1038588799560587e-07,
      2.264869395909199e-06,
      -7.887485716326156e-08,
      -8.907089397551424e-08,
      -3.101830526708131e-09,
      0.06326623703166691,
      -0.00220265014472714,
      0.0024875543699145316,
      8.662731153869687e-05,
      -0.0017774821564534933,
      6.190142860058147e-05,
      6.99033352593302e-05,
      2.4343339282718984e-06,
      0.0010239362005614063,
      -3.564892312512669e-05,
      4.026574240675658e-05,
      1.402225838354988e-06,
      2.8770510842561283e-05,
      -1.0019429541146333e-06,
      -1.1314626465913426e-06,
      -3.940238185991259e-08
    ],
    [
      7.226180034466575e-05,
      -8.921718246070689e-05,
      2.841960856012349e-06,
      -3.2927882560472456e-06,
      -2.030881353444134e-06,
      2.5067000746773732e-06,
      7.986638587752029e-08,
      -9.253579158702301e-08,
      -1.1688953662629405e-06,
      1.4431629252516083e-06,
      -4.5977694169169544e-08,
      5.327125146009245e-08,
      -3.2852786947129796e-08,
      4.054992348719471e-08,
      1.2919678222569334e-09,
      -1.496915928070784e-09,
      -0.0013130478745815714,
      0.001621139125339202,
      -5.164043303422211e-05,
      5.9832284836910445e-05,
      3.69007940058611e-05,
      -4.554634515368346e-05,
      -1.451159639759852e-06,
      1.6813607440588286e-06,
      -2.1227202463561228e-05,
      2.6207916026018413e-05,
      -8.34957388920915e-07,
      9.67408780005629e-07,
      -5.966083707291332e-07,
      7.363887825961087e-07,
      2.3462204856824672e-08,
      -2.718407343651013e-08,
      0.0001734902792179579,
      -0.00021419773410461565,
      6.82314279583937e-06,
      -7.905515102342998e-06,
      -4.875856557503776e-06,
      6.018229462830649e-06,
      1.917478047866407e-07,
      -2.221652414348196e-07,
      -2.8063511080858985e-06,
      3.4648284109266424e-06,
      -1.1038588799560587e-07,
      1.2789667910320363e-07,
      -7.887485716326154e-08,
      9.735458450392114e-08,
      3.101830526708131e-09,
      -3.5938817063527464e-09,
      -0.00220265014472714,
      0.002719476112163181,
      -8.662731153869687e-05,
      0.0001003692198941136,
      6.190142860058147e-05,
      -7.640442186963137e-05,
      -2.434333928271899e-06,
      2.8204984433030602e-06,
      -3.564892312512669e-05,
      4.401352393397603e-05,
      -1.402225838354988e-06,
      1.6246644506356433e-06,
      -1.0019429541146333e-06,
      1.2366899098474125e-06,
      3.9402381859912596e-08,
      -4.5652880817879006e-08
    ],
    [
      -8.16085830314793e-05,
      2.841960856012348e-06,
      -8.99709485373241e-05,
      2.8894097298620333e-06,
      2.293410399907864e-06,
      -7.986638587752026e-08,
      2.3317902562622563e-06,
      -8.803423439594475e-08,
      1.3202766196665492e-06,
      -4.597769416916956e-08,
      1.455355725181885e-06,
      -4.673863131504585e-08,
      3.709961841085831e-08,
      -1.2919678222569332e-09,
      3.772047459319211e-08,
      -1.424095967870739e-09,
      0.0014828855077786292,
      -5.164043303422212e-05,
      0.0016348355865415693,
      -5.250261253518184e-05,
      -4.1670905390105335e-05,
      1.451159639759852e-06,
      -4.236826132914439e-05,
      1.5995681596068245e-06,
      2.397629413415239e-05,
      -8.34957388920915e-07,
      2.6429337925863165e-05,
      -8.487760482498513e-07,
      6.73731057593227e-07,
      -2.3462204856824672e-08,
      6.850058391207542e-07,
      -2.5861659058654614e-08,
      -0.00019593057174306056,
      6.82314279583937e-06,
      -0.00021600741897924666,
      6.937060776480538e-06,
      5.506151365501585e-06,
      -1.9174780478664064e-07,
      5.598295928237487e-06,
      -2.113576444711296e-07,
      3.1697959128941023e-06,
      -1.1038588799560587e-07,
      3.4941015850554767e-06,
      -1.122127895850448e-07,
      8.907089397551425e-08,
      -3.1018305267081317e-09,
      9.056148114485585e-08,
      -3.419051364906945e-09,
      0.002487554369914531,
      -8.662731153869687e-05,
      0.0027424520544983054,
      -8.807362575109747e-05,
      -6.99033352593302e-05,
      2.4343339282718984e-06,
      -7.107315639821304e-05,
      2.683290614503804e-06,
      4.026574240675658e-05,
      -1.402225838354988e-06,
      4.4385379448113375e-05,
      -1.4254328683418743e-06,
      1.1314626465913426e-06,
      -3.940238185991259e-08,
      1.150397493075111e-06,
      -4.3432020646753815e-08
    ],
    [
      -2.841960856012349e-06,
      -3.2927882560472456e-06,
      2.8894097298620337e-06,
      -3.867368391349847e-06,
      7.986638587752026e-08,
      9.2535791587023e-08,
      -8.803423439594475e-08,
      1.0023115326593639e-07,
      4.5977694169169544e-08,
      5.327125146009245e-08,
      -4.673863131504585e-08,
      6.255793476939431e-08,
      1.2919678222569332e-09,
      1.496915928070783e-09,
      -1.424095967870739e-09,
      1.6214008357143061e-09,
      5.164043303422212e-05,
      5.983228483691046e-05,
      -5.250261253518184e-05,
      7.027281111548892e-05,
      -1.451159639759852e-06,
      -1.6813607440588286e-06,
      1.5995681596068245e-06,
      -1.8211842525235687e-06,
      8.34957388920915e-07,
      9.674087800056287e-07,
      -8.487760482498513e-07,
      1.136055446346491e-06,
      2.3462204856824672e-08,
      2.718407343651013e-08,
      -2.5861659058654614e-08,
      2.944472602738744e-08,
      -6.82314279583937e-06,
      -7.905515102342998e-06,
      6.937060776480536e-06,
      -9.285000081007785e-06,
      1.917478047866407e-07,
      2.221652414348196e-07,
      -2.113576444711296e-07,
      2.406407075869218e-07,
      1.1038588799560587e-07,
      1.2789667910320363e-07,
      -1.122127895850448e-07,
      1.5019268159213795e-07,
      3.1018305267081317e-09,
      3.593881706352747e-09,
      -3.4190513649069445e-09,
      3.892752219991847e-09,
      8.662731153869687e-05,
      0.0001003692198941136,
      -8.807362575109747e-05,
