{
  "config": {
    "symbols": [
      "H",
      "H"
    ],
    "geometry": [
      [
        0.0,
        0.0,
        0.0
      ],
      [
        0.0,
        0.0,
        0.7414
      ]
    ],
    "basis": "STO-3G",
    "ansatz": "RY-CZ",
    "optimizer": {
      "name": "Adam",
      "stepsize": 0.2,
      "iterations_planned": 50
    },
    "seed": 1,
    "noisy": true,
    "depolarizing_prob": 0.1,
    "amplitude_damping_prob": 0.0
  },
  "energies": [
    1.1542455412675223,
    1.1542455412675223,
    1.129034002268241,
    1.0771018347533174,
    0.9923785759309566,
    0.8759432025844548,
    0.7315501879003692,
    0.5674383931124088,
    0.3895625065149119,
    0.20708298199338396,
    0.030273568168344006,
    -0.13515486980621955,
    -0.27998125240006894,
    -0.4014950732883151,
    -0.4966612200778653,
    -0.564980872863877,
    -0.609329986352217,
    -0.6309216246609345,
    -0.6348870825701024,
    -0.6244844391585178,
    -0.6044809794675803,
    -0.5798090614211278,
    -0.5541817985400261,
    -0.5316300678830532,
    -0.514649006731382,
    -0.5045911792607494,
    -0.5020824209669724,
    -0.5066043419404567,
    -0.5169651398325532,
    -0.5317349776462441,
    -0.5492098664704972,
    -0.5675836244477508,
    -0.5854498794132049,
    -0.6015280192307162,
    -0.6148094904434314,
    -0.6249337153046861,
    -0.6315714759697282,
    -0.6349357612144678,
    -0.6355194430960402,
    -0.6337917333169641,
    -0.63066896798657,
    -0.6267819308218423,
    -0.6228923900092602,
    -0.6196222356586795,
    -0.6172966135503252,
    -0.6162548536292797,
    -0.6164413351447483,
    -0.6177876156933183,
    -0.6200330831620062,
    -0.6228370638450195,
    -0.6258875038311841
  ],
  "final_params": [
    2.992617588535298,
    -2.9941188786877966,
    -0.0054797174839362325,
    0.003279663767531897
  ],
  "final_state_real": [
    [
      0.004443128300189105,
      6.7655535703726166e-06,
      9.699431138997933e-06,
      -1.476934990886701e-08,
      0.0033905835959858357,
      5.162854323361272e-06,
      8.626191566466376e-06,
      -1.3135125122319479e-08,
      -0.0034310601343137685,
      -5.224476894102219e-06,
      -1.0173239581465434e-05,
      1.5490819299833872e-08,
      0.003567455666518032,
      5.4321780867128415e-06,
      9.076182643216302e-06,
      -1.3820327746385332e-08
    ],
    [
      6.7655535703726166e-06,
      0.00031737819400534683,
      1.476934990886701e-08,
      6.927905607079886e-07,
      5.162854323361272e-06,
      0.00024219361351152945,
      1.3135125122319482e-08,
      6.161334625160473e-07,
      -5.224476894102221e-06,
      -0.0002450849031088973,
      -1.5490819299833872e-08,
      -7.266327532882797e-07,
      5.4321780867128415e-06,
      0.0002548278060269933,
      1.3820327746385332e-08,
      6.482744784073543e-07
    ],
    [
      9.699431138997933e-06,
      1.476934990886701e-08,
      0.000317399490923047,
      4.832032974640087e-07,
      -8.626191566466376e-06,
      -1.3135125122319479e-08,
      0.00024215921976913693,
      3.6881386789460357e-07,
      -1.0173239581465434e-05,
      -1.5490819299833872e-08,
      -0.0002451013489552398,
      -3.731379016507703e-07,
      -9.076182643216302e-06,
      -1.3820327746385332e-08,
      0.00025479161811192886,
      3.8805329102303984e-07
    ],
    [
      -1.476934990886701e-08,
      6.927905607079886e-07,
      4.832032974640087e-07,
      2.267224135820829e-05,
      1.3135125122319482e-08,
      -6.161334625160473e-07,
      3.6881386789460357e-07,
      1.7297734982985176e-05,
      1.5490819299833872e-08,
      -7.266327532882797e-07,
      -3.731379016507704e-07,
      -1.7507894938882922e-05,
      1.3820327746385332e-08,
      -6.482744784073543e-07,
      3.8805329102303984e-07,
      1.8200082946203073e-05
    ],
    [
      0.0033905835959858357,
      5.162854323361272e-06,
      -8.626191566466376e-06,
      1.3135125122319479e-08,
      0.057811445848737215,
      8.802951601773018e-05,
      0.00014696687174460966,
      -2.2378685128043184e-07,
      -0.003567455666518032,
      -5.4321780867128415e-06,
      9.076182643216302e-06,
      -1.3820327746385332e-08,
      -0.05198780912834341,
      -7.916186162104386e-05,
      -0.00013236837863653118,
      2.015576865216346e-07
    ],
    [
      5.162854323361272e-06,
      0.00024219361351152945,
      -1.3135125122319482e-08,
      -6.161334625160473e-07,
      8.802951601773018e-05,
      0.004129543654080212,
      2.2378685128043184e-07,
      1.0497240510536386e-05,
      -5.4321780867128415e-06,
      -0.0002548278060269933,
      1.3820327746385332e-08,
      6.482744784073543e-07,
      -7.916186162104386e-05,
      -0.003713554022454419,
      -2.015576865216346e-07,
      -9.45453005866526e-06
    ],
    [
      8.626191566466376e-06,
      1.3135125122319479e-08,
      0.00024215921976913693,
      3.6881386789460357e-07,
      0.00014696687174460966,
      2.2378685128043184e-07,
      0.0041298207574004845,
      6.287165118343048e-06,
      -9.076182643216302e-06,
      -1.3820327746385332e-08,
      -0.00025479161811192886,
      -3.8805329102303984e-07,
      -0.00013236837863653118,
      -2.015576865216346e-07,
      -0.0037138032117682547,
      -5.65382746153782e-06
    ],
    [
      -1.3135125122319482e-08,
      6.161334625160473e-07,
      3.6881386789460357e-07,
      1.7297734982985176e-05,
      -2.2378685128043184e-07,
      1.0497240510536386e-05,
      6.287165118343048e-06,
      0.0002949982456040654,
      1.3820327746385332e-08,
      -6.482744784073543e-07,
      -3.8805329102303984e-07,
      -1.8200082946203073e-05,
      2.015576865216346e-07,
      -9.45453005866526e-06,
      -5.6538274615378206e-06,
      -0.0002652815936447523
    ],
    [
      -0.0034310601343137685,
      -5.224476894102219e-06,
      -1.0173239581465434e-05,
      1.5490819299833872e-08,
      -0.003567455666518032,
      -5.4321780867128415e-06,
      -9.076182643216302e-06,
      1.3820327746385332e-08,
      0.05772775375144284,
      8.79020780214792e-05,
      0.00012602075260741803,
      -1.9189213927756289e-07,
      0.05146152319007781,
      7.836065384236564e-05,
      0.0001309264156959065,
      -1.9936200566978762e-07
    ],
    [
      -5.224476894102221e-06,
      -0.0002450849031088973,
      -1.5490819299833872e-08,
      -7.266327532882797e-07,
      -5.4321780867128415e-06,
      -0.0002548278060269933,
      -1.3820327746385332e-08,
      -6.482744784073543e-07,
      8.79020780214792e-05,
      0.004123565423226361,
      1.9189213927756289e-07,
      9.001145181464282e-06,
      7.836065384236565e-05,
      0.0036759607617308783,
      1.9936200566978768e-07,
      9.35153656349636e-06
    ],
    [
      -1.0173239581465434e-05,
      -1.5490819299833872e-08,
      -0.0002451013489552398,
      -3.731379016507703e-07,
      9.076182643216302e-06,
      1.3820327746385332e-08,
      -0.00025479161811192886,
      -3.8805329102303984e-07,
      0.00012602075260741803,
      1.9189213927756289e-07,
      0.004123842125391501,
      6.2780633561043576e-06,
      -0.0001309264156959065,
      -1.9936200566978762e-07,
      0.0036754387411637363,
      5.597774801350073e-06
    ],
    [
      1.5490819299833872e-08,
      -7.266327532882797e-07,
      -3.731379016507704e-07,
      -1.7507894938882922e-05,
      -1.3820327746385332e-08,
      6.482744784073543e-07,
      -3.8805329102303984e-07,
      -1.8200082946203073e-05,
      -1.9189213927756289e-07,
      9.001145181464282e-06,
      6.2780633561043576e-06,
      0.0002945711844657335,
      1.9936200566978768e-07,
      -9.35153656349636e-06,
      5.597774801350075e-06,
      0.0002625411716781134
    ],
    [
      0.003567455666518032,
      5.4321780867128415e-06,
      -9.076182643216302e-06,
      1.3820327746385332e-08,
      -0.05198780912834341,
      -7.916186162104386e-05,
      -0.00013236837863653118,
      2.015576865216346e-07,
      0.05146152319007781,
      7.836065384236564e-05,
      -0.0001309264156959065,
      1.9936200566978762e-07,
      0.7511205359135659,
      0.0011437315963425886,
      0.001909480620069337,
      -2.907571281022358e-06
    ],
    [
      5.4321780867128415e-06,
      0.0002548278060269933,
      -1.3820327746385332e-08,
      -6.482744784073543e-07,
      -7.916186162104386e-05,
      -0.003713554022454419,
      -2.015576865216346e-07,
      -9.45453005866526e-06,
      7.836065384236565e-05,
      0.0036759607617308783,
      -1.9936200566978768e-07,
      -9.35153656349636e-06,
      0.0011437315963425886,
      0.053653476348731514,
      2.907571281022358e-06,
      0.0001363863643631726
    ],
    [
      9.076182643216302e-06,
      1.3820327746385332e-08,
      0.00025479161811192886,
      3.8805329102303984e-07,
      -0.00013236837863653118,
      -2.015576865216346e-07,
      -0.0037138032117682547,
      -5.65382746153782e-06,
      0.0001309264156959065,
      1.9936200566978762e-07,
      0.0036754387411637363,
      5.597774801350073e-06,
      0.001909480620069337,
      2.907571281022358e-06,
      0.053657076639147504,
      8.168657198823652e-05
    ],
    [
      -1.3820327746385332e-08,
      6.482744784073543e-07,
      3.8805329102303984e-07,
      1.8200082946203073e-05,
      2.015576865216346e-07,
      -9.45453005866526e-06,
      -5.6538274615378206e-06,
      -0.0002652815936447523,
      -1.9936200566978768e-07,
      9.35153656349636e-06,
      5.597774801350075e-06,
      0.0002625411716781134,
      -2.907571281022358e-06,
      0.0001363863643631726,
      8.168657198823652e-05,
      0.003832791881930198
    ]
  ],
  "final_state_imag": [
    [
      0.0,
      0.0,
      0.0,
      0.0,
      0.0,
      0.0,
      0.0,
      0.0,
      0.0,
      0.0,
      0.0,
      0.0,
      0.0,
      0.0,
      0.0,
      0.0
    ],
    [
      0.0,
      0.0,
      0.0,
      0.0,
      0.0,
      0.0,
      0.0,
      0.0,
      0.0,
      0.0,
      0.0,
      0.0,
      0.0,
      0.0,
      0.0,
      0.0
    ],
    [
      0.0,
      0.0,
      0.0,
      0.0,
      0.0,
      0.0,
      0.0,
      0.0,
      0.0,
      0.0,
      0.0,
      0.0,
      0.0,
      0.0,
      0.0,
      0.0
    ],
    [
      0.0,
      0.0,
      0.0,
      0.0,
      0.0,
      0.0,
      0.0,
      0.0,
      0.0,
      0.0,
      0.0,
      0.0,
      0.0,
      0.0,
      0.0,
      0.0
    ],
    [
      0.0,
      0.0,
      0.0,
      0.0,
      0.0,
      0.0,
      0.0,
      0.0,
      0.0,
      0.0,
      0.0,
      0.0,
      0.0,
      0.0,
      0.0,
      0.0
    ],
    [
      0.0,
      0.0,
      0.0,
      0.0,
      0.0,
      0.0,
      0.0,
      0.0,
      0.0,
      0.0,
      0.0,
      0.0,
      0.0,
      0.0,
      0.0,
      0.0
    ],
    [
      0.0,
      0.0,
      0.0,
      0.0,
      0.0,
      0.0,
      0.0,
      0.0,
      0.0,
      0.0,
      0.0,
      0.0,
      0.0,
      0.0,
      0.0,
      0.0
    ],
    [
      0.0,
      0.0,
      0.0,
      0.0,
      0.0,
      0.0,
      0.0,
      0.0,
      0.0,
      0.0,
      0.0,
      0.0,
      0.0,
      0.0,
      0.0,
      0.0
    ],
    [
      0.0,
      0.0,
      0.0,
      0.0,
      0.0,
      0.0,
      0.0,
      0.0,
      0.0,
      0.0,
      0.0,
      0.0,
      0.0,
      0.0,
      0.0,
      0.0
    ],
    [
      0.0,
      0.0,
      0.0,
      0.0,
      0.0,
      0.0,
      0.0,
      0.0,
      0.0,
      0.0,
      0.0,
      0.0,
      0.0,
      0.0,
      0.0,
      0.0
    ],
    [
      0.0,
      0.0,
      0.0,
      0.0,
      0.0,
      0.0,
      0.0,
      0.0,
      0.0,
      0.0,
      0.0,
      0.0,
      0.0,
      0.0,
      0.0,
      0.0
    ],
    [
      0.0,
      0.0,
      0.0,
      0.0,
      0.0,
      0.0,
      0.0,
      0.0,
      0.0,
      0.0,
      0.0,
      0.0,
      0.0,
      0.0,
      0.0,
      0.0
    ],
    [
      0.0,
      0.0,
      0.0,
      0.0,
      0.0,
      0.0,
      0.0,
      0.0,
      0.0,
      0.0,
      0.0,
      0.0,
      0.0,
      0.0,
      0.0,
      0.0
    ],
    [
      0.0,
      0.0,
      0.0,
      0.0,
      0.0,
      0.0,
      0.0,
      0.0,
      0.0,
      0.0,
      0.0,
      0.0,
      0.0,
      0.0,
      0.0,
      0.0
    ],
    [
      0.0,
      0.0,
      0.0,
      0.0,
      0.0,
      0.0,
      0.0,
      0.0,
      0.0,
      0.0,
      0.0,
      0.0,
      0.0,
      0.0,
      0.0,
      0.0
    ],
    [
      0.0,
      0.0,
      0.0,
      0.0,
      0.0,
      0.0,
      0.0,
      0.0,
      0.0,
      0.0,
      0.0,
      0.0,
      0.0,
      0.0,
      0.0,
      0.0
    ]
  ]
}