{
  "config": {
    "symbols": [
      "H",
      "H"
    ],
    "geometry": [
      [
        0.0,
        0.0,
        0.0
      ],
      [
        0.0,
        0.0,
        0.7414
      ]
    ],
    "basis": "STO-3G",
    "ansatz": "RY-CZ",
    "optimizer": {
      "name": "Adam",
      "stepsize": 0.1,
      "iterations_planned": 50
    },
    "seed": 1,
    "noisy": true,
    "depolarizing_prob": 0.04,
    "amplitude_damping_prob": 0.0
  },
  "energies": [
    1.266553277211346,
    1.266553277211346,
    1.2580017855488717,
    1.241176276435945,
    1.2137961564590296,
    1.1762344737540875,
    1.1290678126816358,
    1.0711307815324589,
    1.002064921667833,
    0.9224149912693593,
    0.8330962961344254,
    0.7354397018158667,
    0.6312639276481127,
    0.5228667762023411,
    0.4126292453527493,
    0.3017286180644642,
    0.18999837518902837,
    0.07833587139201591,
    -0.031048702087975888,
    -0.13548775987152564,
    -0.2325448763439118,
    -0.3210407882700107,
    -0.4016393690805391,
    -0.4751187991372765,
    -0.5409046665453676,
    -0.5977714189282362,
    -0.6450399628402854,
    -0.6834484866167301,
    -0.7147023692703179,
    -0.7399167632324364,
    -0.7591822827372435,
    -0.7724410928557992,
    -0.7803444356531405,
    -0.7842356842507812,
    -0.7853450658238428,
    -0.7842626443925674,
    -0.7812233753438801,
    -0.7766528079309343,
    -0.7713031321194943,
    -0.765935437804885,
    -0.761002674610977,
    -0.7566559285741018,
    -0.7529839514757344,
    -0.7501600339507528,
    -0.7483718804099582,
    -0.7476921589529067,
    -0.7480409544150697,
    -0.749262091045421,
    -0.7512097179830013,
    -0.7537592540240873,
    -0.7567806722942503
  ],
  "final_params": [
    3.4135241056343286,
    -3.4150791928606155,
    -0.003813204354387912,
    0.01893965648779153
  ],
  "final_state_real": [
    [
      0.0018472209538714377,
      1.7014071986572993e-05,
      6.256875209933092e-07,
      -5.763006821113102e-09,
      -0.0010043933371275628,
      -9.251100856456499e-06,
      -1.8625066479915057e-06,
      1.7154950604901602e-08,
      0.000973602709405868,
      8.96749603745933e-06,
      9.883959811893194e-06,
      -9.103797966933946e-08,
      0.015396435060206997,
      0.00014181095025898993,
      2.8550530549131906e-05,
      -2.629697681037892e-07
    ],
    [
      1.7014071986572993e-05,
      5.077433283350801e-05,
      5.763006821113102e-09,
      1.7086052305104055e-08,
      -9.251100856456497e-06,
      -2.7607634857211565e-05,
      -1.7154950604901612e-08,
      -5.0860669165443036e-08,
      8.967496037459327e-06,
      2.6761296698900058e-05,
      9.103797966933949e-08,
      2.6990765943270174e-07,
      0.00014181095025898996,
      0.0004231998974232346,
      2.629697681037892e-07,
      7.796477345856402e-07
    ],
    [
      6.256875209933092e-07,
      5.763006821113102e-09,
      5.0615503123863395e-05,
      4.660771564094972e-07,
      1.8625066479915033e-06,
      1.7154950604901582e-08,
      -2.7513977303874715e-05,
      -2.5348842179263106e-07,
      9.883959811893194e-06,
      9.103797966933946e-08,
      2.6677583358966322e-05,
      2.4565224929992376e-07,
      -2.8550530549131903e-05,
      -2.629697681037892e-07,
      0.0004217642124335545,
      3.885746629708002e-06
    ],
    [
      -5.763006821113102e-09,
      1.7086052305104055e-08,
      4.660771564094972e-07,
      1.391262045160499e-06,
      -1.715495060490159e-08,
      5.086066916544297e-08,
      -2.53488421792631e-07,
      -7.562732754155129e-07,
      -9.103797966933949e-08,
      2.6990765943270174e-07,
      2.456522492999236e-07,
      7.332834189775456e-07,
      2.629697681037892e-07,
      -7.796477345856402e-07,
      3.885746629708003e-06,
      1.1592980501050604e-05
    ],
    [
      -0.0010043933371275623,
      -9.251100856456496e-06,
      1.8625066479915042e-06,
      -1.715495060490159e-08,
      0.039890276894920265,
      0.0003674146513074569,
      7.38942071842687e-05,
      -6.806158118154945e-07,
      -0.015396435060207,
      -0.00014181095025898996,
      2.8550530549131906e-05,
      -2.629697681037892e-07,
      0.11498327505363795,
      0.001059068605146775,
      0.00021344165292644471,
      -1.9659425199530386e-06
    ],
    [
      -9.251100856456492e-06,
      -2.7607634857211552e-05,
      1.7154950604901602e-08,
      5.086066916544298e-08,
      0.0003674146513074569,
      0.0010964590844633954,
      6.806158118154945e-07,
      2.0178767302090908e-06,
      -0.00014181095025898998,
      -0.0004231998974232347,
      2.629697681037892e-07,
      7.796477345856402e-07,
      0.0010590686051467747,
      0.003160530994207495,
      1.965942519953039e-06,
      5.828588750179176e-06
    ],
    [
      -1.8625066479915019e-06,
      -1.715495060490157e-08,
      -2.7513977303874705e-05,
      -2.534884217926309e-07,
      7.38942071842687e-05,
      6.806158118154945e-07,
      0.0010930291964017715,
      1.0064820228791021e-05,
      -2.8550530549131906e-05,
      -2.629697681037892e-07,
      -0.0004217642124335546,
      -3.885746629708003e-06,
      0.00021344165292644471,
      1.9659425199530386e-06,
      0.0031506443803985275,
      2.9011731249222535e-05
    ],
    [
      1.7154950604901576e-08,
      -5.086066916544292e-08,
      -2.534884217926308e-07,
      -7.562732754155127e-07,
      -6.806158118154945e-07,
      2.0178767302090908e-06,
      1.0064820228791021e-05,
      3.0043957707675436e-05,
      2.629697681037892e-07,
      -7.796477345856402e-07,
      -3.885746629708003e-06,
      -1.1592980501050608e-05,
      -1.965942519953039e-06,
      5.828588750179176e-06,
      2.9011731249222528e-05,
      8.660137060220362e-05
    ],
    [
      0.000973602709405868,
      8.96749603745933e-06,
      9.883959811893194e-06,
      -9.103797966933946e-08,
      -0.015396435060206997,
      -0.00014181095025898993,
      -2.8550530549131906e-05,
      2.629697681037892e-07,
      0.04007808249557447,
      0.00036914445953766114,
      1.35751795313202e-05,
      -1.2503661909803348e-07,
      -0.11564973836122056,
      -0.0010652075776032112,
      -0.00021445622802742148,
      1.975287445385111e-06
    ],
    [
      8.967496037459327e-06,
      2.6761296698900058e-05,
      9.103797966933949e-08,
      2.6990765943270174e-07,
      -0.00014181095025898996,
      -0.0004231998974232346,
      -2.629697681037892e-07,
      -7.796477345856402e-07,
      0.00036914445953766114,
      0.0011016212736728824,
      1.2503661909803348e-07,
      3.707061747932721e-07,
      -0.0010652075776032112,
      -0.0031788499883319385,
      -1.9752874453851116e-06,
      -5.856294406215317e-06
    ],
    [
      9.883959811893194e-06,
      9.103797966933946e-08,
      2.6677583358966322e-05,
      2.4565224929992376e-07,
      2.8550530549131903e-05,
      2.629697681037892e-07,
      -0.0004217642124335545,
      -3.885746629708002e-06,
      1.35751795313202e-05,
      1.2503661909803348e-07,
      0.0010981752375110768,
      1.011220595172105e-05,
      0.00021445622802742143,
      1.9752874453851108e-06,
      -0.003168065894950818,
      -2.9187638521932187e-05
    ],
    [
      -9.103797966933949e-08,
      2.6990765943270174e-07,
      2.456522492999236e-07,
      7.332834189775456e-07,
      -2.629697681037892e-07,
      7.796477345856402e-07,
      -3.885746629708003e-06,
      -1.1592980501050604e-05,
      -1.2503661909803348e-07,
      3.707061747932721e-07,
      1.011220595172105e-05,
      3.0185406300228033e-05,
      -1.975287445385111e-06,
      5.856294406215315e-06,
      -2.9187638521932187e-05,
      -8.708023360800048e-05
    ],
    [
      0.015396435060207,
      0.00014181095025898996,
      -2.8550530549131906e-05,
      2.629697681037892e-07,
      0.11498327505363795,
      0.001059068605146775,
      0.00021344165292644471,
      -1.9659425199530386e-06,
      -0.11564973836122051,
      -0.001065207577603211,
      0.00021445622802742143,
      -1.9752874453851108e-06,
      0.8654762197317454,
      0.007971582757504727,
      0.0016032397885425392,
      -1.4766926824083782e-05
    ],
    [
      0.00014181095025898998,
      0.0004231998974232347,
      -2.629697681037892e-07,
      -7.796477345856402e-07,
      0.0010590686051467747,
      0.003160530994207495,
      1.965942519953039e-06,
      5.828588750179176e-06,
      -0.001065207577603211,
      -0.0031788499883319376,
      1.975287445385111e-06,
      5.856294406215315e-06,
      0.007971582757504727,
      0.023789237312432713,
      1.4766926824083782e-05,
      4.378070197272596e-05
    ],
    [
      2.8550530549131906e-05,
      2.629697681037892e-07,
      0.0004217642124335546,
      3.885746629708003e-06,
      0.00021344165292644471,
      1.9659425199530386e-06,
      0.0031506443803985275,
      2.9011731249222535e-05,
      -0.00021445622802742138,
      -1.9752874453851108e-06,
      -0.0031680658949508173,
      -2.918763852193218e-05,
      0.0016032397885425392,
      1.4766926824083782e-05,
      0.02371482101892099,
      0.0002183705715264896
    ],
    [
      -2.629697681037892e-07,
      7.796477345856402e-07,
      3.885746629708003e-06,
      1.1592980501050608e-05,
      -1.965942519953039e-06,
      5.828588750179176e-06,
      2.9011731249222528e-05,
      8.660137060220362e-05,
      1.9752874453851108e-06,
      -5.856294406215314e-06,
      -2.918763852193218e-05,
      -8.708023360800046e-05,
      -1.4766926824083782e-05,
      4.378070197272596e-05,
      0.0002183705715264896,
      0.0006518463386733369
    ]
  ],
  "final_state_imag": [
    [
      0.0,
      0.0,
      0.0,
      0.0,
      0.0,
      0.0,
      0.0,
      0.0,
      0.0,
      0.0,
      0.0,
      0.0,
      0.0,
      0.0,
      0.0,
      0.0
    ],
    [
      0.0,
      0.0,
      0.0,
      0.0,
      0.0,
      0.0,
      0.0,
      0.0,
      0.0,
      0.0,
      0.0,
      0.0,
      0.0,
      0.0,
      0.0,
      0.0
    ],
    [
      0.0,
      0.0,
      0.0,
      0.0,
      0.0,
      0.0,
      0.0,
      0.0,
      0.0,
      0.0,
      0.0,
      0.0,
      0.0,
      0.0,
      0.0,
      0.0
    ],
    [
      0.0,
      0.0,
      0.0,
      0.0,
      0.0,
      0.0,
      0.0,
      0.0,
      0.0,
      0.0,
      0.0,
      0.0,
      0.0,
      0.0,
      0.0,
      0.0
    ],
    [
      0.0,
      0.0,
      0.0,
      0.0,
      0.0,
      0.0,
      0.0,
      0.0,
      0.0,
      0.0,
      0.0,
      0.0,
      0.0,
      0.0,
      0.0,
      0.0
    ],
    [
      0.0,
      0.0,
      0.0,
      0.0,
      0.0,
      0.0,
      0.0,
      0.0,
      0.0,
      0.0,
      0.0,
      0.0,
      0.0,
      0.0,
      0.0,
      0.0
    ],
    [
      0.0,
      0.0,
      0.0,
      0.0,
      0.0,
      0.0,
      0.0,
      0.0,
      0.0,
      0.0,
      0.0,
      0.0,
      0.0,
      0.0,
      0.0,
      0.0
    ],
    [
      0.0,
      0.0,
      0.0,
      0.0,
      0.0,
      0.0,
      0.0,
      0.0,
      0.0,
      0.0,
      0.0,
      0.0,
      0.0,
      0.0,
      0.0,
      0.0
    ],
    [
      0.0,
      0.0,
      0.0,
      0.0,
      0.0,
      0.0,
      0.0,
      0.0,
      0.0,
      0.0,
      0.0,
      0.0,
      0.0,
      0.0,
      0.0,
      0.0
    ],
    [
      0.0,
      0.0,
      0.0,
      0.0,
      0.0,
      0.0,
      0.0,
      0.0,
      0.0,
      0.0,
      0.0,
      0.0,
      0.0,
      0.0,
      0.0,
      0.0
    ],
    [
      0.0,
      0.0,
      0.0,
      0.0,
      0.0,
      0.0,
      0.0,
      0.0,
      0.0,
      0.0,
      0.0,
      0.0,
      0.0,
      0.0,
      0.0,
      0.0
    ],
    [
      0.0,
      0.0,
      0.0,
      0.0,
      0.0,
      0.0,
      0.0,
      0.0,
      0.0,
      0.0,
      0.0,
      0.0,
      0.0,
      0.0,
      0.0,
      0.0
    ],
    [
      0.0,
      0.0,
      0.0,
      0.0,
      0.0,
      0.0,
      0.0,
      0.0,
      0.0,
      0.0,
      0.0,
      0.0,
      0.0,
      0.0,
      0.0,
      0.0
    ],
    [
      0.0,
      0.0,
      0.0,
      0.0,
      0.0,
      0.0,
      0.0,
      0.0,
      0.0,
      0.0,
      0.0,
      0.0,
      0.0,
      0.0,
      0.0,
      0.0
    ],
    [
      0.0,
      0.0,
      0.0,
      0.0,
      0.0,
      0.0,
      0.0,
      0.0,
      0.0,
      0.0,
      0.0,
      0.0,
      0.0,
      0.0,
      0.0,
      0.0
    ],
    [
      0.0,
      0.0,
      0.0,
      0.0,
      0.0,
      0.0,
      0.0,
      0.0,
      0.0,
      0.0,
      0.0,
      0.0,
      0.0,
      0.0,
      0.0,
      0.0
    ]
  ]
}