{
  "config": {
    "symbols": [
      "H",
      "H"
    ],
    "geometry": [
      [
        0.0,
        0.0,
        0.0
      ],
      [
        0.0,
        0.0,
        0.7414
      ]
    ],
    "basis": "STO-3G",
    "ansatz": "RY-CZ",
    "optimizer": {
      "name": "Adam",
      "stepsize": 0.2,
      "iterations_planned": 50
    },
    "seed": 4,
    "noisy": true,
    "depolarizing_prob": 0.1,
    "amplitude_damping_prob": 0.0
  },
  "energies": [
    1.1543264537471394,
    1.1543264537471394,
    1.1310575665562184,
    1.0826245497555156,
    1.001336348475073,
    0.8881054009867659,
    0.7464240240751102,
    0.5842632666188811,
    0.4075236919534829,
    0.22519460895860272,
    0.04760610790173017,
    -0.11940932218475656,
    -0.26643609994160383,
    -0.3905512371742087,
    -0.488398321181525,
    -0.5593430104121891,
    -0.6060774625752108,
    -0.6296267533429728,
    -0.6352767204107378,
    -0.6259530329084363,
    -0.6066579077783412,
    -0.5822562482539988,
    -0.5563708206570326,
    -0.5334302067142307,
    -0.5157668847592821,
    -0.504903028353491,
    -0.5017558955284334,
    -0.5055858904441806,
    -0.5154383189667014,
    -0.5299636931141112,
    -0.5472110648958326,
    -0.5656392156999558,
    -0.5836858203393612,
    -0.5999525418305504,
    -0.6136323784967469,
    -0.6240656424454863,
    -0.6310505280640366,
    -0.6347634118843801,
    -0.6355482741980312,
    -0.6340492870736072,
    -0.6310057752933858,
    -0.627147654824104,
    -0.6232410603419837,
    -0.6198600504919903,
    -0.6174397293270606,
    -0.6162610066671599,
    -0.6163244176592695,
    -0.6175810298447053,
    -0.6197436985024478,
    -0.6225213067025201,
    -0.6255682396645841
  ],
  "final_params": [
    2.990573598210143,
    2.989864950190978,
    0.004867221384279887,
    0.006003873503759062
  ],
  "final_state_real": [
    [
      0.004468473125701878,
      1.2455944439132216e-05,
      -8.586502694490276e-06,
      2.3935072598550782e-08,
      -0.0034789170827308354,
      -9.697556636835926e-06,
      7.861600690924991e-06,
      -2.1914391688114067e-08,
      -0.00345976134206817,
      -9.644143276052404e-06,
      9.194371626500576e-06,
      -2.562952114596765e-08,
      -0.003719532089099265,
      -1.0368276172956304e-05,
      8.40533859997229e-06,
      -2.3430073542611373e-08
    ],
    [
      1.2455944439132216e-05,
      0.0003192167148016709,
      -2.3935072598550782e-08,
      -6.132446369745605e-07,
      -9.697556636835926e-06,
      -0.00024852526824636895,
      2.1914391688114067e-08,
      5.614724216925723e-07,
      -9.644143276052404e-06,
      -0.00024715682931165597,
      2.5629521145967657e-08,
      6.566583964296142e-07,
      -1.03682761729563e-05,
      -0.00026571421169623,
      2.3430073542611373e-08,
      6.00305968773036e-07
    ],
    [
      -8.586502694490276e-06,
      -2.3935072598550782e-08,
      0.0003192029812643454,
      8.896369232918905e-07,
      -7.861600690924991e-06,
      -2.1914391688114067e-08,
      -0.0002484735786188109,
      -6.927397574919169e-07,
      9.194371626500576e-06,
      2.562952114596765e-08,
      -0.0002471461959789286,
      -6.888105509638232e-07,
      -8.40533859997229e-06,
      -2.3430073542611373e-08,
      -0.000265658947019377,
      -7.406522478435812e-07
    ],
    [
      2.3935072598550782e-08,
      -6.132446369745605e-07,
      8.896369232918905e-07,
      2.2803074823930755e-05,
      2.1914391688114067e-08,
      -5.614724216925723e-07,
      -6.927397574919169e-07,
      -1.775034049673354e-05,
      -2.5629521145967657e-08,
      6.566583964296142e-07,
      -6.888105509638232e-07,
      -1.7655515550120152e-05,
      2.3430073542611373e-08,
      -6.00305968773036e-07,
      -7.406522478435809e-07,
      -1.8978020889826066e-05
    ],
    [
      -0.0034789170827308354,
      -9.697556636835926e-06,
      -7.861600690924991e-06,
      2.1914391688114067e-08,
      0.05790112501119277,
      0.00016140036558670863,
      -0.00013073596934094674,
      3.6442950392659606e-07,
      0.003719532089099264,
      1.03682761729563e-05,
      8.40533859997229e-06,
      -2.3430073542611373e-08,
      -0.05267747170612961,
      -0.00014683934362085847,
      0.00011913789027471295,
      -3.3209959332956455e-07
    ],
    [
      -9.697556636835926e-06,
      -0.00024852526824636895,
      -2.1914391688114067e-08,
      -5.614724216925723e-07,
      0.00016140036558670863,
      0.004136313767466292,
      -3.6442950392659606e-07,
      -9.337111384062234e-06,
      1.03682761729563e-05,
      0.00026571421169622995,
      2.3430073542611373e-08,
      6.00305968773036e-07,
      -0.00014683934362085847,
      -0.003763148840566741,
      3.320995933295646e-07,
      8.508781150014944e-06
    ],
    [
      7.861600690924991e-06,
      2.1914391688114067e-08,
      -0.0002484735786188109,
      -6.927397574919169e-07,
      -0.00013073596934094674,
      -3.6442950392659606e-07,
      0.0041361358124379945,
      1.1527646527359529e-05,
      -8.405338599972288e-06,
      -2.3430073542611366e-08,
      0.0002656589470193769,
      7.406522478435809e-07,
      0.00011913789027471295,
      3.3209959332956455e-07,
      -0.0037629869400688442,
      -1.0487659327273157e-05
    ],
    [
      -2.1914391688114067e-08,
      5.614724216925723e-07,
      -6.927397574919169e-07,
      -1.775034049673354e-05,
      3.6442950392659606e-07,
      -9.337111384062234e-06,
      1.1527646527359529e-05,
      0.00029547535564793375,
      2.3430073542611373e-08,
      -6.003059687730358e-07,
      7.406522478435809e-07,
      1.8978020889826066e-05,
      -3.320995933295646e-07,
      8.508781150014944e-06,
      -1.0487659327273157e-05,
      -0.0002688185192255555
    ],
    [
      -0.00345976134206817,
      -9.644143276052404e-06,
      9.194371626500576e-06,
      -2.562952114596765e-08,
      0.003719532089099265,
      1.0368276172956304e-05,
      -8.40533859997229e-06,
      2.3430073542611373e-08,
      0.05794146259412356,
      0.000161512807281592,
      -0.00011133881992610243,
      3.1035950640046144e-07,
      -0.05292576601539729,
      -0.00014753171785265902,
      0.0001196007920797502,
      -3.3338994269574804e-07
    ],
    [
      -9.644143276052404e-06,
      -0.00024715682931165597,
      2.5629521145967657e-08,
      6.566583964296142e-07,
      1.03682761729563e-05,
      0.00026571421169623,
      -2.3430073542611373e-08,
      -6.00305968773036e-07,
      0.000161512807281592,
      0.004139195385044374,
      -3.1035950640046144e-07,
      -7.951774620716155e-06,
      -0.00014753171785265902,
      -0.0037808863745025477,
      3.3338994269574804e-07,
      8.54184141441888e-06
    ],
    [
      9.194371626500576e-06,
      2.562952114596765e-08,
      -0.0002471461959789286,
      -6.888105509638232e-07,
      8.40533859997229e-06,
      2.3430073542611373e-08,
      0.000265658947019377,
      7.406522478435812e-07,
      -0.00011133881992610243,
      -3.1035950640046144e-07,
      0.004139017306041356,
      1.1535677414457216e-05,
      -0.0001196007920797502,
      -3.3338994269574794e-07,
      -0.003780100005334068,
      -1.053884914261894e-05
    ],
    [
      -2.5629521145967657e-08,
      6.566583964296142e-07,
      -6.888105509638232e-07,
      -1.7655515550120152e-05,
      -2.3430073542611373e-08,
      6.00305968773036e-07,
      7.406522478435809e-07,
      1.8978020889826066e-05,
      3.1035950640046144e-07,
      -7.951774620716155e-06,
      1.1535677414457216e-05,
      0.00029568120245419447,
      3.3338994269574794e-07,
      -8.54184141441888e-06,
      -1.053884914261894e-05,
      -0.00027004103446073293
    ],
    [
      -0.003719532089099264,
      -1.03682761729563e-05,
      -8.40533859997229e-06,
      2.3430073542611373e-08,
      -0.05267747170612961,
      -0.00014683934362085847,
      0.00011913789027471295,
      -3.3209959332956455e-07,
      -0.05292576601539729,
      -0.00014753171785265902,
      -0.0001196007920797502,
      3.3338994269574804e-07,
      0.7507879704360393,
      0.002092834170027873,
      -0.0016952173738507418,
      4.72545719219049e-06
    ],
    [
      -1.03682761729563e-05,
      -0.00026571421169622995,
      -2.3430073542611373e-08,
      -6.00305968773036e-07,
      -0.00014683934362085847,
      -0.003763148840566741,
      3.320995933295646e-07,
      8.508781150014944e-06,
      -0.00014753171785265902,
      -0.0037808863745025477,
      -3.3338994269574804e-07,
      -8.54184141441888e-06,
      0.002092834170027873,
      0.05363444350973056,
      -4.72545719219049e-06,
      -0.00012107175645413099
    ],
    [
      8.405338599972288e-06,
      2.3430073542611366e-08,
      -0.0002656589470193769,
      -7.406522478435809e-07,
      0.00011913789027471295,
      3.3209959332956455e-07,
      -0.0037629869400688442,
      -1.0487659327273157e-05,
      0.0001196007920797502,
      3.3338994269574794e-07,
      -0.003780100005334068,
      -1.053884914261894e-05,
      -0.0016952173738507418,
      -4.72545719219049e-06,
      0.05363213601580018,
      0.00014947582345778724
    ],
    [
      -2.3430073542611373e-08,
      6.003059687730358e-07,
      -7.406522478435809e-07,
      -1.8978020889826066e-05,
      -3.320995933295646e-07,
      8.508781150014944e-06,
      -1.0487659327273157e-05,
      -0.0002688185192255555,
      -3.3338994269574794e-07,
      8.54184141441888e-06,
      -1.053884914261894e-05,
      -0.00027004103446073293,
      4.72545719219049e-06,
      -0.00012107175645413099,
      0.00014947582345778724,
      0.003831347707629095
    ]
  ],
  "final_state_imag": [
    [
      0.0,
      0.0,
      0.0,
      0.0,
      0.0,
      0.0,
      0.0,
      0.0,
      0.0,
      0.0,
      0.0,
      0.0,
      0.0,
      0.0,
      0.0,
      0.0
    ],
    [
      0.0,
      0.0,
      0.0,
      0.0,
      0.0,
      0.0,
      0.0,
      0.0,
      0.0,
      0.0,
      0.0,
      0.0,
      0.0,
      0.0,
      0.0,
      0.0
    ],
    [
      0.0,
      0.0,
      0.0,
      0.0,
      0.0,
      0.0,
      0.0,
      0.0,
      0.0,
      0.0,
      0.0,
      0.0,
      0.0,
      0.0,
      0.0,
      0.0
    ],
    [
      0.0,
      0.0,
      0.0,
      0.0,
      0.0,
      0.0,
      0.0,
      0.0,
      0.0,
      0.0,
      0.0,
      0.0,
      0.0,
      0.0,
      0.0,
      0.0
    ],
    [
      0.0,
      0.0,
      0.0,
      0.0,
      0.0,
      0.0,
      0.0,
      0.0,
      0.0,
      0.0,
      0.0,
      0.0,
      0.0,
      0.0,
      0.0,
      0.0
    ],
    [
      0.0,
      0.0,
      0.0,
      0.0,
      0.0,
      0.0,
      0.0,
      0.0,
      0.0,
      0.0,
      0.0,
      0.0,
      0.0,
      0.0,
      0.0,
      0.0
    ],
    [
      0.0,
      0.0,
      0.0,
      0.0,
      0.0,
      0.0,
      0.0,
      0.0,
      0.0,
      0.0,
      0.0,
      0.0,
      0.0,
      0.0,
      0.0,
      0.0
    ],
    [
      0.0,
      0.0,
      0.0,
      0.0,
      0.0,
      0.0,
      0.0,
      0.0,
      0.0,
      0.0,
      0.0,
      0.0,
      0.0,
      0.0,
      0.0,
      0.0
    ],
    [
      0.0,
      0.0,
      0.0,
      0.0,
      0.0,
      0.0,
      0.0,
      0.0,
      0.0,
      0.0,
      0.0,
      0.0,
      0.0,
      0.0,
      0.0,
      0.0
    ],
    [
      0.0,
      0.0,
      0.0,
      0.0,
      0.0,
      0.0,
      0.0,
      0.0,
      0.0,
      0.0,
      0.0,
      0.0,
      0.0,
      0.0,
      0.0,
      0.0
    ],
    [
      0.0,
      0.0,
      0.0,
      0.0,
      0.0,
      0.0,
      0.0,
      0.0,
      0.0,
      0.0,
      0.0,
      0.0,
      0.0,
      0.0,
      0.0,
      0.0
    ],
    [
      0.0,
      0.0,
      0.0,
      0.0,
      0.0,
      0.0,
      0.0,
      0.0,
      0.0,
      0.0,
      0.0,
      0.0,
      0.0,
      0.0,
      0.0,
      0.0
    ],
    [
      0.0,
      0.0,
      0.0,
      0.0,
      0.0,
      0.0,
      0.0,
      0.0,
      0.0,
      0.0,
      0.0,
      0.0,
      0.0,
      0.0,
      0.0,
      0.0
    ],
    [
      0.0,
      0.0,
      0.0,
      0.0,
      0.0,
      0.0,
      0.0,
      0.0,
      0.0,
      0.0,
      0.0,
      0.0,
      0.0,
      0.0,
      0.0,
      0.0
    ],
    [
      0.0,
      0.0,
      0.0,
      0.0,
      0.0,
      0.0,
      0.0,
      0.0,
      0.0,
      0.0,
      0.0,
      0.0,
      0.0,
      0.0,
      0.0,
      0.0
    ],
    [
      0.0,
      0.0,
      0.0,
      0.0,
      0.0,
      0.0,
      0.0,
      0.0,
      0.0,
      0.0,
      0.0,
      0.0,
      0.0,
      0.0,
      0.0,
      0.0
    ]
  ]
}