{
  "config": {
    "symbols": [
      "H",
      "H"
    ],
    "geometry": [
      [
        0.0,
        0.0,
        0.0
      ],
      [
        0.0,
        0.0,
        0.7414
      ]
    ],
    "basis": "STO-3G",
    "ansatz": "RY-CZ",
    "optimizer": {
      "name": "Adam",
      "stepsize": 0.1,
      "iterations_planned": 50
    },
    "seed": 1,
    "noisy": true,
    "depolarizing_prob": 0.0,
    "amplitude_damping_prob": 0.0
  },
  "energies": [
    1.348683699626582,
    1.348683699626582,
    1.3390033592919743,
    1.3199456799877276,
    1.2888903923663777,
    1.2461941539171493,
    1.1928800405765811,
    1.1305199616931738,
    1.0595352704087633,
    0.97766912017636,
    0.8844050499600989,
    0.7806411076139035,
    0.6677497870307393,
    0.5474934347436943,
    0.42207217868171465,
    0.29416544842127024,
    0.1669117723131423,
    0.04370673383542836,
    -0.07247195081430413,
    -0.1804477376177605,
    -0.28153692978200623,
    -0.3773433679875217,
    -0.4676509982799641,
    -0.5507996790800611,
    -0.6246578712252295,
    -0.6873783362494064,
    -0.7381645996355886,
    -0.7779892335436152,
    -0.8094025743257611,
    -0.8349451096821081,
    -0.8557695077484028,
    -0.8717497816423353,
    -0.8823460669407158,
    -0.8874077678611909,
    -0.887647180019125,
    -0.8845948643636172,
    -0.8799908876960603,
    -0.8750630818513216,
    -0.8702684095304785,
    -0.8655438411184417,
    -0.8607345486172249,
    -0.8559212923298826,
    -0.8515133791263189,
    -0.8480880566589203,
    -0.846098288067564,
    -0.8456593038975313,
    -0.8465439365773665,
    -0.8483509497490409,
    -0.8507179118867668,
    -0.8534573020271042,
    -0.8565537025439406
  ],
  "final_params": [
    3.4126473402244932,
    -3.414195834789444,
    0.03315940243278678,
    0.03173084194881201
  ],
  "final_state_real": [
    [
      0.0003368800105569908,
      5.345191675093762e-06,
      5.585881757986858e-06,
      -8.862980211109434e-08,
      0.0024562532334767477,
      3.897276158889498e-05,
      -4.072767662062468e-05,
      6.462159558192177e-07,
      -0.0024704602508968956,
      -3.9198180814917116e-05,
      -4.0963246310128334e-05,
      6.499536817268992e-07,
      0.01801257358502026,
      0.0002858010429721715,
      -0.00029867045550409767,
      4.738930130396937e-06
    ],
    [
      5.345191675093763e-06,
      8.481083219667342e-08,
      8.862980211109433e-08,
      -1.4062671144795262e-09,
      3.897276158889498e-05,
      6.183711537900571e-07,
      -6.462159558192177e-07,
      1.0253348488597899e-08,
      -3.9198180814917116e-05,
      -6.219478248084508e-07,
      -6.499536817268992e-07,
      1.031265405965539e-08,
      0.00028580104297217147,
      4.534734350143188e-06,
      -4.738930130396937e-06,
      7.519143043826337e-08
    ],
    [
      5.585881757986858e-06,
      8.862980211109434e-08,
      9.262073746997196e-08,
      -1.469590297076289e-09,
      4.072767662062467e-05,
      6.462159558192176e-07,
      -6.753145889789566e-07,
      1.0715049294960148e-08,
      -4.0963246310128334e-05,
      -6.499536817268992e-07,
      -6.792206220547266e-07,
      1.0777025351038269e-08,
      0.00029867045550409767,
      4.738930130396937e-06,
      -4.952320697733284e-06,
      7.857724572616482e-08
    ],
    [
      -8.862980211109433e-08,
      -1.4062671144795262e-09,
      -1.469590297076289e-09,
      2.3317625199875263e-11,
      -6.462159558192176e-07,
      -1.0253348488597897e-08,
      1.071504929496015e-08,
      -1.7001303280406604e-10,
      6.499536817268992e-07,
      1.031265405965539e-08,
      1.0777025351038269e-08,
      -1.7099639158274822e-10,
      -4.738930130396937e-06,
      -7.519143043826337e-08,
      7.857724572616482e-08,
      -1.24676569258334e-09
    ],
    [
      0.002456253233476748,
      3.897276158889499e-05,
      4.072767662062469e-05,
      -6.462159558192178e-07,
      0.01790898764530026,
      0.00028415747052709623,
      -0.0002969528741904686,
      4.711677693175365e-06,
      -0.01801257358502026,
      -0.0002858010429721715,
      -0.00029867045550409767,
      4.738930130396937e-06,
      0.13133293969715706,
      0.0020838272201849,
      -0.0021776604401862335,
      3.455239875117281e-05
    ],
    [
      3.897276158889499e-05,
      6.183711537900572e-07,
      6.462159558192178e-07,
      -1.02533484885979e-08,
      0.0002841574705270963,
      4.508656193303302e-06,
      -4.711677693175365e-06,
      7.475902276791708e-08,
      -0.00028580104297217147,
      -4.534734350143188e-06,
      -4.738930130396937e-06,
      7.519143043826337e-08,
      0.0020838272201848997,
      3.306357029654363e-05,
      -3.455239875117281e-05,
      5.482343515700513e-07
    ],
    [
      -4.072767662062468e-05,
      -6.462159558192177e-07,
      -6.753145889789567e-07,
      1.071504929496015e-08,
      -0.00029695287419046856,
      -4.711677693175364e-06,
      4.923841103857098e-06,
      -7.81253670423403e-08,
      0.00029867045550409767,
      4.738930130396937e-06,
      4.952320697733284e-06,
      -7.857724572616482e-08,
      -0.0021776604401862335,
      -3.455239875117281e-05,
      3.610826807069399e-05,
      -5.72920944600825e-07
    ],
    [
      6.462159558192177e-07,
      1.0253348488597899e-08,
      1.0715049294960152e-08,
      -1.7001303280406607e-10,
      4.711677693175364e-06,
      7.475902276791707e-08,
      -7.812536704234032e-08,
      1.239595845808317e-09,
      -4.738930130396937e-06,
      -7.519143043826337e-08,
      -7.857724572616482e-08,
      1.24676569258334e-09,
      3.455239875117281e-05,
      5.482343515700513e-07,
      -5.729209446008251e-07,
      9.09039470520339e-09
    ],
    [
      -0.0024704602508968956,
      -3.9198180814917116e-05,
      -4.0963246310128334e-05,
      6.499536817268992e-07,
      -0.01801257358502026,
      -0.0002858010429721715,
      0.00029867045550409767,
      -4.738930130396937e-06,
      0.018116758667929594,
      0.00028745412187381077,
      0.00030039797134213806,
      -4.76634019625635e-06,
      -0.1320925720252414,
      -0.0020958801181573763,
      0.0021902560713642914,
      -3.47522505108667e-05
    ],
    [
      -3.9198180814917116e-05,
      -6.219478248084508e-07,
      -6.499536817268992e-07,
      1.031265405965539e-08,
      -0.00028580104297217147,
      -4.534734350143188e-06,
      4.738930130396937e-06,
      -7.519143043826337e-08,
      0.0002874541218738107,
      4.560963343574435e-06,
      4.76634019625635e-06,
      -7.562633916315811e-08,
      -0.0020958801181573763,
      -3.325481064292633e-05,
      3.47522505108667e-05,
      -5.51405349933289e-07
    ],
    [
      -4.0963246310128334e-05,
      -6.499536817268992e-07,
      -6.792206220547266e-07,
      1.0777025351038269e-08,
      -0.00029867045550409767,
      -4.738930130396937e-06,
      4.952320697733284e-06,
      -7.857724572616482e-08,
      0.00030039797134213806,
      4.76634019625635e-06,
      4.980965019606812e-06,
      -7.903173806258817e-08,
      -0.0021902560713642914,
      -3.47522505108667e-05,
      3.631711900410765e-05,
      -5.762347307916273e-07
    ],
    [
      6.499536817268992e-07,
      1.031265405965539e-08,
      1.0777025351038269e-08,
      -1.7099639158274822e-10,
      4.738930130396937e-06,
      7.519143043826337e-08,
      -7.857724572616482e-08,
      1.24676569258334e-09,
      -4.76634019625635e-06,
      -7.562633916315811e-08,
      -7.903173806258817e-08,
      1.25397701026226e-09,
      3.47522505108667e-05,
      5.51405349933289e-07,
      -5.762347307916273e-07,
      9.142973727148257e-09
    ],
    [
      0.01801257358502026,
      0.0002858010429721715,
      0.00029867045550409767,
      -4.738930130396937e-06,
      0.13133293969715706,
      0.0020838272201849,
      -0.0021776604401862335,
      3.455239875117281e-05,
      -0.13209257202524144,
      -0.0020958801181573767,
      -0.002190256071364292,
      3.4752250510866705e-05,
      0.9631108910866899,
      0.015281441925619406,
      -0.015969554110859426,
      0.0002533849590754648
    ],
    [
      0.00028580104297217147,
      4.534734350143188e-06,
      4.738930130396937e-06,
      -7.519143043826337e-08,
      0.0020838272201848997,
      3.306357029654363e-05,
      -3.455239875117281e-05,
      5.482343515700513e-07,
      -0.0020958801181573767,
      -3.325481064292634e-05,
      -3.4752250510866705e-05,
      5.514053499332891e-07,
      0.015281441925619407,
      0.00024246685351170027,
      -0.0002533849590754648,
      4.020396376434682e-06
    ],
    [
      -0.00029867045550409767,
      -4.738930130396937e-06,
      -4.952320697733284e-06,
      7.857724572616482e-08,
      -0.0021776604401862335,
      -3.455239875117281e-05,
      3.610826807069399e-05,
      -5.72920944600825e-07,
      0.002190256071364292,
      3.4752250510866705e-05,
      3.631711900410766e-05,
      -5.762347307916274e-07,
      -0.015969554110859426,
      -0.0002533849590754648,
      0.00026479469900966504,
      -4.201431893240973e-06
    ],
    [
      4.738930130396937e-06,
      7.519143043826337e-08,
      7.857724572616482e-08,
      -1.24676569258334e-09,
      3.455239875117281e-05,
      5.482343515700513e-07,
      -5.729209446008251e-07,
      9.09039470520339e-09,
      -3.4752250510866705e-05,
      -5.514053499332891e-07,
      -5.762347307916274e-07,
      9.142973727148259e-09,
      0.0002533849590754648,
      4.020396376434682e-06,
      -4.201431893240973e-06,
      6.666307908013489e-08
    ]
  ],
  "final_state_imag": [
    [
      0.0,
      0.0,
      0.0,
      0.0,
      0.0,
      0.0,
      0.0,
      0.0,
      0.0,
      0.0,
      0.0,
      0.0,
      0.0,
      0.0,
      0.0,
      0.0
    ],
    [
      0.0,
      0.0,
      0.0,
      0.0,
      0.0,
      0.0,
      0.0,
      0.0,
      0.0,
      0.0,
      0.0,
      0.0,
      0.0,
      0.0,
      0.0,
      0.0
    ],
    [
      0.0,
      0.0,
      0.0,
      0.0,
      0.0,
      0.0,
      0.0,
      0.0,
      0.0,
      0.0,
      0.0,
      0.0,
      0.0,
      0.0,
      0.0,
      0.0
    ],
    [
      0.0,
      0.0,
      0.0,
      0.0,
      0.0,
      0.0,
      0.0,
      0.0,
      0.0,
      0.0,
      0.0,
      0.0,
      0.0,
      0.0,
      0.0,
      0.0
    ],
    [
      0.0,
      0.0,
      0.0,
      0.0,
      0.0,
      0.0,
      0.0,
      0.0,
      0.0,
      0.0,
      0.0,
      0.0,
      0.0,
      0.0,
      0.0,
      0.0
    ],
    [
      0.0,
      0.0,
      0.0,
      0.0,
      0.0,
      0.0,
      0.0,
      0.0,
      0.0,
      0.0,
      0.0,
      0.0,
      0.0,
      0.0,
      0.0,
      0.0
    ],
    [
      0.0,
      0.0,
      0.0,
      0.0,
      0.0,
      0.0,
      0.0,
      0.0,
      0.0,
      0.0,
      0.0,
      0.0,
      0.0,
      0.0,
      0.0,
      0.0
    ],
    [
      0.0,
      0.0,
      0.0,
      0.0,
      0.0,
      0.0,
      0.0,
      0.0,
      0.0,
      0.0,
      0.0,
      0.0,
      0.0,
      0.0,
      0.0,
      0.0
    ],
    [
      0.0,
      0.0,
      0.0,
      0.0,
      0.0,
      0.0,
      0.0,
      0.0,
      0.0,
      0.0,
      0.0,
      0.0,
      0.0,
      0.0,
      0.0,
      0.0
    ],
    [
      0.0,
      0.0,
      0.0,
      0.0,
      0.0,
      0.0,
      0.0,
      0.0,
      0.0,
      0.0,
      0.0,
      0.0,
      0.0,
      0.0,
      0.0,
      0.0
    ],
    [
      0.0,
      0.0,
      0.0,
      0.0,
      0.0,
      0.0,
      0.0,
      0.0,
      0.0,
      0.0,
      0.0,
      0.0,
      0.0,
      0.0,
      0.0,
      0.0
    ],
    [
      0.0,
      0.0,
      0.0,
      0.0,
      0.0,
      0.0,
      0.0,
      0.0,
      0.0,
      0.0,
      0.0,
      0.0,
      0.0,
      0.0,
      0.0,
      0.0
    ],
    [
      0.0,
      0.0,
      0.0,
      0.0,
      0.0,
      0.0,
      0.0,
      0.0,
      0.0,
      0.0,
      0.0,
      0.0,
      0.0,
      0.0,
      0.0,
      0.0
    ],
    [
      0.0,
      0.0,
      0.0,
      0.0,
      0.0,
      0.0,
      0.0,
      0.0,
      0.0,
      0.0,
      0.0,
      0.0,
      0.0,
      0.0,
      0.0,
      0.0
    ],
    [
      0.0,
      0.0,
      0.0,
      0.0,
      0.0,
      0.0,
      0.0,
      0.0,
      0.0,
      0.0,
      0.0,
      0.0,
      0.0,
      0.0,
      0.0,
      0.0
    ],
    [
      0.0,
      0.0,
      0.0,
      0.0,
      0.0,
      0.0,
      0.0,
      0.0,
      0.0,
      0.0,
      0.0,
      0.0,
      0.0,
      0.0,
      0.0,
      0.0
    ]
  ]
}