{
  "config": {
    "symbols": [
      "H",
      "H"
    ],
    "geometry": [
      [
        0.0,
        0.0,
        0.0
      ],
      [
        0.0,
        0.0,
        0.7414
      ]
    ],
    "basis": "STO-3G",
    "ansatz": "RY-CZ",
    "optimizer": {
      "name": "Adam",
      "stepsize": 0.1,
      "iterations_planned": 50
    },
    "seed": 3,
    "noisy": true,
    "depolarizing_prob": 0.04,
    "amplitude_damping_prob": 0.0
  },
  "energies": [
    1.2665379600964477,
    1.2665379600964477,
    1.2579869797033696,
    1.2411886870381699,
    1.2138463058412219,
    1.1763382669135423,
    1.1292286414184693,
    1.0713485927667463,
    1.002346086391647,
    0.9227617598490053,
    0.8335080040918608,
    0.7359115033746618,
    0.6317798557229614,
    0.5233682148174486,
    0.4129462839905502,
    0.301811605690647,
    0.1901632211444962,
    0.07875677728792772,
    -0.030372113815041374,
    -0.134695018527064,
    -0.23200817429839948,
    -0.32115643701597874,
    -0.40205172936429223,
    -0.47510217472560035,
    -0.5402240004437828,
    -0.5968386458553062,
    -0.6447055856003074,
    -0.6840420706561442,
    -0.7154131598555881,
    -0.7398249847197513,
    -0.7583552857220989,
    -0.7718110073381494,
    -0.7805979300591283,
    -0.7849877271043111,
    -0.7856779589667436,
    -0.7838746764595818,
    -0.7806743831694597,
    -0.7765661331501449,
    -0.7716735214127388,
    -0.7662785100923629,
    -0.7609851185911694,
    -0.7563977919667182,
    -0.7527958625493602,
    -0.7501822722443415,
    -0.7485147257630008,
    -0.747795277637038,
    -0.7480189591678819,
    -0.7491458571431082,
    -0.7511026938214357,
    -0.7537512442149913,
    -0.7568607391413062
  ],
  "final_params": [
    3.4133159797647945,
    3.4154205907510526,
    8.476885768061992e-05,
    0.009816923595205477
  ],
  "final_state_real": [
    [
      0.0018480580996184492,
      8.822663705698737e-06,
      -1.3822540974801875e-08,
      6.598915456985557e-11,
      0.001009071575939593,
      4.817326453689522e-06,
      -4.159711621743107e-08,
      1.9858566791274407e-10,
      0.0009673894405027083,
      4.6183351636843e-06,
      -2.197918468452067e-07,
      1.0492917460763936e-09,
      -0.015404706071686852,
      -7.354235303015929e-05,
      6.350306202636356e-07,
      -3.031651983058703e-09
    ],
    [
      8.822663705698739e-06,
      5.0676221279530805e-05,
      -6.598915456985557e-11,
      -3.78366970701458e-10,
      4.817326453689522e-06,
      2.7670090285450006e-05,
      -1.9858566791274402e-10,
      -1.138645555965261e-09,
      4.6183351636843e-06,
      2.652711046287894e-05,
      -1.0492917460763936e-09,
      -6.016402876092156e-09,
      -7.354235303015927e-05,
      -0.00042241761435752917,
      3.031651983058703e-09,
      1.73828106228684e-08
    ],
    [
      -1.3822540974801875e-08,
      -6.598915456985557e-11,
      5.063173207414043e-05,
      2.4171679801745105e-07,
      4.1597116217431084e-08,
      1.9858566791274407e-10,
      2.7645794789729467e-05,
      1.3198155532406403e-07,
      -2.1979184684520665e-07,
      -1.0492917460763936e-09,
      2.6503822024317478e-05,
      1.2652972222165847e-07,
      -6.350306202636355e-07,
      -3.0316519830587027e-09,
      -0.0004220467140375074,
      -2.0148591191443852e-06
    ],
    [
      6.598915456985557e-11,
      -3.78366970701458e-10,
      2.4171679801745105e-07,
      1.3883897150662083e-06,
      -1.9858566791274407e-10,
      1.1386455559652614e-09,
      1.3198155532406403e-07,
      7.580846156850144e-07,
      1.0492917460763936e-09,
      -6.016402876092155e-09,
      1.2652972222165847e-07,
      7.26770197287041e-07,
      3.0316519830587027e-09,
      -1.7382810622868397e-08,
      -2.0148591191443852e-06,
      -1.1573084566594147e-05
    ],
    [
      0.0010090715759395934,
      4.817326453689524e-06,
      4.159711621743111e-08,
      -1.9858566791274422e-10,
      0.039867192221718466,
      0.000190326716424819,
      -1.641743032603809e-06,
      7.837722090314074e-09,
      0.015404706071686852,
      7.354235303015929e-05,
      6.350306202636356e-07,
      -3.031651983058703e-09,
      0.11489963217725835,
      0.0005485329789240532,
      -4.7414547241525954e-06,
      2.2635822838106065e-08
    ],
    [
      4.817326453689524e-06,
      2.7670090285450026e-05,
      1.9858566791274422e-10,
      1.1386455559652618e-09,
      0.000190326716424819,
      0.0010932116556500629,
      -7.837722090314074e-09,
      -4.4939735686001954e-08,
      7.354235303015927e-05,
      0.00042241761435752917,
      3.031651983058703e-09,
      1.73828106228684e-08,
      0.0005485329789240532,
      0.0031507013693744764,
      -2.2635822838106065e-08,
      -1.2978871713718678e-07
    ],
    [
      -4.1597116217431103e-08,
      -1.9858566791274417e-10,
      2.764579478972948e-05,
      1.319815553240641e-07,
      -1.6417430326038088e-06,
      -7.837722090314074e-09,
      0.0010922519132569774,
      5.214430245331348e-06,
      -6.350306202636355e-07,
      -3.0316519830587027e-09,
      0.0004220467140375074,
      2.0148591191443852e-06,
      -4.7414547241525954e-06,
      -2.2635822838106065e-08,
      0.003147935334401731,
      1.5028299807784095e-05
    ],
    [
      1.9858566791274417e-10,
      -1.1386455559652618e-09,
      1.319815553240641e-07,
      7.580846156850147e-07,
      7.837722090314074e-09,
      -4.493973568600195e-08,
      5.214430245331348e-06,
      2.9951006226822245e-05,
      3.0316519830587027e-09,
      -1.7382810622868397e-08,
      2.0148591191443852e-06,
      1.1573084566594147e-05,
      2.2635822838106065e-08,
      -1.2978871713718678e-07,
      1.5028299807784095e-05,
      8.63205911181751e-05
    ],
    [
      0.0009673894405027083,
      4.6183351636843e-06,
      -2.197918468452067e-07,
      1.0492917460763936e-09,
      0.015404706071686852,
      7.354235303015929e-05,
      -6.350306202636356e-07,
      3.031651983058703e-09,
      0.04012144065305373,
      0.00019154050316011457,
      -3.000881073541012e-07,
      1.4326280918150078e-09,
      0.11580168841192255,
      0.000552839412257968,
      -4.7737112073146425e-06,
      2.2789816091382777e-08
    ],
    [
      4.6183351636843e-06,
      2.652711046287894e-05,
      -1.0492917460763936e-09,
      -6.016402876092156e-09,
      7.354235303015927e-05,
      0.00042241761435752917,
      -3.031651983058703e-09,
      -1.73828106228684e-08,
      0.0001915405031601146,
      0.001100183487200694,
      -1.4326280918150086e-09,
      -8.214367266488256e-09,
      0.000552839412257968,
      0.0031754369560770056,
      -2.2789816091382777e-08,
      -1.3067167981689633e-07
    ],
    [
      -2.1979184684520665e-07,
      -1.0492917460763936e-09,
      2.6503822024317478e-05,
      1.2652972222165847e-07,
      6.350306202636355e-07,
      3.0316519830587027e-09,
      0.0004220467140375074,
      2.0148591191443852e-06,
      -3.00088107354101e-07,
      -1.4326280918150072e-09,
      0.0010992176241609226,
      5.2476846742565e-06,
      4.7737112073146425e-06,
      2.2789816091382777e-08,
      0.0031726487897146506,
      1.514628625975005e-05
    ],
    [
      1.0492917460763936e-09,
      -6.016402876092155e-09,
      1.2652972222165847e-07,
      7.26770197287041e-07,
      -3.0316519830587027e-09,
      1.7382810622868397e-08,
      2.0148591191443852e-06,
      1.1573084566594147e-05,
      1.4326280918150072e-09,
      -8.21436726648825e-09,
      5.247684674256501e-06,
      3.0142015322916384e-05,
      -2.2789816091382777e-08,
      1.3067167981689633e-07,
      1.514628625975005e-05,
      8.699826706909779e-05
    ],
    [
      -0.015404706071686852,
      -7.354235303015929e-05,
      -6.350306202636356e-07,
      3.031651983058703e-09,
      0.11489963217725835,
      0.0005485329789240532,
      -4.7414547241525954e-06,
      2.2635822838106065e-08,
      0.11580168841192258,
      0.0005528394122579681,
      4.773711207314644e-06,
      -2.2789816091382787e-08,
      0.8655188855035463,
      0.00413200324129719,
      -3.5642329461274785e-05,
      1.7015736776164553e-07
    ],
    [
      -7.354235303015927e-05,
      -0.00042241761435752917,
      -3.031651983058703e-09,
      -1.73828106228684e-08,
      0.0005485329789240532,
      0.0031507013693744764,
      -2.2635822838106065e-08,
      -1.2978871713718678e-07,
      0.0005528394122579682,
      0.0031754369560770064,
      2.2789816091382787e-08,
      1.3067167981689638e-07,
      0.00413200324129719,
      0.023733683790810575,
      -1.7015736776164556e-07,
      -9.756440766998102e-07
    ],
    [
      6.350306202636355e-07,
      3.0316519830587027e-09,
      -0.0004220467140375074,
      -2.0148591191443852e-06,
      -4.7414547241525954e-06,
      -2.2635822838106065e-08,
      0.003147935334401731,
      1.5028299807784095e-05,
      -4.773711207314643e-06,
      -2.278981609138278e-08,
      0.0031726487897146514,
      1.5146286259750054e-05,
      -3.564232946127478e-05,
      -1.701573677616455e-07,
      0.02371284773188238,
      0.00011320556083747783
    ],
    [
      -3.0316519830587027e-09,
      1.7382810622868397e-08,
      -2.0148591191443852e-06,
      -1.1573084566594147e-05,
      2.2635822838106065e-08,
      -1.2978871713718678e-07,
      1.5028299807784095e-05,
      8.63205911181751e-05,
      2.278981609138278e-08,
      -1.3067167981689636e-07,
      1.5146286259750054e-05,
      8.699826706909782e-05,
      1.701573677616455e-07,
      -9.756440766998102e-07,
      0.00011320556083747783,
      0.000650237954681614
    ]
  ],
  "final_state_imag": [
    [
      0.0,
      0.0,
      0.0,
      0.0,
      0.0,
      0.0,
      0.0,
      0.0,
      0.0,
      0.0,
      0.0,
      0.0,
      0.0,
      0.0,
      0.0,
      0.0
    ],
    [
      0.0,
      0.0,
      0.0,
      0.0,
      0.0,
      0.0,
      0.0,
      0.0,
      0.0,
      0.0,
      0.0,
      0.0,
      0.0,
      0.0,
      0.0,
      0.0
    ],
    [
      0.0,
      0.0,
      0.0,
      0.0,
      0.0,
      0.0,
      0.0,
      0.0,
      0.0,
      0.0,
      0.0,
      0.0,
      0.0,
      0.0,
      0.0,
      0.0
    ],
    [
      0.0,
      0.0,
      0.0,
      0.0,
      0.0,
      0.0,
      0.0,
      0.0,
      0.0,
      0.0,
      0.0,
      0.0,
      0.0,
      0.0,
      0.0,
      0.0
    ],
    [
      0.0,
      0.0,
      0.0,
      0.0,
      0.0,
      0.0,
      0.0,
      0.0,
      0.0,
      0.0,
      0.0,
      0.0,
      0.0,
      0.0,
      0.0,
      0.0
    ],
    [
      0.0,
      0.0,
      0.0,
      0.0,
      0.0,
      0.0,
      0.0,
      0.0,
      0.0,
      0.0,
      0.0,
      0.0,
      0.0,
      0.0,
      0.0,
      0.0
    ],
    [
      0.0,
      0.0,
      0.0,
      0.0,
      0.0,
      0.0,
      0.0,
      0.0,
      0.0,
      0.0,
      0.0,
      0.0,
      0.0,
      0.0,
      0.0,
      0.0
    ],
    [
      0.0,
      0.0,
      0.0,
      0.0,
      0.0,
      0.0,
      0.0,
      0.0,
      0.0,
      0.0,
      0.0,
      0.0,
      0.0,
      0.0,
      0.0,
      0.0
    ],
    [
      0.0,
      0.0,
      0.0,
      0.0,
      0.0,
      0.0,
      0.0,
      0.0,
      0.0,
      0.0,
      0.0,
      0.0,
      0.0,
      0.0,
      0.0,
      0.0
    ],
    [
      0.0,
      0.0,
      0.0,
      0.0,
      0.0,
      0.0,
      0.0,
      0.0,
      0.0,
      0.0,
      0.0,
      0.0,
      0.0,
      0.0,
      0.0,
      0.0
    ],
    [
      0.0,
      0.0,
      0.0,
      0.0,
      0.0,
      0.0,
      0.0,
      0.0,
      0.0,
      0.0,
      0.0,
      0.0,
      0.0,
      0.0,
      0.0,
      0.0
    ],
    [
      0.0,
      0.0,
      0.0,
      0.0,
      0.0,
      0.0,
      0.0,
      0.0,
      0.0,
      0.0,
      0.0,
      0.0,
      0.0,
      0.0,
      0.0,
      0.0
    ],
    [
      0.0,
      0.0,
      0.0,
      0.0,
      0.0,
      0.0,
      0.0,
      0.0,
      0.0,
      0.0,
      0.0,
      0.0,
      0.0,
      0.0,
      0.0,
      0.0
    ],
    [
      0.0,
      0.0,
      0.0,
      0.0,
      0.0,
      0.0,
      0.0,
      0.0,
      0.0,
      0.0,
      0.0,
      0.0,
      0.0,
      0.0,
      0.0,
      0.0
    ],
    [
      0.0,
      0.0,
      0.0,
      0.0,
      0.0,
      0.0,
      0.0,
      0.0,
      0.0,
      0.0,
      0.0,
      0.0,
      0.0,
      0.0,
      0.0,
      0.0
    ],
    [
      0.0,
      0.0,
      0.0,
      0.0,
      0.0,
      0.0,
      0.0,
      0.0,
      0.0,
      0.0,
      0.0,
      0.0,
      0.0,
      0.0,
      0.0,
      0.0
    ]
  ]
}