{
  "config": {
    "symbols": [
      "H",
      "H"
    ],
    "geometry": [
      [
        0.0,
        0.0,
        0.0
      ],
      [
        0.0,
        0.0,
        0.7414
      ]
    ],
    "basis": "STO-3G",
    "ansatz": "RY-CZ",
    "optimizer": {
      "name": "Adam",
      "stepsize": 0.1,
      "iterations_planned": 50
    },
    "seed": 2,
    "noisy": true,
    "depolarizing_prob": 0.02,
    "amplitude_damping_prob": 0.0
  },
  "energies": [
    1.3069821556635914,
    1.3069821556635914,
    1.2990445590890376,
    1.283187727900706,
    1.2562088211918976,
    1.2184496595952106,
    1.1708693793395533,
    1.1142485854785766,
    1.0469156663591772,
    0.9680718844982896,
    0.8783165908608696,
    0.7786906172113938,
    0.6706129257620634,
    0.5559456890432342,
    0.4370480652010481,
    0.31675902972059067,
    0.19814278031444874,
    0.08359673738125044,
    -0.026539609779864692,
    -0.13328281121291083,
    -0.23641613386297555,
    -0.334174556143159,
    -0.4241725510892007,
    -0.5041498997094449,
    -0.5727665332023721,
    -0.6304970516708328,
    -0.6794754812219935,
    -0.7216167504700475,
    -0.7573378162545542,
    -0.7860519403803087,
    -0.8072000572795062,
    -0.8210780821726154,
    -0.8291171612001333,
    -0.8332559395256571,
    -0.8348969408147695,
    -0.8345246249828021,
    -0.8321221793900524,
    -0.8277851881793536,
    -0.8220805294886309,
    -0.8159645462492131,
    -0.8103599443198561,
    -0.8057722967524982,
    -0.8022440170061453,
    -0.7995952238875816,
    -0.7977096461525633,
    -0.7966650508909401,
    -0.7966498571296325,
    -0.7977681159232085,
    -0.7999086284972852,
    -0.8027768465645588,
    -0.8060444035587531
  ],
  "final_params": [
    -3.416869686112513,
    -3.4174596075266694,
    -0.0016672722219257096,
    0.019361770941047504
  ],
  "final_state_real": [
    [
      0.0009778966382448762,
      9.339253958323695e-06,
      -1.4120042674965087e-07,
      1.3485167635088785e-09,
      0.0007086242470906719,
      6.767608962322041e-06,
      5.827505235853492e-07,
      -5.565484949926774e-09,
      0.0007174819858823256,
      6.852203202890563e-06,
      -3.3604795489279146e-06,
      3.209383363403505e-08,
      -0.017069150526502694,
      -0.00016301634689562446,
      -1.4037138084556425e-05,
      1.3405990657715946e-07
    ],
    [
      9.339253958323695e-06,
      1.330645633530818e-05,
      -1.3485167635088785e-09,
      -1.894882208590351e-09,
      6.767608962322041e-06,
      9.642407216959331e-06,
      5.565484949926774e-09,
      7.820398454931163e-09,
      6.852203202890563e-06,
      9.762936432268063e-06,
      -3.209383363403505e-08,
      -4.5096980626589946e-08,
      -0.00016301634689562446,
      -0.00023226371507868398,
      -1.340599065771595e-07,
      -1.88375657412932e-07
    ],
    [
      -1.4120042674965087e-07,
      -1.3485167635088777e-09,
      1.3215498900419283e-05,
      1.2619964544754536e-07,
      -5.827505235853496e-07,
      -5.565484949926774e-09,
      9.575510970945698e-06,
      9.145887745412061e-08,
      -3.3604795489279146e-06,
      -3.209383363403505e-08,
      9.696201034617062e-06,
      9.259257951419248e-08,
      1.4037138084556428e-05,
      1.3405990657715952e-07,
      -0.0002306523362731284,
      -2.2030368741384527e-06
    ],
    [
      1.3485167635088785e-09,
      -1.894882208590351e-09,
      1.2619964544754536e-07,
      1.7982622313065698e-07,
      5.565484949926774e-09,
      -7.820398454931166e-09,
      9.145887745412061e-08,
      1.3029610046705877e-07,
      3.209383363403505e-08,
      -4.5096980626589946e-08,
      9.259257951419248e-08,
      1.3193835691783343e-07,
      -1.3405990657715952e-07,
      1.88375657412932e-07,
      -2.2030368741384527e-06,
      -3.138537470344232e-06
    ],
    [
      0.0007086242470906721,
      6.7676089623220465e-06,
      -5.827505235853497e-07,
      5.565484949926775e-09,
      0.02983705693039422,
      0.0002849543000189099,
      2.4524290856040015e-05,
      -2.342161287598179e-07,
      0.017069150526502697,
      0.0001630163468956245,
      -1.4037138084556428e-05,
      1.3405990657715952e-07,
      -0.1246153238399533,
      -0.0011901198050224208,
      -0.0001025331468515385,
      9.792298120300066e-07
    ],
    [
      6.7676089623220465e-06,
      9.642407216959334e-06,
      -5.565484949926775e-09,
      -7.82039845493117e-09,
      0.00028495430001890986,
      0.00040599944788743156,
      2.342161287598179e-07,
      3.291112037770112e-07,
      0.0001630163468956245,
      0.000232263715078684,
      -1.3405990657715952e-07,
      -1.88375657412932e-07,
      -0.0011901198050224208,
      -0.0016956683360347116,
      -9.792298120300064e-07,
      -1.375974848179718e-06
    ],
    [
      5.827505235853497e-07,
      5.565484949926775e-09,
      9.575510970945698e-06,
      9.145887745412068e-08,
      2.4524290856040015e-05,
      2.342161287598179e-07,
      0.0004032242034936134,
      3.850535791361493e-06,
      1.4037138084556428e-05,
      1.3405990657715952e-07,
      0.00023065233627312846,
      2.203036874138453e-06,
      -0.0001025331468515385,
      -9.792298120300066e-07,
      -0.0016840774482444895,
      -1.608187314577421e-05
    ],
    [
      -5.56548494992678e-09,
      7.82039845493117e-09,
      9.145887745412068e-08,
      1.3029610046705877e-07,
      -2.342161287598179e-07,
      3.291112037770112e-07,
      3.850535791361493e-06,
      5.486761123094904e-06,
      -1.3405990657715952e-07,
      1.88375657412932e-07,
      2.203036874138453e-06,
      3.1385374703442328e-06,
      9.792298120300064e-07,
      -1.375974848179718e-06,
      -1.608187314577421e-05,
      -2.2915615162111883e-05
    ],
    [
      0.0007174819858823256,
      6.852203202890563e-06,
      -3.3604795489279146e-06,
      3.209383363403505e-08,
      0.017069150526502694,
      0.00016301634689562446,
      1.4037138084556425e-05,
      -1.3405990657715946e-07,
      0.029913098417173926,
      0.00028568052273880663,
      -4.319211352940133e-06,
      4.125008010708461e-08,
      -0.12488592798042028,
      -0.0011927042137467995,
      -0.00010270229986883292,
      9.808452864635504e-07
    ],
    [
      6.852203202890563e-06,
      9.762936432268063e-06,
      -3.209383363403505e-08,
      -4.5096980626589946e-08,
      0.00016301634689562446,
      0.00023226371507868398,
      1.340599065771595e-07,
      1.88375657412932e-07,
      0.0002856805227388066,
      0.0004070341612548096,
      -4.125008010708464e-08,
      -5.79629745902872e-08,
      -0.0011927042137467993,
      -0.0016993505065611792,
      -9.808452864635504e-07,
      -1.378244848705771e-06
    ],
    [
      -3.3604795489279146e-06,
      -3.209383363403505e-08,
      9.696201034617062e-06,
      9.259257951419248e-08,
      -1.4037138084556428e-05,
      -1.3405990657715952e-07,
      0.0002306523362731284,
      2.2030368741384527e-06,
      -4.319211352940133e-06,
      -4.125008010708461e-08,
      0.0004042518439881416,
      3.8603491073047045e-06,
      0.00010270229986883291,
      9.808452864635504e-07,
      -0.0016875609018501935,
      -1.6118453227926164e-05
    ],
    [
      3.209383363403505e-08,
      -4.5096980626589946e-08,
      9.259257951419248e-08,
      1.3193835691783343e-07,
      1.3405990657715952e-07,
      -1.88375657412932e-07,
      2.2030368741384527e-06,
      3.138537470344232e-06,
      4.125008010708464e-08,
      -5.79629745902872e-08,
      3.8603491073047045e-06,
      5.500744455109805e-06,
      -9.808452864635504e-07,
      1.3782448487057706e-06,
      -1.6118453227926164e-05,
      -2.2963015287531644e-05
    ],
    [
      -0.017069150526502697,
      -0.0001630163468956245,
      1.4037138084556428e-05,
      -1.3405990657715952e-07,
      -0.1246153238399533,
      -0.0011901198050224208,
      -0.0001025331468515385,
      9.792298120300066e-07,
      -0.12488592798042025,
      -0.001192704213746799,
      0.0001027022998688329,
      -9.808452864635502e-07,
      0.9126923905164372,
      0.008716530651093297,
      0.0007501790038922524,
      -7.1644894117403665e-06
    ],
    [
      -0.0001630163468956245,
      -0.000232263715078684,
      1.3405990657715952e-07,
      1.88375657412932e-07,
      -0.0011901198050224208,
      -0.0016956683360347116,
      -9.792298120300064e-07,
      -1.375974848179718e-06,
      -0.001192704213746799,
      -0.001699350506561179,
      9.808452864635502e-07,
      1.3782448487057701e-06,
      0.008716530651093297,
      0.012419207682084137,
      7.1644894117403665e-06,
      1.006725603070443e-05
    ],
    [
      -1.4037138084556428e-05,
      -1.3405990657715952e-07,
      -0.00023065233627312846,
      -2.203036874138453e-06,
      -0.0001025331468515385,
      -9.792298120300066e-07,
      -0.0016840774482444895,
      -1.608187314577421e-05,
      -0.00010270229986883288,
      -9.808452864635502e-07,
      -0.0016875609018501935,
      -1.611845322792616e-05,
      0.0007501790038922524,
      7.1644894117403665e-06,
      0.01233431511221807,
      0.00011778489830231354
    ],
    [
      1.3405990657715952e-07,
      -1.88375657412932e-07,
      -2.203036874138453e-06,
      -3.1385374703442328e-06,
      9.792298120300064e-07,
      -1.375974848179718e-06,
      -1.608187314577421e-05,
      -2.2915615162111883e-05,
      9.8084528646355e-07,
      -1.3782448487057701e-06,
      -1.611845322792616e-05,
      -2.2963015287531644e-05,
      -7.1644894117403665e-06,
      1.006725603070443e-05,
      0.00011778489830231354,
      0.00016783575998505744
    ]
  ],
  "final_state_imag": [
    [
      0.0,
      0.0,
      0.0,
      0.0,
      0.0,
      0.0,
      0.0,
      0.0,
      0.0,
      0.0,
      0.0,
      0.0,
      0.0,
      0.0,
      0.0,
      0.0
    ],
    [
      0.0,
      0.0,
      0.0,
      0.0,
      0.0,
      0.0,
      0.0,
      0.0,
      0.0,
      0.0,
      0.0,
      0.0,
      0.0,
      0.0,
      0.0,
      0.0
    ],
    [
      0.0,
      0.0,
      0.0,
      0.0,
      0.0,
      0.0,
      0.0,
      0.0,
      0.0,
      0.0,
      0.0,
      0.0,
      0.0,
      0.0,
      0.0,
      0.0
    ],
    [
      0.0,
      0.0,
      0.0,
      0.0,
      0.0,
      0.0,
      0.0,
      0.0,
      0.0,
      0.0,
      0.0,
      0.0,
      0.0,
      0.0,
      0.0,
      0.0
    ],
    [
      0.0,
      0.0,
      0.0,
      0.0,
      0.0,
      0.0,
      0.0,
      0.0,
      0.0,
      0.0,
      0.0,
      0.0,
      0.0,
      0.0,
      0.0,
      0.0
    ],
    [
      0.0,
      0.0,
      0.0,
      0.0,
      0.0,
      0.0,
      0.0,
      0.0,
      0.0,
      0.0,
      0.0,
      0.0,
      0.0,
      0.0,
      0.0,
      0.0
    ],
    [
      0.0,
      0.0,
      0.0,
      0.0,
      0.0,
      0.0,
      0.0,
      0.0,
      0.0,
      0.0,
      0.0,
      0.0,
      0.0,
      0.0,
      0.0,
      0.0
    ],
    [
      0.0,
      0.0,
      0.0,
      0.0,
      0.0,
      0.0,
      0.0,
      0.0,
      0.0,
      0.0,
      0.0,
      0.0,
      0.0,
      0.0,
      0.0,
      0.0
    ],
    [
      0.0,
      0.0,
      0.0,
      0.0,
      0.0,
      0.0,
      0.0,
      0.0,
      0.0,
      0.0,
      0.0,
      0.0,
      0.0,
      0.0,
      0.0,
      0.0
    ],
    [
      0.0,
      0.0,
      0.0,
      0.0,
      0.0,
      0.0,
      0.0,
      0.0,
      0.0,
      0.0,
      0.0,
      0.0,
      0.0,
      0.0,
      0.0,
      0.0
    ],
    [
      0.0,
      0.0,
      0.0,
      0.0,
      0.0,
      0.0,
      0.0,
      0.0,
      0.0,
      0.0,
      0.0,
      0.0,
      0.0,
      0.0,
      0.0,
      0.0
    ],
    [
      0.0,
      0.0,
      0.0,
      0.0,
      0.0,
      0.0,
      0.0,
      0.0,
      0.0,
      0.0,
      0.0,
      0.0,
      0.0,
      0.0,
      0.0,
      0.0
    ],
    [
      0.0,
      0.0,
      0.0,
      0.0,
      0.0,
      0.0,
      0.0,
      0.0,
      0.0,
      0.0,
      0.0,
      0.0,
      0.0,
      0.0,
      0.0,
      0.0
    ],
    [
      0.0,
      0.0,
      0.0,
      0.0,
      0.0,
      0.0,
      0.0,
      0.0,
      0.0,
      0.0,
      0.0,
      0.0,
      0.0,
      0.0,
      0.0,
      0.0
    ],
    [
      0.0,
      0.0,
      0.0,
      0.0,
      0.0,
      0.0,
      0.0,
      0.0,
      0.0,
      0.0,
      0.0,
      0.0,
      0.0,
      0.0,
      0.0,
      0.0
    ],
    [
      0.0,
      0.0,
      0.0,
      0.0,
      0.0,
      0.0,
      0.0,
      0.0,
      0.0,
      0.0,
      0.0,
      0.0,
      0.0,
      0.0,
      0.0,
      0.0
    ]
  ]
}