{
  "config": {
    "symbols": [
      "H",
      "H"
    ],
    "geometry": [
      [
        0.0,
        0.0,
        0.0
      ],
      [
        0.0,
        0.0,
        0.7414
      ]
    ],
    "basis": "STO-3G",
    "ansatz": "RY-CZ",
    "optimizer": {
      "name": "Adam",
      "stepsize": 0.1,
      "iterations_planned": 50
    },
    "seed": 0,
    "noisy": true,
    "depolarizing_prob": 0.1,
    "amplitude_damping_prob": 0.0
  },
  "energies": [
    1.1542409215592133,
    1.1542409215592133,
    1.1472271800050187,
    1.1330345527001582,
    1.1097841542867921,
    1.0771174651954314,
    1.034908916899305,
    0.983511069053807,
    0.9231889227194123,
    0.8543538161432178,
    0.777955199678647,
    0.6947156897432306,
    0.6057797801671828,
    0.5124908268636829,
    0.41600122669222966,
    0.31801915008156495,
    0.21978394237058044,
    0.12296385741148434,
    0.028851178097904343,
    -0.06120640145030509,
    -0.14608452979021316,
    -0.22485985111869985,
    -0.2968084867641248,
    -0.3614488918241331,
    -0.41854783237398785,
    -0.4680340231544993,
    -0.5101058788432471,
    -0.54501956610126,
    -0.5732715577916563,
    -0.5953360809075929,
    -0.611872979675116,
    -0.6234726033520641,
    -0.63085800286637,
    -0.6346549537296681,
    -0.635581707947132,
    -0.6342348706376646,
    -0.6312747950736255,
    -0.6272140276480985,
    -0.6226077086712395,
    -0.6178417322170823,
    -0.6133291938175154,
    -0.6093073121521185,
    -0.6060304526605147,
    -0.6035908025362235,
    -0.602091886425359,
    -0.6015070657508695,
    -0.6018179247034638,
    -0.6029178703629824,
    -0.604708184747595,
    -0.60704223648942,
    -0.609786196359377
  ],
  "final_params": [
    3.4121055984444046,
    3.414321534442217,
    0.003519620512147876,
    -0.0013265661868786679
  ],
  "final_state_real": [
    [
      0.005936744667354862,
      -3.656473859543396e-06,
      -5.653773472448735e-06,
      -3.4821920957509173e-09,
      0.004929729717732298,
      -3.0362504717846935e-06,
      -8.055727871738634e-06,
      -4.961569836001773e-09,
      0.004860678185579707,
      -2.9937185648147163e-06,
      -1.3629182514701289e-05,
      -8.394293095666614e-09,
      -0.011774115574248125,
      7.251749287302338e-06,
      1.9240217299412837e-05,
      1.1850162184076248e-08
    ],
    [
      -3.656473859543396e-06,
      0.00042405578903838493,
      3.4821920957509173e-09,
      -4.0383848766129293e-07,
      -3.0362504717846935e-06,
      0.0003521257090092044,
      4.961569836001773e-09,
      -5.754056077037767e-07,
      -2.9937185648147163e-06,
      0.0003471934264887363,
      8.394293095666614e-09,
      -9.73507071271613e-07,
      7.251749287302338e-06,
      -0.0008410134088336192,
      -1.1850162184076251e-08,
      1.3742928142298296e-06
    ],
    [
      -5.653773472448735e-06,
      3.4821920957509173e-09,
      0.00042407148244997254,
      -2.611654381507694e-07,
      8.055727871738634e-06,
      -4.961569836001773e-09,
      0.0003521083620866356,
      -2.1688438880307308e-07,
      -1.3629182514701289e-05,
      8.394293095666612e-09,
      0.0003472062753861768,
      -2.1382781628242315e-07,
      -1.924021729941283e-05,
      1.1850162184076244e-08,
      -0.0008409719776228074,
      5.180044355843969e-07
    ],
    [
      -3.4821920957509173e-09,
      -4.0383848766129293e-07,
      -2.611654381507694e-07,
      3.029100579107853e-05,
      4.961569836001773e-09,
      5.754056077037767e-07,
      -2.1688438880307308e-07,
      2.51507514097265e-05,
      -8.394293095666614e-09,
      -9.73507071271613e-07,
      -2.1382781628242315e-07,
      2.4800600214050465e-05,
      -1.1850162184076248e-08,
      -1.3742928142298292e-06,
      5.180044355843969e-07,
      -6.006979506647763e-05
    ],
    [
      0.004929729717732298,
      -3.0362504717846935e-06,
      8.055727871738634e-06,
      4.961569836001773e-09,
      0.06586460362128836,
      -4.0566373476481645e-05,
      -0.0001073409476600389,
      -6.611191645962954e-08,
      0.011774115574248126,
      -7.251749287302338e-06,
      1.9240217299412837e-05,
      1.1850162184076248e-08,
      0.09228346435405137,
      -5.6837895847900315e-05,
      -0.00015120756480385385,
      -9.31296221087675e-08
    ],
    [
      -3.0362504717846935e-06,
      0.0003521257090092044,
      -4.961569836001773e-09,
      5.754056077037767e-07,
      -4.0566373476481645e-05,
      0.0047046433733135985,
      6.611191645962954e-08,
      -7.667163564016169e-06,
      -7.251749287302338e-06,
      0.0008410134088336193,
      -1.1850162184076251e-08,
      1.3742928142298296e-06,
      -5.6837895847900315e-05,
      0.006591716417760124,
      9.31296221087675e-08,
      -1.0800474159585984e-05
    ],
    [
      -8.055727871738634e-06,
      4.961569836001773e-09,
      0.0003521083620866356,
      -2.1688438880307308e-07,
      -0.0001073409476600389,
      6.611191645962954e-08,
      0.00470481748225572,
      -2.8974731148484342e-06,
      -1.9240217299412837e-05,
      1.1850162184076248e-08,
      0.0008409719776228074,
      -5.180044355843969e-07,
      -0.00015120756480385382,
      9.312962210876747e-08,
      0.006591960363300987,
      -4.059674577993115e-06
    ],
    [
      -4.961569836001773e-09,
      -5.754056077037767e-07,
      -2.1688438880307308e-07,
      2.51507514097265e-05,
      -6.611191645962954e-08,
      -7.667163564016169e-06,
      -2.8974731148484342e-06,
      0.00033606045088822444,
      -1.1850162184076251e-08,
      -1.3742928142298296e-06,
      -5.180044355843969e-07,
      6.006979506647763e-05,
      -9.31296221087675e-08,
      -1.0800474159585984e-05,
      -4.059674577993115e-06,
      0.00047085719696529253
    ],
    [
      0.004860678185579707,
      -2.9937185648147163e-06,
      -1.3629182514701289e-05,
      -8.394293095666614e-09,
      0.011774115574248125,
      -7.251749287302338e-06,
      -1.9240217299412837e-05,
      -1.1850162184076248e-08,
      0.06608902340212355,
      -4.0704594860113054e-05,
      -6.293893173233802e-05,
      -3.876445557314313e-08,
      0.09305084084492078,
      -5.7310577981406305e-05,
      -0.00015205544624218473,
      -9.36518372376681e-08
    ],
    [
      -2.9937185648147163e-06,
      0.0003471934264887363,
      8.394293095666614e-09,
      -9.73507071271613e-07,
      -7.251749287302338e-06,
      0.0008410134088336192,
      1.1850162184076251e-08,
      -1.3742928142298296e-06,
      -4.0704594860113054e-05,
      0.004720673455887505,
      3.876445557314313e-08,
      -4.495610432512817e-06,
      -5.7310577981406305e-05,
      0.006646529360131473,
      9.36518372376681e-08,
      -1.086103674834908e-05
    ],
    [
      -1.3629182514701289e-05,
      8.394293095666612e-09,
      0.0003472062753861768,
      -2.1382781628242315e-07,
      1.924021729941283e-05,
      -1.1850162184076244e-08,
      0.0008409719776228074,
      -5.180044355843969e-07,
      -6.293893173233802e-05,
      3.876445557314313e-08,
      0.004720848158069216,
      -2.9073456449428824e-06,
      0.00015205544624218473,
      -9.36518372376681e-08,
      0.0066462019292532065,
      -4.093789294709277e-06
    ],
    [
      -8.394293095666614e-09,
      -9.73507071271613e-07,
      -2.1382781628242315e-07,
      2.4800600214050465e-05,
      1.1850162184076248e-08,
      1.3742928142298292e-06,
      -5.180044355843969e-07,
      6.006979506647763e-05,
      -3.876445557314313e-08,
      -4.495610432512817e-06,
      -2.9073456449428824e-06,
      0.00033720550617724344,
      9.36518372376681e-08,
      1.086103674834908e-05,
      -4.093789294709277e-06,
      0.00047473161827484077
    ],
    [
      -0.011774115574248126,
      7.251749287302338e-06,
      -1.9240217299412837e-05,
      -1.1850162184076248e-08,
      0.09228346435405137,
      -5.6837895847900315e-05,
      -0.00015120756480385385,
      -9.31296221087675e-08,
      0.09305084084492078,
      -5.7310577981406305e-05,
      0.00015205544624218473,
      9.36518372376681e-08,
      0.7332178784839636,
      -0.0004515929446601923,
      -0.001194940796581573,
      -7.359710142303351e-07
    ],
    [
      7.251749287302338e-06,
      -0.0008410134088336193,
      1.1850162184076251e-08,
      -1.3742928142298296e-06,
      -5.6837895847900315e-05,
      0.006591716417760124,
      9.31296221087675e-08,
      -1.0800474159585984e-05,
      -5.7310577981406305e-05,
      0.006646529360131473,
      -9.36518372376681e-08,
      1.086103674834908e-05,
      -0.0004515929446601923,
      0.05237302653545005,
      7.359710142303351e-07,
      -8.535239101599129e-05
    ],
    [
      1.9240217299412837e-05,
      -1.1850162184076248e-08,
      -0.0008409719776228074,
      5.180044355843969e-07,
      -0.00015120756480385382,
      9.312962210876747e-08,
      0.006591960363300987,
      -4.059674577993115e-06,
      -0.00015205544624218473,
      9.36518372376681e-08,
      0.0066462019292532065,
      -4.093789294709277e-06,
      -0.001194940796581573,
      7.359710142303351e-07,
      0.05237496475085175,
      -3.2255247483897825e-05
    ],
    [
      1.1850162184076251e-08,
      1.3742928142298296e-06,
      5.180044355843969e-07,
      -6.006979506647763e-05,
      -9.31296221087675e-08,
      -1.0800474159585984e-05,
      -4.059674577993115e-06,
      0.00047085719696529253,
      -9.36518372376681e-08,
      -1.086103674834908e-05,
      -4.093789294709277e-06,
      0.00047473161827484077,
      -7.359710142303351e-07,
      -8.535239101599129e-05,
      -3.2255247483897825e-05,
      0.0037410918352962863
    ]
  ],
  "final_state_imag": [
    [
      0.0,
      0.0,
      0.0,
      0.0,
      0.0,
      0.0,
      0.0,
      0.0,
      0.0,
      0.0,
      0.0,
      0.0,
      0.0,
      0.0,
      0.0,
      0.0
    ],
    [
      0.0,
      0.0,
      0.0,
      0.0,
      0.0,
      0.0,
      0.0,
      0.0,
      0.0,
      0.0,
      0.0,
      0.0,
      0.0,
      0.0,
      0.0,
      0.0
    ],
    [
      0.0,
      0.0,
      0.0,
      0.0,
      0.0,
      0.0,
      0.0,
      0.0,
      0.0,
      0.0,
      0.0,
      0.0,
      0.0,
      0.0,
      0.0,
      0.0
    ],
    [
      0.0,
      0.0,
      0.0,
      0.0,
      0.0,
      0.0,
      0.0,
      0.0,
      0.0,
      0.0,
      0.0,
      0.0,
      0.0,
      0.0,
      0.0,
      0.0
    ],
    [
      0.0,
      0.0,
      0.0,
      0.0,
      0.0,
      0.0,
      0.0,
      0.0,
      0.0,
      0.0,
      0.0,
      0.0,
      0.0,
      0.0,
      0.0,
      0.0
    ],
    [
      0.0,
      0.0,
      0.0,
      0.0,
      0.0,
      0.0,
      0.0,
      0.0,
      0.0,
      0.0,
      0.0,
      0.0,
      0.0,
      0.0,
      0.0,
      0.0
    ],
    [
      0.0,
      0.0,
      0.0,
      0.0,
      0.0,
      0.0,
      0.0,
      0.0,
      0.0,
      0.0,
      0.0,
      0.0,
      0.0,
      0.0,
      0.0,
      0.0
    ],
    [
      0.0,
      0.0,
      0.0,
      0.0,
      0.0,
      0.0,
      0.0,
      0.0,
      0.0,
      0.0,
      0.0,
      0.0,
      0.0,
      0.0,
      0.0,
      0.0
    ],
    [
      0.0,
      0.0,
      0.0,
      0.0,
      0.0,
      0.0,
      0.0,
      0.0,
      0.0,
      0.0,
      0.0,
      0.0,
      0.0,
      0.0,
      0.0,
      0.0
    ],
    [
      0.0,
      0.0,
      0.0,
      0.0,
      0.0,
      0.0,
      0.0,
      0.0,
      0.0,
      0.0,
      0.0,
      0.0,
      0.0,
      0.0,
      0.0,
      0.0
    ],
    [
      0.0,
      0.0,
      0.0,
      0.0,
      0.0,
      0.0,
      0.0,
      0.0,
      0.0,
      0.0,
      0.0,
      0.0,
      0.0,
      0.0,
      0.0,
      0.0
    ],
    [
      0.0,
      0.0,
      0.0,
      0.0,
      0.0,
      0.0,
      0.0,
      0.0,
      0.0,
      0.0,
      0.0,
      0.0,
      0.0,
      0.0,
      0.0,
      0.0
    ],
    [
      0.0,
      0.0,
      0.0,
      0.0,
      0.0,
      0.0,
      0.0,
      0.0,
      0.0,
      0.0,
      0.0,
      0.0,
      0.0,
      0.0,
      0.0,
      0.0
    ],
    [
      0.0,
      0.0,
      0.0,
      0.0,
      0.0,
      0.0,
      0.0,
      0.0,
      0.0,
      0.0,
      0.0,
      0.0,
      0.0,
      0.0,
      0.0,
      0.0
    ],
    [
      0.0,
      0.0,
      0.0,
      0.0,
      0.0,
      0.0,
      0.0,
      0.0,
      0.0,
      0.0,
      0.0,
      0.0,
      0.0,
      0.0,
      0.0,
      0.0
    ],
    [
      0.0,
      0.0,
      0.0,
      0.0,
      0.0,
      0.0,
      0.0,
      0.0,
      0.0,
      0.0,
      0.0,
      0.0,
      0.0,
      0.0,
      0.0,
      0.0
    ]
  ]
}