{
  "config": {
    "symbols": [
      "H",
      "H"
    ],
    "geometry": [
      [
        0.0,
        0.0,
        0.0
      ],
      [
        0.0,
        0.0,
        0.7414
      ]
    ],
    "basis": "STO-3G",
    "ansatz": "RY-CZ",
    "optimizer": {
      "name": "Adam",
      "stepsize": 0.2,
      "iterations_planned": 50
    },
    "seed": 0,
    "noisy": true,
    "depolarizing_prob": 0.08,
    "amplitude_damping_prob": 0.0
  },
  "energies": [
    1.190222030165056,
    1.190222030165056,
    1.1633922197082647,
    1.1093485236552858,
    1.0207141467447824,
    0.8979153844890262,
    0.7470732137873355,
    0.5744719589123127,
    0.38754141345471294,
    0.1972675850326892,
    0.010549625284877018,
    -0.16132880013682113,
    -0.31395733196574227,
    -0.44045437718404956,
    -0.5399022744003673,
    -0.6117460933910026,
    -0.6573602725622537,
    -0.6808035006308399,
    -0.6844635253661238,
    -0.6741053344664022,
    -0.6534315547247818,
    -0.6275339374957004,
    -0.6011589602953311,
    -0.5773503546383206,
    -0.5595582754056634,
    -0.5489742880655821,
    -0.5460152824404757,
    -0.5506298026234129,
    -0.561211044805838,
    -0.5764644604864531,
    -0.5946311904712166,
    -0.6136955795010441,
    -0.6324010919682992,
    -0.6491727493709213,
    -0.6631590855278717,
    -0.6738588283012982,
    -0.6808924519693649,
    -0.6846332686832124,
    -0.6853188638386823,
    -0.6837008973578625,
    -0.6805150644628801,
    -0.6764958395538736,
    -0.6724895161903068,
    -0.6689873201266323,
    -0.6665479319026255,
    -0.6653359453008995,
    -0.6654491277995156,
    -0.666764795737109,
    -0.6690100933645197,
    -0.6719036746110965,
    -0.675031963225064
  ],
  "final_params": [
    2.989881738805685,
    2.991976090621488,
    -0.0021562055897014175,
    0.0005076073577616599
  ],
  "final_state_real": [
    [
      0.0030557862613200793,
      7.318756392483866e-07,
      2.545116894766138e-06,
      -6.095679319475999e-10,
      -0.002839578441355543,
      -6.800929952507097e-07,
      -2.888887898813455e-06,
      6.91902767110418e-10,
      -0.002888532780942687,
      -6.918176190206097e-07,
      -3.5896000766341953e-06,
      8.597267574359917e-10,
      -0.004027805137208853,
      -9.64679129886231e-07,
      -4.097748225650938e-06,
      9.814307219792783e-10
    ],
    [
      7.318756392483866e-07,
      0.00017215716868650152,
      6.095679319475999e-10,
      1.43386703884144e-07,
      -6.800929952507097e-07,
      -0.00015997643255186888,
      -6.919027671104181e-10,
      -1.6275406231968526e-07,
      -6.918176190206097e-07,
      -0.0001627344266579748,
      -8.597267574359917e-10,
      -2.0223075973810708e-07,
      -9.64679129886231e-07,
      -0.000226918857912291,
      -9.814307219792783e-10,
      -2.3085879184231992e-07
    ],
    [
      2.545116894766138e-06,
      6.095679319475999e-10,
      0.00017216051295572158,
      4.123158241629495e-08,
      2.888887898813455e-06,
      6.91902767110418e-10,
      -0.00015997296023204606,
      -3.8315886291528545e-08,
      -3.5896000766341953e-06,
      -8.597267574359921e-10,
      -0.00016273758788406986,
      -3.897483895622928e-08,
      4.097748225650937e-06,
      9.81430721979278e-10,
      -0.00022691393259400544,
      -5.4349237687568915e-08
    ],
    [
      -6.095679319475999e-10,
      1.43386703884144e-07,
      4.123158241629495e-08,
      9.699194883240648e-06,
      -6.919027671104181e-10,
      1.6275406231968526e-07,
      -3.8315886291528545e-08,
      -9.012571411997266e-06,
      8.597267574359921e-10,
      -2.0223075973810708e-07,
      -3.897483895622928e-08,
      -9.168325260055742e-06,
      -9.81430721979278e-10,
      2.3085879184231987e-07,
      -5.4349237687568915e-08,
      -1.2783898096991863e-05
    ],
    [
      -0.002839578441355543,
      -6.800929952507097e-07,
      2.888887898813455e-06,
      -6.91902767110418e-10,
      0.04933808167999949,
      1.1816709998964308e-05,
      5.0163074385535635e-05,
      -1.201430141625549e-08,
      0.004027805137208853,
      9.64679129886231e-07,
      -4.097748225650938e-06,
      9.814307219792783e-10,
      -0.05693164233574436,
      -1.3635404627394847e-05,
      -5.795692716512265e-05,
      1.3880967238374225e-08
    ],
    [
      -6.800929952507097e-07,
      -0.00015997643255186888,
      6.919027671104181e-10,
      1.6275406231968526e-07,
      1.1816709998964308e-05,
      0.0027796134035836502,
      1.201430141625549e-08,
      2.8260854767136356e-06,
      9.64679129886231e-07,
      0.000226918857912291,
      -9.814307219792783e-10,
      -2.3085879184231992e-07,
      -1.3635404627394847e-05,
      -0.0032074201253068867,
      -1.3880967238374225e-08,
      -3.2651752736975736e-06
    ],
    [
      -2.888887898813455e-06,
      -6.91902767110418e-10,
      -0.00015997296023204606,
      -3.8315886291528545e-08,
      5.0163074385535635e-05,
      1.201430141625549e-08,
      0.002779667399450451,
      6.657164497401701e-07,
      4.097748225650937e-06,
      9.81430721979278e-10,
      0.00022691393259400544,
      5.4349237687568915e-08,
      -5.795692716512265e-05,
      -1.3880967238374229e-08,
      -0.003207482431608057,
      -7.681760117761692e-07
    ],
    [
      6.919027671104181e-10,
      -1.6275406231968526e-07,
      -3.8315886291528545e-08,
      -9.012571411997266e-06,
      -1.201430141625549e-08,
      2.8260854767136356e-06,
      6.657164497401701e-07,
      0.00015660115873838453,
      -9.81430721979278e-10,
      2.3085879184231987e-07,
      5.4349237687568915e-08,
      1.2783898096991863e-05,
      1.3880967238374229e-08,
      -3.2651752736975736e-06,
      -7.681760117761692e-07,
      -0.0001807034415420127
    ],
    [
      -0.002888532780942687,
      -6.918176190206097e-07,
      -3.5896000766341953e-06,
      8.597267574359917e-10,
      0.004027805137208853,
      9.64679129886231e-07,
      4.097748225650938e-06,
      -9.814307219792783e-10,
      0.0492122496461104,
      1.1786572616187826e-05,
      4.098811804646862e-05,
      -9.816854543455374e-09,
      -0.056142236705772695,
      -1.3446341670024866e-05,
      -5.711715016198059e-05,
      1.367983654290198e-08
    ],
    [
      -6.918176190206097e-07,
      -0.0001627344266579748,
      -8.597267574359917e-10,
      -2.0223075973810708e-07,
      9.64679129886231e-07,
      0.000226918857912291,
      9.814307219792783e-10,
      2.3085879184231992e-07,
      1.1786572616187826e-05,
      0.002772524266833931,
      9.816854543455374e-09,
      2.3091871171745807e-06,
      -1.3446341670024866e-05,
      -0.003162946517999551,
      -1.3679836542901984e-08,
      -3.2178639471624875e-06
    ],
    [
      -3.5896000766341953e-06,
      -8.597267574359921e-10,
      -0.00016273758788406986,
      -3.897483895622928e-08,
      -4.097748225650937e-06,
      -9.81430721979278e-10,
      0.00022691393259400544,
      5.4349237687568915e-08,
      4.098811804646862e-05,
      9.816854543455374e-09,
      0.002772578124989465,
      6.640186039380664e-07,
      5.711715016198059e-05,
      1.367983654290198e-08,
      -0.0031628778656254616,
      -7.575559549408209e-07
    ],
    [
      8.597267574359921e-10,
      -2.0223075973810708e-07,
      -3.897483895622928e-08,
      -9.168325260055742e-06,
      9.81430721979278e-10,
      -2.3085879184231987e-07,
      5.4349237687568915e-08,
      1.2783898096991863e-05,
      -9.816854543455374e-09,
      2.3091871171745807e-06,
      6.640186039380664e-07,
      0.000156201762538888,
      -1.3679836542901984e-08,
      3.2178639471624875e-06,
      -7.575559549408209e-07,
      -0.00017819050538307575
    ],
    [
      -0.004027805137208853,
      -9.64679129886231e-07,
      4.097748225650938e-06,
      -9.814307219792783e-10,
      -0.05693164233574436,
      -1.3635404627394847e-05,
      -5.795692716512265e-05,
      1.3880967238374225e-08,
      -0.056142236705772695,
      -1.3446341670024866e-05,
      5.711715016198059e-05,
      -1.367983654290198e-08,
      0.7945706227658161,
      0.00019030352018583412,
      0.000807856809530569,
      -1.9348565313758767e-07
    ],
    [
      -9.64679129886231e-07,
      -0.000226918857912291,
      9.814307219792783e-10,
      2.3085879184231992e-07,
      -1.3635404627394847e-05,
      -0.0032074201253068867,
      -1.3880967238374225e-08,
      -3.2651752736975736e-06,
      -1.3446341670024866e-05,
      -0.003162946517999551,
      1.3679836542901984e-08,
      3.2178639471624875e-06,
      0.00019030352018583412,
      0.04476459314852093,
      1.9348565313758767e-07,
      4.551300781789545e-05
    ],
    [
      -4.097748225650937e-06,
      -9.81430721979278e-10,
      -0.00022691393259400544,
      -5.4349237687568915e-08,
      -5.795692716512265e-05,
      -1.3880967238374229e-08,
      -0.003207482431608057,
      -7.681760117761692e-07,
      -5.711715016198059e-05,
      -1.367983654290198e-08,
      -0.0031628778656254616,
      -7.575559549408209e-07,
      0.000807856809530569,
      1.9348565313758767e-07,
      0.0447654627309621,
      1.072110459191045e-05
    ],
    [
      9.81430721979278e-10,
      -2.3085879184231987e-07,
      -5.4349237687568915e-08,
      -1.2783898096991863e-05,
      1.3880967238374229e-08,
      -3.2651752736975736e-06,
      -7.681760117761692e-07,
      -0.0001807034415420127,
      1.3679836542901984e-08,
      -3.2178639471624875e-06,
      -7.575559549408209e-07,
      -0.00017819050538307575,
      -1.9348565313758767e-07,
      4.551300781789545e-05,
      1.072110459191045e-05,
      0.002522000774810178
    ]
  ],
  "final_state_imag": [
    [
      0.0,
      0.0,
      0.0,
      0.0,
      0.0,
      0.0,
      0.0,
      0.0,
      0.0,
      0.0,
      0.0,
      0.0,
      0.0,
      0.0,
      0.0,
      0.0
    ],
    [
      0.0,
      0.0,
      0.0,
      0.0,
      0.0,
      0.0,
      0.0,
      0.0,
      0.0,
      0.0,
      0.0,
      0.0,
      0.0,
      0.0,
      0.0,
      0.0
    ],
    [
      0.0,
      0.0,
      0.0,
      0.0,
      0.0,
      0.0,
      0.0,
      0.0,
      0.0,
      0.0,
      0.0,
      0.0,
      0.0,
      0.0,
      0.0,
      0.0
    ],
    [
      0.0,
      0.0,
      0.0,
      0.0,
      0.0,
      0.0,
      0.0,
      0.0,
      0.0,
      0.0,
      0.0,
      0.0,
      0.0,
      0.0,
      0.0,
      0.0
    ],
    [
      0.0,
      0.0,
      0.0,
      0.0,
      0.0,
      0.0,
      0.0,
      0.0,
      0.0,
      0.0,
      0.0,
      0.0,
      0.0,
      0.0,
      0.0,
      0.0
    ],
    [
      0.0,
      0.0,
      0.0,
      0.0,
      0.0,
      0.0,
      0.0,
      0.0,
      0.0,
      0.0,
      0.0,
      0.0,
      0.0,
      0.0,
      0.0,
      0.0
    ],
    [
      0.0,
      0.0,
      0.0,
      0.0,
      0.0,
      0.0,
      0.0,
      0.0,
      0.0,
      0.0,
      0.0,
      0.0,
      0.0,
      0.0,
      0.0,
      0.0
    ],
    [
      0.0,
      0.0,
      0.0,
      0.0,
      0.0,
      0.0,
      0.0,
      0.0,
      0.0,
      0.0,
      0.0,
      0.0,
      0.0,
      0.0,
      0.0,
      0.0
    ],
    [
      0.0,
      0.0,
      0.0,
      0.0,
      0.0,
      0.0,
      0.0,
      0.0,
      0.0,
      0.0,
      0.0,
      0.0,
      0.0,
      0.0,
      0.0,
      0.0
    ],
    [
      0.0,
      0.0,
      0.0,
      0.0,
      0.0,
      0.0,
      0.0,
      0.0,
      0.0,
      0.0,
      0.0,
      0.0,
      0.0,
      0.0,
      0.0,
      0.0
    ],
    [
      0.0,
      0.0,
      0.0,
      0.0,
      0.0,
      0.0,
      0.0,
      0.0,
      0.0,
      0.0,
      0.0,
      0.0,
      0.0,
      0.0,
      0.0,
      0.0
    ],
    [
      0.0,
      0.0,
      0.0,
      0.0,
      0.0,
      0.0,
      0.0,
      0.0,
      0.0,
      0.0,
      0.0,
      0.0,
      0.0,
      0.0,
      0.0,
      0.0
    ],
    [
      0.0,
      0.0,
      0.0,
      0.0,
      0.0,
      0.0,
      0.0,
      0.0,
      0.0,
      0.0,
      0.0,
      0.0,
      0.0,
      0.0,
      0.0,
      0.0
    ],
    [
      0.0,
      0.0,
      0.0,
      0.0,
      0.0,
      0.0,
      0.0,
      0.0,
      0.0,
      0.0,
      0.0,
      0.0,
      0.0,
      0.0,
      0.0,
      0.0
    ],
    [
      0.0,
      0.0,
      0.0,
      0.0,
      0.0,
      0.0,
      0.0,
      0.0,
      0.0,
      0.0,
      0.0,
      0.0,
      0.0,
      0.0,
      0.0,
      0.0
    ],
    [
      0.0,
      0.0,
      0.0,
      0.0,
      0.0,
      0.0,
      0.0,
      0.0,
      0.0,
      0.0,
      0.0,
      0.0,
      0.0,
      0.0,
      0.0,
      0.0
    ]
  ]
}