{
  "config": {
    "symbols": [
      "H",
      "H"
    ],
    "geometry": [
      [
        0.0,
        0.0,
        0.0
      ],
      [
        0.0,
        0.0,
        0.7414
      ]
    ],
    "basis": "STO-3G",
    "ansatz": "RY-CZ",
    "optimizer": {
      "name": "Adam",
      "stepsize": 0.1,
      "iterations_planned": 50
    },
    "seed": 0,
    "noisy": true,
    "depolarizing_prob": 0.04,
    "amplitude_damping_prob": 0.0
  },
  "energies": [
    1.266538879615251,
    1.266538879615251,
    1.2580113636403392,
    1.2413286068078684,
    1.2143615562255312,
    1.1777209656389651,
    1.130853504229919,
    1.0724753854837878,
    1.002715650513039,
    0.9222546951258837,
    0.8323104502385508,
    0.7347108935618686,
    0.6318053745718013,
    0.5256404119911867,
    0.41639049880626194,
    0.3039162644098627,
    0.18990335300856487,
    0.07711106803110745,
    -0.03152343183606701,
    -0.13381762836303235,
    -0.22939802829550765,
    -0.31884149724561983,
    -0.4016215358069283,
    -0.47620701830873474,
    -0.5412169030154477,
    -0.59646762011101,
    -0.6432057084331011,
    -0.6827372682209256,
    -0.7153268555092787,
    -0.7407154770977301,
    -0.7591020082362259,
    -0.7716232473570814,
    -0.7797844206645925,
    -0.7844996666478672,
    -0.7860347584962943,
    -0.784647477358347,
    -0.7810742449759284,
    -0.7763795448277537,
    -0.7713715367521164,
    -0.7663487008674594,
    -0.7613925428065024,
    -0.756746917149693,
    -0.7528634257511327,
    -0.7501050658958347,
    -0.7485104613206157,
    -0.747895123517542,
    -0.7481143147908402,
    -0.7491730062039144,
    -0.7510903471220771,
    -0.7537296904961118,
    -0.7568211926846249
  ],
  "final_params": [
    3.413601132859292,
    3.4156843946123785,
    0.00321504092658873,
    0.010241753715808873
  ],
  "final_state_real": [
    [
      0.0018509811563722776,
      9.219030277038737e-06,
      -5.22349659569904e-07,
      2.6016282832758234e-09,
      0.001005367592696932,
      5.007353461966526e-06,
      -1.571870130788891e-06,
      7.828897205109737e-09,
      0.0009640758952947434,
      4.8016938678644784e-06,
      -8.350939585808659e-06,
      4.159290662935714e-08,
      -0.015434881005963826,
      -7.687526970401628e-05,
      2.4132097157093245e-05,
      -1.2019294996831888e-07
    ],
    [
      9.219030277038737e-06,
      5.076031586450208e-05,
      -2.601628283275825e-09,
      -1.4297261836318281e-08,
      5.007353461966524e-06,
      2.7570662396827993e-05,
      -7.82889720510974e-09,
      -4.302374553298451e-08,
      4.801693867864477e-06,
      2.6438301002709618e-05,
      -4.159290662935714e-08,
      -2.2857403589750689e-07,
      -7.68752697040163e-05,
      -0.0004232779099325149,
      1.2019294996831885e-07,
      6.605209851166009e-07
    ],
    [
      -5.22349659569904e-07,
      -2.6016282832758234e-09,
      5.071659208219682e-05,
      2.525523667136829e-07,
      1.5718701307888918e-06,
      7.82889720510974e-09,
      2.7541721561023716e-05,
      1.3720069600257752e-07,
      -8.350939585808657e-06,
      -4.159290662935713e-08,
      2.641552765116766e-05,
      1.3154085778241734e-07,
      -2.4132097157093242e-05,
      -1.2019294996831885e-07,
      -0.0004228335964693628,
      -2.106370279008557e-06
    ],
    [
      2.601628283275825e-09,
      -1.4297261836318281e-08,
      2.525523667136829e-07,
      1.39082465793922e-06,
      -7.828897205109743e-09,
      4.3023745532984534e-08,
      1.3720069600257746e-07,
      7.552894210061604e-07,
      4.159290662935713e-08,
      -2.2857403589750683e-07,
      1.315408577824173e-07,
      7.244052824009834e-07,
      1.2019294996831885e-07,
      -6.605209851166008e-07,
      -2.106370279008557e-06,
      -1.1595562083934845e-05
    ],
    [
      0.0010053675926969324,
      5.0073534619665274e-06,
      1.5718701307888918e-06,
      -7.82889720510974e-09,
      0.03989841381190642,
      0.00019871876257167423,
      -6.231530825594088e-05,
      3.1036924303386316e-07,
      0.015434881005963826,
      7.687526970401628e-05,
      2.4132097157093245e-05,
      -1.2019294996831888e-07,
      0.1150123973410463,
      0.0005728328295896831,
      -0.0001800068261990516,
      8.965466745163945e-07
    ],
    [
      5.0073534619665274e-06,
      2.7570662396828e-05,
      7.828897205109743e-09,
      4.3023745532984534e-08,
      0.00019871876257167423,
      0.0010941527311678655,
      -3.1036924303386316e-07,
      -1.7056357982116042e-06,
      7.68752697040163e-05,
      0.0004232779099325149,
      1.2019294996831885e-07,
      6.605209851166009e-07,
      0.0005728328295896831,
      0.0031540383851379142,
      -8.965466745163945e-07,
      -4.926976938420044e-06
    ],
    [
      -1.5718701307888924e-06,
      -7.828897205109747e-09,
      2.754172156102373e-05,
      1.3720069600257757e-07,
      -6.231530825594088e-05,
      -3.1036924303386316e-07,
      0.0010932102528752958,
      5.44383653049585e-06,
      -2.4132097157093242e-05,
      -1.2019294996831885e-07,
      0.0004228335964693628,
      2.106370279008557e-06,
      -0.00018000682619905158,
      -8.965466745163943e-07,
      0.003151321568164152,
      1.5692570964268505e-05
    ],
    [
      7.828897205109747e-09,
      -4.302374553298455e-08,
      1.3720069600257757e-07,
      7.552894210061608e-07,
      3.1036924303386316e-07,
      -1.7056357982116042e-06,
      5.44383653049585e-06,
      2.997961246186855e-05,
      1.2019294996831885e-07,
      -6.605209851166008e-07,
      2.106370279008557e-06,
      1.1595562083934845e-05,
      8.965466745163943e-07,
      -4.926976938420044e-06,
      1.5692570964268505e-05,
      8.64201548675615e-05
    ],
    [
      0.0009640758952947434,
      4.8016938678644784e-06,
      -8.350939585808659e-06,
      4.159290662935714e-08,
      0.015434881005963826,
      7.687526970401628e-05,
      -2.4132097157093245e-05,
      1.2019294996831888e-07,
      0.040150328904880725,
      0.00019997345544705967,
      -1.1330483059151161e-05,
      5.64328982508322e-08,
      0.11590524989450555,
      0.0005772799506720341,
      -0.00018121531033447183,
      9.025656819934703e-07
    ],
    [
      4.801693867864477e-06,
      2.6438301002709618e-05,
      -4.159290662935714e-08,
      -2.2857403589750689e-07,
      7.68752697040163e-05,
      0.0004232779099325149,
      -1.2019294996831885e-07,
      -6.605209851166009e-07,
      0.00019997345544705967,
      0.0011010611157542718,
      -5.643289825083221e-08,
      -3.1012728746111795e-07,
      0.0005772799506720341,
      0.00317852349536067,
      -9.025656819934703e-07,
      -4.960054425487551e-06
    ],
    [
      -8.350939585808657e-06,
      -4.159290662935713e-08,
      2.641552765116766e-05,
      1.3154085778241734e-07,
      2.4132097157093242e-05,
      1.2019294996831885e-07,
      0.0004228335964693628,
      2.106370279008557e-06,
      -1.1330483059151161e-05,
      -5.64328982508322e-08,
      0.001100112686736246,
      5.478208437915073e-06,
      0.00018121531033447183,
      9.025656819934703e-07,
      0.0031751870094520163,
      1.5817379704094516e-05
    ],
    [
      4.159290662935713e-08,
      -2.2857403589750683e-07,
      1.315408577824173e-07,
      7.244052824009834e-07,
      -1.2019294996831885e-07,
      6.605209851166008e-07,
      2.106370279008557e-06,
      1.1595562083934845e-05,
      5.643289825083221e-08,
      -3.1012728746111795e-07,
      5.478208437915073e-06,
      3.016890111119351e-05,
      -9.025656819934703e-07,
      4.960054425487551e-06,
      1.5817379704094516e-05,
      8.70746279473372e-05
    ],
    [
      -0.015434881005963826,
      -7.687526970401628e-05,
      -2.4132097157093245e-05,
      1.2019294996831888e-07,
      0.1150123973410463,
      0.0005728328295896831,
      -0.0001800068261990516,
      8.965466745163945e-07,
      0.11590524989450555,
      0.0005772799506720341,
      0.00018121531033447183,
      -9.025656819934703e-07,
      0.8654515103064016,
      0.004310483469459438,
      -0.001351704804595993,
      6.732336062346253e-06
    ],
    [
      -7.68752697040163e-05,
      -0.0004232779099325149,
      -1.2019294996831885e-07,
      -6.605209851166009e-07,
      0.0005728328295896831,
      0.0031540383851379142,
      -8.965466745163945e-07,
      -4.926976938420044e-06,
      0.0005772799506720341,
      0.00317852349536067,
      9.025656819934703e-07,
      4.960054425487551e-06,
      0.004310483469459438,
      0.023733678691069172,
      -6.732336062346253e-06,
      -3.699758803830918e-05
    ],
    [
      2.4132097157093242e-05,
      1.2019294996831885e-07,
      -0.0004228335964693628,
      -2.106370279008557e-06,
      -0.00018000682619905158,
      -8.965466745163943e-07,
      0.003151321568164152,
      1.5692570964268505e-05,
      -0.00018121531033447183,
      -9.025656819934703e-07,
      0.0031751870094520163,
      1.5817379704094516e-05,
      -0.001351704804595993,
      -6.732336062346253e-06,
      0.02371323503971047,
      0.00011808430704512955
    ],
    [
      -1.2019294996831885e-07,
      6.605209851166008e-07,
      -2.106370279008557e-06,
      -1.1595562083934845e-05,
      8.965466745163943e-07,
      -4.926976938420044e-06,
      1.5692570964268505e-05,
      8.64201548675615e-05,
      9.025656819934703e-07,
      -4.960054425487551e-06,
      1.5817379704094516e-05,
      8.70746279473372e-05,
      6.732336062346253e-06,
      -3.699758803830918e-05,
      0.00011808430704512955,
      0.0006502990571465278
    ]
  ],
  "final_state_imag": [
    [
      0.0,
      0.0,
      0.0,
      0.0,
      0.0,
      0.0,
      0.0,
      0.0,
      0.0,
      0.0,
      0.0,
      0.0,
      0.0,
      0.0,
      0.0,
      0.0
    ],
    [
      0.0,
      0.0,
      0.0,
      0.0,
      0.0,
      0.0,
      0.0,
      0.0,
      0.0,
      0.0,
      0.0,
      0.0,
      0.0,
      0.0,
      0.0,
      0.0
    ],
    [
      0.0,
      0.0,
      0.0,
      0.0,
      0.0,
      0.0,
      0.0,
      0.0,
      0.0,
      0.0,
      0.0,
      0.0,
      0.0,
      0.0,
      0.0,
      0.0
    ],
    [
      0.0,
      0.0,
      0.0,
      0.0,
      0.0,
      0.0,
      0.0,
      0.0,
      0.0,
      0.0,
      0.0,
      0.0,
      0.0,
      0.0,
      0.0,
      0.0
    ],
    [
      0.0,
      0.0,
      0.0,
      0.0,
      0.0,
      0.0,
      0.0,
      0.0,
      0.0,
      0.0,
      0.0,
      0.0,
      0.0,
      0.0,
      0.0,
      0.0
    ],
    [
      0.0,
      0.0,
      0.0,
      0.0,
      0.0,
      0.0,
      0.0,
      0.0,
      0.0,
      0.0,
      0.0,
      0.0,
      0.0,
      0.0,
      0.0,
      0.0
    ],
    [
      0.0,
      0.0,
      0.0,
      0.0,
      0.0,
      0.0,
      0.0,
      0.0,
      0.0,
      0.0,
      0.0,
      0.0,
      0.0,
      0.0,
      0.0,
      0.0
    ],
    [
      0.0,
      0.0,
      0.0,
      0.0,
      0.0,
      0.0,
      0.0,
      0.0,
      0.0,
      0.0,
      0.0,
      0.0,
      0.0,
      0.0,
      0.0,
      0.0
    ],
    [
      0.0,
      0.0,
      0.0,
      0.0,
      0.0,
      0.0,
      0.0,
      0.0,
      0.0,
      0.0,
      0.0,
      0.0,
      0.0,
      0.0,
      0.0,
      0.0
    ],
    [
      0.0,
      0.0,
      0.0,
      0.0,
      0.0,
      0.0,
      0.0,
      0.0,
      0.0,
      0.0,
      0.0,
      0.0,
      0.0,
      0.0,
      0.0,
      0.0
    ],
    [
      0.0,
      0.0,
      0.0,
      0.0,
      0.0,
      0.0,
      0.0,
      0.0,
      0.0,
      0.0,
      0.0,
      0.0,
      0.0,
      0.0,
      0.0,
      0.0
    ],
    [
      0.0,
      0.0,
      0.0,
      0.0,
      0.0,
      0.0,
      0.0,
      0.0,
      0.0,
      0.0,
      0.0,
      0.0,
      0.0,
      0.0,
      0.0,
      0.0
    ],
    [
      0.0,
      0.0,
      0.0,
      0.0,
      0.0,
      0.0,
      0.0,
      0.0,
      0.0,
      0.0,
      0.0,
      0.0,
      0.0,
      0.0,
      0.0,
      0.0
    ],
    [
      0.0,
      0.0,
      0.0,
      0.0,
      0.0,
      0.0,
      0.0,
      0.0,
      0.0,
      0.0,
      0.0,
      0.0,
      0.0,
      0.0,
      0.0,
      0.0
    ],
    [
      0.0,
      0.0,
      0.0,
      0.0,
      0.0,
      0.0,
      0.0,
      0.0,
      0.0,
      0.0,
      0.0,
      0.0,
      0.0,
      0.0,
      0.0,
      0.0
    ],
    [
      0.0,
      0.0,
      0.0,
      0.0,
      0.0,
      0.0,
      0.0,
      0.0,
      0.0,
      0.0,
      0.0,
      0.0,
      0.0,
      0.0,
      0.0,
      0.0
    ]
  ]
}