{
  "config": {
    "symbols": [
      "H",
      "H"
    ],
    "geometry": [
      [
        0.0,
        0.0,
        0.0
      ],
      [
        0.0,
        0.0,
        0.7414
      ]
    ],
    "basis": "STO-3G",
    "ansatz": "RY-CZ",
    "optimizer": {
      "name": "Adam",
      "stepsize": 0.2,
      "iterations_planned": 50
    },
    "seed": 2,
    "noisy": true,
    "depolarizing_prob": 0.08,
    "amplitude_damping_prob": 0.0
  },
  "energies": [
    1.1903174626730548,
    1.1903174626730548,
    1.1654571035341201,
    1.1151606595035966,
    1.0298994259638499,
    0.9105983506332782,
    0.7625050002880194,
    0.5918927448932736,
    0.4062765974370145,
    0.21588410734542213,
    0.02856927761517608,
    -0.1451528872572928,
    -0.3000235627004133,
    -0.42908151574168873,
    -0.53156708230791,
    -0.6057646733573802,
    -0.6541931264417847,
    -0.6794263120906923,
    -0.6849021917773319,
    -0.6757288584323665,
    -0.6555964803027524,
    -0.6301743463804848,
    -0.6034052113368861,
    -0.5792604063681178,
    -0.560740615310572,
    -0.5493491689486734,
    -0.5456880265151419,
    -0.5496069655079459,
    -0.5596632153316927,
    -0.5746172342144648,
    -0.5925697345957801,
    -0.6116967696445005,
    -0.6305162915851223,
    -0.6475741236256637,
    -0.661885407598239,
    -0.6729475129091262,
    -0.680352000388898,
    -0.6844081428471781,
    -0.6853701515210058,
    -0.6839443592849807,
    -0.6808667339740293,
    -0.6768964687999545,
    -0.6728387895631037,
    -0.6692721155120046,
    -0.6666943103099077,
    -0.665364659830681,
    -0.6653424332030277,
    -0.6665515741455937,
    -0.6687260292610474,
    -0.6715683332302596,
    -0.6747042483779259
  ],
  "final_params": [
    -2.987489585730681,
    -2.988072358383504,
    -0.0021111940320620204,
    -0.00462635850025437
  ],
  "final_state_real": [
    [
      0.0030781097158120896,
      -6.719089511174911e-06,
      2.4834857859207155e-06,
      5.421111328584464e-09,
      0.002901926344277401,
      -6.334507070371576e-06,
      2.8906860040762823e-06,
      6.3099739619684605e-09,
      0.0029155983368093106,
      -6.364349556164549e-06,
      3.585742271149988e-06,
      7.8271871567442e-09,
      -0.004196701373077369,
      9.160823317387225e-06,
      -4.180445842936533e-06,
      -9.125344081353467e-09
    ],
    [
      -6.719089511174911e-06,
      0.0001734310499980434,
      -5.421111328584464e-09,
      1.3990144565973446e-07,
      -6.334507070371576e-06,
      0.00016350428651703625,
      -6.3099739619684605e-09,
      1.6284013108160532e-07,
      -6.364349556164549e-06,
      0.00016427461254154226,
      -7.8271871567442e-09,
      2.0199452331921577e-07,
      9.160823317387225e-06,
      -0.00023645626467509284,
      9.125344081353467e-09,
      -2.3549577784767687e-07
    ],
    [
      2.4834857859207155e-06,
      -5.421111328584462e-09,
      0.0001734180508844108,
      -3.785327909272422e-07,
      -2.890686004076282e-06,
      6.3099739619684605e-09,
      0.00016348558481587064,
      -3.568806738155981e-07,
      3.585742271149988e-06,
      -7.8271871567442e-09,
      0.00016426229972699483,
      -3.58547835376323e-07,
      4.180445842936533e-06,
      -9.125344081353469e-09,
      -0.00023642921869058148,
      5.161128974828062e-07
    ],
    [
      5.421111328584462e-09,
      1.3990144565973446e-07,
      -3.785327909272422e-07,
      9.770956018558481e-06,
      -6.3099739619684605e-09,
      -1.6284013108160532e-07,
      -3.568806738155981e-07,
      9.211327487292049e-06,
      7.8271871567442e-09,
      2.0199452331921577e-07,
      -3.58547835376323e-07,
      9.255090216701413e-06,
      9.125344081353469e-09,
      2.3549577784767687e-07,
      5.161128974828062e-07,
      -1.332121705639285e-05
    ],
    [
      0.0029019263442774004,
      -6.334507070371576e-06,
      -2.8906860040762823e-06,
      -6.3099739619684605e-09,
      0.04946134626709034,
      -0.0001079673057801053,
      4.923692797109041e-05,
      1.074775098460325e-07,
      0.004196701373077368,
      -9.160823317387223e-06,
      -4.180445842936531e-06,
      -9.125344081353466e-09,
      0.057803876356348934,
      -0.00012617789981171214,
      5.761836207034006e-05,
      1.257730393001628e-07
    ],
    [
      -6.334507070371576e-06,
      0.00016350428651703622,
      6.3099739619684605e-09,
      -1.6284013108160532e-07,
      -0.0001079673057801053,
      0.002786818537803527,
      -1.074775098460325e-07,
      2.77364881331343e-06,
      -9.160823317387223e-06,
      0.00023645626467509284,
      9.125344081353466e-09,
      -2.3549577784767676e-07,
      -0.00012617789981171214,
      0.003256864730630241,
      -1.257730393001628e-07,
      3.245797578502398e-06
    ],
    [
      2.890686004076282e-06,
      -6.3099739619684605e-09,
      0.00016348558481587064,
      -3.568806738155981e-07,
      4.9236927971090406e-05,
      -1.0747750984603248e-07,
      0.0027866096584197803,
      -6.082545189771072e-06,
      4.180445842936533e-06,
      -9.125344081353467e-09,
      0.00023642921869058148,
      -5.161128974828061e-07,
      5.761836207034006e-05,
      -1.257730393001628e-07,
      0.003256620620047275,
      -7.108473921895037e-06
    ],
    [
      6.3099739619684605e-09,
      1.6284013108160532e-07,
      -3.568806738155981e-07,
      9.211327487292049e-06,
      1.0747750984603248e-07,
      2.77364881331343e-06,
      -6.082545189771072e-06,
      0.00015700695674095798,
      9.125344081353467e-09,
      2.3549577784767687e-07,
      -5.161128974828061e-07,
      1.332121705639285e-05,
      1.257730393001628e-07,
      3.245797578502398e-06,
      -7.108473921895037e-06,
      0.0001834889544965646
    ],
    [
      0.0029155983368093106,
      -6.364349556164549e-06,
      3.585742271149988e-06,
      7.8271871567442e-09,
      0.004196701373077369,
      -9.160823317387225e-06,
      4.180445842936533e-06,
      9.125344081353467e-09,
      0.04942560666075487,
      -0.00010788929114247608,
      3.987765314925064e-05,
      8.704748723360163e-08,
      0.05758426252861604,
      -0.00012569854464051917,
      5.736121527508099e-05,
      1.2521172285825245e-07
    ],
    [
      -6.364349556164549e-06,
      0.00016427461254154226,
      -7.8271871567442e-09,
      2.0199452331921577e-07,
      -9.160823317387225e-06,
      0.00023645626467509284,
      -9.125344081353467e-09,
      2.3549577784767687e-07,
      -0.00010788929114247608,
      0.00278480484822598,
      -8.704748723360163e-08,
      2.2464156455919957e-06,
      -0.00012569854464051914,
      0.003244490949233773,
      -1.2521172285825245e-07,
      3.231311806686243e-06
    ],
    [
      3.585742271149988e-06,
      -7.8271871567442e-09,
      0.00016426229972699483,
      -3.58547835376323e-07,
      -4.180445842936533e-06,
      9.125344081353469e-09,
      0.00023642921869058148,
      -5.161128974828062e-07,
      3.987765314925064e-05,
      -8.704748723360162e-08,
      0.002784596119773567,
      -6.078150085573418e-06,
      -5.736121527508097e-05,
      1.2521172285825242e-07,
      0.0032441198427541834,
      -7.081747768310109e-06
    ],
    [
      7.8271871567442e-09,
      2.0199452331921577e-07,
      -3.58547835376323e-07,
      9.255090216701413e-06,
      -9.125344081353469e-09,
      -2.3549577784767687e-07,
      -5.161128974828062e-07,
      1.332121705639285e-05,
      8.704748723360162e-08,
      2.2464156455919957e-06,
      -6.078150085573418e-06,
      0.0001568935072041106,
      -1.2521172285825242e-07,
      -3.2313118066862425e-06,
      -7.081747768310109e-06,
      0.00018278461867624103
    ],
    [
      -0.004196701373077368,
      9.160823317387223e-06,
      4.180445842936531e-06,
      9.125344081353466e-09,
      0.057803876356348934,
      -0.00012617789981171214,
      5.761836207034006e-05,
      1.257730393001628e-07,
      0.05758426252861604,
      -0.00012569854464051917,
      -5.736121527508099e-05,
      -1.2521172285825245e-07,
      0.7942072476983283,
      -0.001733645022559261,
      0.0007906037340325906,
      1.7257803057633777e-06
    ],
    [
      9.160823317387223e-06,
      -0.00023645626467509284,
      -9.125344081353466e-09,
      2.3549577784767676e-07,
      -0.00012617789981171214,
      0.003256864730630241,
      -1.257730393001628e-07,
      3.245797578502398e-06,
      -0.00012569854464051914,
      0.003244490949233773,
      1.2521172285825245e-07,
      -3.231311806686243e-06,
      -0.001733645022559261,
      0.04474830646120668,
      -1.7257803057633777e-06,
      4.453683848814052e-05
    ],
    [
      -4.180445842936533e-06,
      9.125344081353467e-09,
      -0.00023642921869058148,
      5.161128974828061e-07,
      5.761836207034006e-05,
      -1.257730393001628e-07,
      0.003256620620047275,
      -7.108473921895037e-06,
      5.736121527508097e-05,
      -1.2521172285825242e-07,
      0.0032441198427541834,
      -7.081747768310109e-06,
      0.0007906037340325904,
      -1.7257803057633775e-06,
      0.04474495245786896,
      -9.766821647115211e-05
    ],
    [
      -9.125344081353467e-09,
      -2.3549577784767687e-07,
      5.161128974828061e-07,
      -1.332121705639285e-05,
      1.257730393001628e-07,
      3.245797578502398e-06,
      -7.108473921895037e-06,
      0.0001834889544965646,
      1.2521172285825242e-07,
      3.2313118066862425e-06,
      -7.081747768310109e-06,
      0.00018278461867624103,
      1.7257803057633775e-06,
      4.4536838488140514e-05,
      -9.766821647115211e-05,
      0.0025210810540693806
    ]
  ],
  "final_state_imag": [
    [
      0.0,
      0.0,
      0.0,
      0.0,
      0.0,
      0.0,
      0.0,
      0.0,
      0.0,
      0.0,
      0.0,
      0.0,
      0.0,
      0.0,
      0.0,
      0.0
    ],
    [
      0.0,
      0.0,
      0.0,
      0.0,
      0.0,
      0.0,
      0.0,
      0.0,
      0.0,
      0.0,
      0.0,
      0.0,
      0.0,
      0.0,
      0.0,
      0.0
    ],
    [
      0.0,
      0.0,
      0.0,
      0.0,
      0.0,
      0.0,
      0.0,
      0.0,
      0.0,
      0.0,
      0.0,
      0.0,
      0.0,
      0.0,
      0.0,
      0.0
    ],
    [
      0.0,
      0.0,
      0.0,
      0.0,
      0.0,
      0.0,
      0.0,
      0.0,
      0.0,
      0.0,
      0.0,
      0.0,
      0.0,
      0.0,
      0.0,
      0.0
    ],
    [
      0.0,
      0.0,
      0.0,
      0.0,
      0.0,
      0.0,
      0.0,
      0.0,
      0.0,
      0.0,
      0.0,
      0.0,
      0.0,
      0.0,
      0.0,
      0.0
    ],
    [
      0.0,
      0.0,
      0.0,
      0.0,
      0.0,
      0.0,
      0.0,
      0.0,
      0.0,
      0.0,
      0.0,
      0.0,
      0.0,
      0.0,
      0.0,
      0.0
    ],
    [
      0.0,
      0.0,
      0.0,
      0.0,
      0.0,
      0.0,
      0.0,
      0.0,
      0.0,
      0.0,
      0.0,
      0.0,
      0.0,
      0.0,
      0.0,
      0.0
    ],
    [
      0.0,
      0.0,
      0.0,
      0.0,
      0.0,
      0.0,
      0.0,
      0.0,
      0.0,
      0.0,
      0.0,
      0.0,
      0.0,
      0.0,
      0.0,
      0.0
    ],
    [
      0.0,
      0.0,
      0.0,
      0.0,
      0.0,
      0.0,
      0.0,
      0.0,
      0.0,
      0.0,
      0.0,
      0.0,
      0.0,
      0.0,
      0.0,
      0.0
    ],
    [
      0.0,
      0.0,
      0.0,
      0.0,
      0.0,
      0.0,
      0.0,
      0.0,
      0.0,
      0.0,
      0.0,
      0.0,
      0.0,
      0.0,
      0.0,
      0.0
    ],
    [
      0.0,
      0.0,
      0.0,
      0.0,
      0.0,
      0.0,
      0.0,
      0.0,
      0.0,
      0.0,
      0.0,
      0.0,
      0.0,
      0.0,
      0.0,
      0.0
    ],
    [
      0.0,
      0.0,
      0.0,
      0.0,
      0.0,
      0.0,
      0.0,
      0.0,
      0.0,
      0.0,
      0.0,
      0.0,
      0.0,
      0.0,
      0.0,
      0.0
    ],
    [
      0.0,
      0.0,
      0.0,
      0.0,
      0.0,
      0.0,
      0.0,
      0.0,
      0.0,
      0.0,
      0.0,
      0.0,
      0.0,
      0.0,
      0.0,
      0.0
    ],
    [
      0.0,
      0.0,
      0.0,
      0.0,
      0.0,
      0.0,
      0.0,
      0.0,
      0.0,
      0.0,
      0.0,
      0.0,
      0.0,
      0.0,
      0.0,
      0.0
    ],
    [
      0.0,
      0.0,
      0.0,
      0.0,
      0.0,
      0.0,
      0.0,
      0.0,
      0.0,
      0.0,
      0.0,
      0.0,
      0.0,
      0.0,
      0.0,
      0.0
    ],
    [
      0.0,
      0.0,
      0.0,
      0.0,
      0.0,
      0.0,
      0.0,
      0.0,
      0.0,
      0.0,
      0.0,
      0.0,
      0.0,
      0.0,
      0.0,
      0.0
    ]
  ]
}