{
  "config": {
    "symbols": [
      "H",
      "H"
    ],
    "geometry": [
      [
        0.0,
        0.0,
        0.0
      ],
      [
        0.0,
        0.0,
        0.7414
      ]
    ],
    "basis": "STO-3G",
    "ansatz": "RY-CZ",
    "optimizer": {
      "name": "Adam",
      "stepsize": 0.1,
      "iterations_planned": 50
    },
    "seed": 0,
    "noisy": true,
    "depolarizing_prob": 0.08,
    "amplitude_damping_prob": 0.0
  },
  "energies": [
    1.190222030165056,
    1.190222030165056,
    1.182763328805119,
    1.1679226527799351,
    1.143482591213181,
    1.109074978557155,
    1.064788135596835,
    1.0107510427308821,
    0.9472916839184297,
    0.8750731694822589,
    0.7947117485689836,
    0.707354012820779,
    0.6139439507089628,
    0.5160141840576149,
    0.4147694325078146,
    0.311982816569364,
    0.20896563853388467,
    0.10753047993847759,
    0.008892773816957605,
    -0.08532752144966887,
    -0.17420506470928876,
    -0.25652013521917005,
    -0.3317642343068704,
    -0.39923761469968544,
    -0.45887082210576424,
    -0.5104839586247321,
    -0.5543710467607909,
    -0.5907733511128375,
    -0.6202234842925606,
    -0.6432432412604266,
    -0.6604859202797378,
    -0.6726228116482149,
    -0.6803444703296192,
    -0.6843709712141589,
    -0.685374442065452,
    -0.6840482735177837,
    -0.6810003588902309,
    -0.6768368383355441,
    -0.6720584154759297,
    -0.6671370052391318,
    -0.6624329327499383,
    -0.6582571987267077,
    -0.6548169109584118,
    -0.6522613730532976,
    -0.6506560930359423,
    -0.6500121246476078,
    -0.6502846267431557,
    -0.6513858738294509,
    -0.6532015118384029,
    -0.6555901197201114,
    -0.6584081034023751
  ],
  "final_params": [
    3.4128889734398444,
    3.4150439016575316,
    0.0016770633047406879,
    0.002643509682621689
  ],
  "final_state_real": [
    [
      0.004366181521512296,
      5.445895792581e-06,
      -1.717129502177339e-06,
      2.1417595367534032e-09,
      0.0037884604280797166,
      4.725310634274324e-06,
      -2.997772721969778e-06,
      3.739093823824415e-09,
      0.0037282517673274214,
      4.6502122079291374e-06,
      -5.935752681355643e-06,
      7.40360869519909e-09,
      -0.012939498349763606,
      -1.6139313136578037e-05,
      1.0238902035610248e-05,
      -1.2770886559718143e-08
    ],
    [
      5.445895792581e-06,
      0.0002459896612232023,
      -2.1417595367534032e-09,
      -9.673669989451355e-08,
      4.725310634274324e-06,
      0.00021344098789050152,
      -3.739093823824415e-09,
      -1.6888338345444128e-07,
      4.650212207929137e-06,
      0.00021004884581207742,
      -7.40360869519909e-09,
      -3.34398264694804e-07,
      -1.6139313136578034e-05,
      -0.0007290083565637142,
      1.2770886559718143e-08,
      5.768217203258206e-07
    ],
    [
      -1.717129502177339e-06,
      -2.1417595367534032e-09,
      0.00024598511782373406,
      3.068072135181529e-07,
      2.9977727219697786e-06,
      3.739093823824417e-09,
      0.00021343173496752847,
      2.6621799560983735e-07,
      -5.935752681355643e-06,
      -7.40360869519909e-09,
      0.00021004496623514888,
      2.619805270101697e-07,
      -1.0238902035610248e-05,
      -1.2770886559718143e-08,
      -0.0007289767531765826,
      -9.092683902249231e-07
    ],
    [
      2.1417595367534032e-09,
      -9.673669989451355e-08,
      3.068072135181529e-07,
      1.3858744878396931e-05,
      -3.739093823824417e-09,
      1.6888338345444128e-07,
      2.6621799560983735e-07,
      1.2024694786568961e-05,
      7.40360869519909e-09,
      -3.34398264694804e-07,
      2.619805270101696e-07,
      1.1833885016289224e-05,
      1.2770886559718143e-08,
      -5.768217203258206e-07,
      -9.092683902249228e-07,
      -4.10703823627074e-05
    ],
    [
      0.0037884604280797166,
      4.725310634274324e-06,
      2.997772721969778e-06,
      -3.739093823824415e-09,
      0.0580708024863414,
      7.243114776012148e-05,
      -4.585296676230319e-05,
      5.7191975752017154e-08,
      0.012939498349763606,
      1.6139313136578037e-05,
      1.0238902035610248e-05,
      -1.2770886559718143e-08,
      0.09955650063201067,
      0.0001241758560070503,
      -7.894631037863604e-05,
      9.846899312517638e-08
    ],
    [
      4.725310634274324e-06,
      0.00021344098789050152,
      3.739093823824415e-09,
      1.6888338345444128e-07,
      7.243114776012148e-05,
      0.0032716956361509317,
      -5.7191975752017154e-08,
      -2.5831858804671142e-06,
      1.6139313136578034e-05,
      0.0007290083565637142,
      1.2770886559718143e-08,
      5.768217203258206e-07,
      0.00012417585600705026,
      0.0056089903139330275,
      -9.846899312517638e-08,
      -4.447541973504869e-06
    ],
    [
      -2.9977727219697786e-06,
      -3.739093823824417e-09,
      0.00021343173496752847,
      2.6621799560983735e-07,
      -4.585296676230319e-05,
      -5.7191975752017154e-08,
      0.0032716352083258797,
      4.0805772755472606e-06,
      -1.0238902035610248e-05,
      -1.2770886559718143e-08,
      0.0007289767531765826,
      9.092683902249231e-07,
      -7.894631037863604e-05,
      -9.846899312517638e-08,
      0.005608886716556283,
      6.995735838290527e-06
    ],
    [
      3.739093823824417e-09,
      -1.6888338345444128e-07,
      2.6621799560983735e-07,
      1.2024694786568961e-05,
      5.7191975752017154e-08,
      -2.5831858804671142e-06,
      4.0805772755472606e-06,
      0.00018432317405420948,
      1.2770886559718143e-08,
      -5.768217203258206e-07,
      9.092683902249228e-07,
      4.10703823627074e-05,
      9.846899312517638e-08,
      -4.447541973504869e-06,
      6.995735838290527e-06,
      0.00031600338566938654
    ],
    [
      0.0037282517673274214,
      4.6502122079291374e-06,
      -5.935752681355643e-06,
      7.40360869519909e-09,
      0.012939498349763606,
      1.6139313136578037e-05,
      -1.0238902035610248e-05,
      1.2770886559718143e-08,
      0.058302857805432415,
      7.272058810511335e-05,
      -2.2929316315800457e-05,
      2.8599521368848528e-08,
      0.10035888318031984,
      0.00012517667979872104,
      -7.941303020494e-05,
      9.90511283908689e-08
    ],
    [
      4.650212207929137e-06,
      0.00021004884581207742,
      -7.40360869519909e-09,
      -3.34398264694804e-07,
      1.6139313136578034e-05,
      0.0007290083565637142,
      -1.2770886559718143e-08,
      -5.768217203258206e-07,
      7.272058810511335e-05,
      0.0032847695793772934,
      -2.859952136884852e-08,
      -1.2917525372520702e-06,
      0.00012517667979872104,
      0.005654196361885339,
      -9.90511283908689e-08,
      -4.473835235436912e-06
    ],
    [
      -5.935752681355643e-06,
      -7.40360869519909e-09,
      0.00021004496623514888,
      2.619805270101697e-07,
      1.0238902035610248e-05,
      1.2770886559718143e-08,
      0.0007289767531765826,
      9.092683902249231e-07,
      -2.2929316315800457e-05,
      -2.8599521368848528e-08,
      0.0032847089100780805,
      4.096883570986787e-06,
      7.941303020494e-05,
      9.90511283908689e-08,
      0.005653951245687518,
      7.052295049429618e-06
    ],
    [
      7.40360869519909e-09,
      -3.34398264694804e-07,
      2.619805270101696e-07,
      1.1833885016289224e-05,
      -1.2770886559718143e-08,
      5.768217203258206e-07,
      9.092683902249228e-07,
      4.10703823627074e-05,
      2.859952136884852e-08,
      -1.2917525372520702e-06,
      4.096883570986787e-06,
      0.00018505974339955432,
      -9.90511283908689e-08,
      4.473835235436912e-06,
      7.052295049429618e-06,
      0.00031854231086055377
    ],
    [
      -0.012939498349763606,
      -1.6139313136578037e-05,
      -1.0238902035610248e-05,
      1.2770886559718143e-08,
      0.09955650063201067,
      0.0001241758560070503,
      -7.894631037863604e-05,
      9.846899312517638e-08,
      0.10035888318031984,
      0.00012517667979872104,
      7.941303020494e-05,
      -9.90511283908689e-08,
      0.7754358638840619,
      0.0009671936193527626,
      -0.0006122876449199531,
      7.637006417283938e-07
    ],
    [
      -1.6139313136578034e-05,
      -0.0007290083565637142,
      -1.2770886559718143e-08,
      -5.768217203258206e-07,
      0.00012417585600705026,
      0.0056089903139330275,
      -9.846899312517638e-08,
      -4.447541973504869e-06,
      0.00012517667979872104,
      0.005654196361885339,
      9.90511283908689e-08,
      4.473835235436912e-06,
      0.0009671936193527626,
      0.04368787795865451,
      -7.637006417283938e-07,
      -3.449401229239543e-05
    ],
    [
      1.0238902035610248e-05,
      1.2770886559718143e-08,
      -0.0007289767531765826,
      -9.092683902249231e-07,
      -7.894631037863604e-05,
      -9.846899312517638e-08,
      0.005608886716556283,
      6.995735838290527e-06,
      -7.941303020494e-05,
      -9.90511283908689e-08,
      0.005653951245687518,
      7.052295049429618e-06,
      -0.0006122876449199531,
      -7.637006417283938e-07,
      0.043687071048801075,
      5.448910346217288e-05
    ],
    [
      -1.2770886559718143e-08,
      5.768217203258206e-07,
      -9.092683902249228e-07,
      -4.10703823627074e-05,
      9.846899312517638e-08,
      -4.447541973504869e-06,
      6.995735838290527e-06,
      0.00031600338566938654,
      9.90511283908689e-08,
      -4.473835235436912e-06,
      7.052295049429618e-06,
      0.00031854231086055377,
      7.637006417283938e-07,
      -3.449401229239543e-05,
      5.448910346217288e-05,
      0.002461319520084063
    ]
  ],
  "final_state_imag": [
    [
      0.0,
      0.0,
      0.0,
      0.0,
      0.0,
      0.0,
      0.0,
      0.0,
      0.0,
      0.0,
      0.0,
      0.0,
      0.0,
      0.0,
      0.0,
      0.0
    ],
    [
      0.0,
      0.0,
      0.0,
      0.0,
      0.0,
      0.0,
      0.0,
      0.0,
      0.0,
      0.0,
      0.0,
      0.0,
      0.0,
      0.0,
      0.0,
      0.0
    ],
    [
      0.0,
      0.0,
      0.0,
      0.0,
      0.0,
      0.0,
      0.0,
      0.0,
      0.0,
      0.0,
      0.0,
      0.0,
      0.0,
      0.0,
      0.0,
      0.0
    ],
    [
      0.0,
      0.0,
      0.0,
      0.0,
      0.0,
      0.0,
      0.0,
      0.0,
      0.0,
      0.0,
      0.0,
      0.0,
      0.0,
      0.0,
      0.0,
      0.0
    ],
    [
      0.0,
      0.0,
      0.0,
      0.0,
      0.0,
      0.0,
      0.0,
      0.0,
      0.0,
      0.0,
      0.0,
      0.0,
      0.0,
      0.0,
      0.0,
      0.0
    ],
    [
      0.0,
      0.0,
      0.0,
      0.0,
      0.0,
      0.0,
      0.0,
      0.0,
      0.0,
      0.0,
      0.0,
      0.0,
      0.0,
      0.0,
      0.0,
      0.0
    ],
    [
      0.0,
      0.0,
      0.0,
      0.0,
      0.0,
      0.0,
      0.0,
      0.0,
      0.0,
      0.0,
      0.0,
      0.0,
      0.0,
      0.0,
      0.0,
      0.0
    ],
    [
      0.0,
      0.0,
      0.0,
      0.0,
      0.0,
      0.0,
      0.0,
      0.0,
      0.0,
      0.0,
      0.0,
      0.0,
      0.0,
      0.0,
      0.0,
      0.0
    ],
    [
      0.0,
      0.0,
      0.0,
      0.0,
      0.0,
      0.0,
      0.0,
      0.0,
      0.0,
      0.0,
      0.0,
      0.0,
      0.0,
      0.0,
      0.0,
      0.0
    ],
    [
      0.0,
      0.0,
      0.0,
      0.0,
      0.0,
      0.0,
      0.0,
      0.0,
      0.0,
      0.0,
      0.0,
      0.0,
      0.0,
      0.0,
      0.0,
      0.0
    ],
    [
      0.0,
      0.0,
      0.0,
      0.0,
      0.0,
      0.0,
      0.0,
      0.0,
      0.0,
      0.0,
      0.0,
      0.0,
      0.0,
      0.0,
      0.0,
      0.0
    ],
    [
      0.0,
      0.0,
      0.0,
      0.0,
      0.0,
      0.0,
      0.0,
      0.0,
      0.0,
      0.0,
      0.0,
      0.0,
      0.0,
      0.0,
      0.0,
      0.0
    ],
    [
      0.0,
      0.0,
      0.0,
      0.0,
      0.0,
      0.0,
      0.0,
      0.0,
      0.0,
      0.0,
      0.0,
      0.0,
      0.0,
      0.0,
      0.0,
      0.0
    ],
    [
      0.0,
      0.0,
      0.0,
      0.0,
      0.0,
      0.0,
      0.0,
      0.0,
      0.0,
      0.0,
      0.0,
      0.0,
      0.0,
      0.0,
      0.0,
      0.0
    ],
    [
      0.0,
      0.0,
      0.0,
      0.0,
      0.0,
      0.0,
      0.0,
      0.0,
      0.0,
      0.0,
      0.0,
      0.0,
      0.0,
      0.0,
      0.0,
      0.0
    ],
    [
      0.0,
      0.0,
      0.0,
      0.0,
      0.0,
      0.0,
      0.0,
      0.0,
      0.0,
      0.0,
      0.0,
      0.0,
      0.0,
      0.0,
      0.0,
      0.0
    ]
  ]
}