{
  "config": {
    "symbols": [
      "H",
      "H"
    ],
    "geometry": [
      [
        0.0,
        0.0,
        0.0
      ],
      [
        0.0,
        0.0,
        0.7414
      ]
    ],
    "basis": "STO-3G",
    "ansatz": "RY-CZ",
    "optimizer": {
      "name": "Adam",
      "stepsize": 0.2,
      "iterations_planned": 50
    },
    "seed": 4,
    "noisy": true,
    "depolarizing_prob": 0.06,
    "amplitude_damping_prob": 0.0
  },
  "energies": [
    1.2277549153217384,
    1.2277549153217384,
    1.2011028274912607,
    1.1496023996176468,
    1.0597144847745548,
    0.9336264609749129,
    0.7776772671180296,
    0.6007432325819586,
    0.4059932738976431,
    0.20455388667013263,
    0.010396266198642035,
    -0.1711157534676156,
    -0.334058789660979,
    -0.46855817708815234,
    -0.5739180021035614,
    -0.6527422187372675,
    -0.7028938992497005,
    -0.7281291955203744,
    -0.7348636892935323,
    -0.7253389830274585,
    -0.7040847959612601,
    -0.6777214025499606,
    -0.6503118969346858,
    -0.6250274647668819,
    -0.605468322546375,
    -0.5937582466645401,
    -0.5900463266800293,
    -0.5938223524637829,
    -0.6042640502911394,
    -0.6198448619461671,
    -0.6385246939832265,
    -0.6584019323600915,
    -0.6779356485786929,
    -0.6957879609242069,
    -0.7107953908884098,
    -0.7222564927482816,
    -0.7300899806347625,
    -0.7344344447061374,
    -0.7355129384677709,
    -0.734037421419294,
    -0.7309493546278127,
    -0.7268913313210105,
    -0.722588010875875,
    -0.7189089703982046,
    -0.7162437560309676,
    -0.7147480885109868,
    -0.7146870460166552,
    -0.7159416997693056,
    -0.7181242624027888,
    -0.7210356082265897,
    -0.72432911286472
  ],
  "final_params": [
    2.9868959920131988,
    2.9861673475201584,
    -0.007646498831542623,
    -0.006604645908422808
  ],
  "final_state_real": [
    [
      0.0019094936898150373,
      -6.043036501153691e-06,
      5.218687420413015e-06,
      1.6515784164872734e-08,
      -0.0022331202960679565,
      7.067245316978887e-06,
      -8.182072620242668e-06,
      -2.589412519490351e-08,
      -0.002219062605439171,
      7.022739270907498e-06,
      -1.0900034222648123e-05,
      -3.449576456846607e-08,
      -0.0046512118962397245,
      1.4719876734744607e-05,
      -1.7041873460278615e-05,
      -5.393308339068131e-08
    ],
    [
      -6.043036501153691e-06,
      7.958302473712649e-05,
      -1.6515784164872734e-08,
      2.1738849600542343e-07,
      7.067245316978887e-06,
      -9.307098981833767e-05,
      2.589412519490351e-08,
      -3.4083061847397246e-07,
      7.022739270907498e-06,
      -9.248509967006186e-05,
      3.449576456846607e-08,
      -4.54049429517584e-07,
      1.4719876734744607e-05,
      -0.00019385113099374432,
      5.393308339068131e-08,
      -7.098925346924716e-07
    ],
    [
      5.218687420413015e-06,
      -1.6515784164872734e-08,
      7.959010039280408e-05,
      -2.517050074989396e-07,
      8.182072620242667e-06,
      -2.5894125194903502e-08,
      -9.301409328911224e-05,
      2.9457168006321563e-07,
      -1.0900034222648123e-05,
      3.449576456846607e-08,
      -9.249332243770285e-05,
      2.9251166040605606e-07,
      1.7041873460278615e-05,
      -5.393308339068131e-08,
      -0.00019373262514609508,
      6.135429896086785e-07
    ],
    [
      1.6515784164872734e-08,
      2.1738849600542343e-07,
      -2.517050074989396e-07,
      3.3171206389293964e-06,
      2.5894125194903502e-08,
      3.4083061847397235e-07,
      2.9457168006321563e-07,
      -3.876599816282101e-06,
      -3.449576456846607e-08,
      -4.54049429517584e-07,
      2.9251166040605606e-07,
      -3.85489536144617e-06,
      5.393308339068131e-08,
      7.098925346924716e-07,
      6.135429896086785e-07,
      -8.074301780428284e-06
    ],
    [
      -0.0022331202960679565,
      7.067245316978887e-06,
      8.182072620242667e-06,
      2.589412519490351e-08,
      0.04001599111970949,
      -0.00012663990263810196,
      0.00014654290921360772,
      4.63770075593633e-07,
      0.0046512118962397245,
      -1.4719876734744607e-05,
      -1.7041873460278615e-05,
      -5.393308339068131e-08,
      -0.06231219916644262,
      0.00019720143409661964,
      -0.00022842477824593741,
      -7.229048286475548e-07
    ],
    [
      7.067245316978887e-06,
      -9.307098981833767e-05,
      -2.589412519490351e-08,
      3.4083061847397235e-07,
      -0.00012663990263810196,
      0.0016677685965377285,
      -4.637700755936329e-07,
      6.1043592129310385e-06,
      -1.4719876734744607e-05,
      0.00019385113099374432,
      5.393308339068131e-08,
      -7.098925346924716e-07,
      0.00019720143409661964,
      -0.0025970199923353006,
      7.229048286475548e-07,
      -9.515212349952698e-06
    ],
    [
      -8.182072620242667e-06,
      2.5894125194903502e-08,
      -9.301409328911224e-05,
      2.9457168006321563e-07,
      0.00014654290921360772,
      -4.63770075593633e-07,
      0.0016679168763546629,
      -5.274814679193638e-06,
      1.7041873460278615e-05,
      -5.393308339068131e-08,
      0.00019373262514609508,
      -6.135429896086785e-07,
      -0.00022842477824593741,
      7.229048286475548e-07,
      -0.0025972508910641987,
      8.213848855391669e-06
    ],
    [
      -2.5894125194903502e-08,
      -3.4083061847397235e-07,
      2.9457168006321563e-07,
      -3.876599816282101e-06,
      4.637700755936329e-07,
      6.1043592129310385e-06,
      -5.274814679193638e-06,
      6.951469425555498e-05,
      5.393308339068131e-08,
      7.098925346924716e-07,
      -6.135429896086785e-07,
      8.074301780428284e-06,
      -7.229048286475548e-07,
      -9.515212349952698e-06,
      8.213848855391669e-06,
      -0.00010824706204297936
    ],
    [
      -0.002219062605439171,
      7.022739270907498e-06,
      -1.0900034222648123e-05,
      -3.449576456846607e-08,
      0.0046512118962397245,
      -1.4719876734744607e-05,
      1.7041873460278615e-05,
      5.393308339068131e-08,
      0.040063696365151356,
      -0.00012679087697283758,
      0.0001094949458860555,
      3.465229372284182e-07,
      -0.06260695354226126,
      0.00019813473551377205,
      -0.0002293896308751975,
      -7.259583354955488e-07
    ],
    [
      7.022739270907498e-06,
      -9.248509967006186e-05,
      3.449576456846607e-08,
      -4.54049429517584e-07,
      -1.4719876734744607e-05,
      0.00019385113099374432,
      -5.393308339068131e-08,
      7.098925346924716e-07,
      -0.00012679087697283758,
      0.0016697568344399229,
      -3.465229372284181e-07,
      4.561097396494583e-06,
      0.00019813473551377205,
      -0.002609304633498175,
      7.259583354955488e-07,
      -9.55540403898188e-06
    ],
    [
      -1.0900034222648123e-05,
      3.449576456846607e-08,
      -9.249332243770285e-05,
      2.9251166040605606e-07,
      -1.7041873460278615e-05,
      5.393308339068131e-08,
      0.00019373262514609508,
      -6.135429896086785e-07,
      0.0001094949458860555,
      -3.465229372284182e-07,
      0.0016699052910293137,
      -5.281103073455285e-06,
      0.0002293896308751975,
      -7.259583354955485e-07,
      -0.0026077095029679465,
      8.258505160271215e-06
    ],
    [
      -3.449576456846607e-08,
      -4.54049429517584e-07,
      2.9251166040605606e-07,
      -3.85489536144617e-06,
      -5.393308339068131e-08,
      -7.098925346924716e-07,
      -6.135429896086785e-07,
      8.074301780428284e-06,
      3.465229372284181e-07,
      4.561097396494583e-06,
      -5.281103073455285e-06,
      6.959756651383182e-05,
      7.259583354955485e-07,
      9.55540403898188e-06,
      8.258505160271215e-06,
      -0.0001086829513964197
    ],
    [
      -0.0046512118962397245,
      1.4719876734744607e-05,
      1.7041873460278615e-05,
      5.393308339068131e-08,
      -0.06231219916644262,
      0.00019720143409661964,
      -0.00022842477824593741,
      -7.229048286475548e-07,
      -0.06260695354226126,
      0.00019813473551377205,
      0.0002293896308751975,
      7.259583354955488e-07,
      0.8395882775218422,
      -0.002657072204044155,
      0.0030746635354257793,
      9.73050793041709e-06
    ],
    [
      1.4719876734744607e-05,
      -0.00019385113099374432,
      -5.393308339068131e-08,
      7.098925346924716e-07,
      0.00019720143409661964,
      -0.0025970199923353006,
      7.229048286475548e-07,
      -9.515212349952698e-06,
      0.00019813473551377205,
      -0.002609304633498175,
      -7.259583354955488e-07,
      9.55540403898188e-06,
      -0.002657072204044155,
      0.03499198505625561,
      -9.730507930417088e-06,
      0.0001280775083547791
    ],
    [
      -1.7041873460278615e-05,
      5.393308339068131e-08,
      -0.00019373262514609508,
      6.135429896086785e-07,
      -0.00022842477824593741,
      7.229048286475548e-07,
      -0.0025972508910641987,
      8.213848855391669e-06,
      -0.0002293896308751975,
      7.259583354955485e-07,
      -0.0026077095029679465,
      8.258505160271215e-06,
      0.0030746635354257793,
      -9.73050793041709e-06,
      0.03499509616240612,
      -0.00011067256981096778
    ],
    [
      -5.393308339068131e-08,
      -7.098925346924716e-07,
      6.135429896086785e-07,
      -8.074301780428284e-06,
      -7.229048286475548e-07,
      -9.515212349952698e-06,
      8.213848855391669e-06,
      -0.00010824706204297936,
      -7.259583354955485e-07,
      -9.55540403898188e-06,
      8.258505160271215e-06,
      -0.0001086829513964197,
      9.730507930417088e-06,
      0.0001280775083547791,
      -0.00011067256981096778,
      0.001458509980119733
    ]
  ],
  "final_state_imag": [
    [
      0.0,
      0.0,
      0.0,
      0.0,
      0.0,
      0.0,
      0.0,
      0.0,
      0.0,
      0.0,
      0.0,
      0.0,
      0.0,
      0.0,
      0.0,
      0.0
    ],
    [
      0.0,
      0.0,
      0.0,
      0.0,
      0.0,
      0.0,
      0.0,
      0.0,
      0.0,
      0.0,
      0.0,
      0.0,
      0.0,
      0.0,
      0.0,
      0.0
    ],
    [
      0.0,
      0.0,
      0.0,
      0.0,
      0.0,
      0.0,
      0.0,
      0.0,
      0.0,
      0.0,
      0.0,
      0.0,
      0.0,
      0.0,
      0.0,
      0.0
    ],
    [
      0.0,
      0.0,
      0.0,
      0.0,
      0.0,
      0.0,
      0.0,
      0.0,
      0.0,
      0.0,
      0.0,
      0.0,
      0.0,
      0.0,
      0.0,
      0.0
    ],
    [
      0.0,
      0.0,
      0.0,
      0.0,
      0.0,
      0.0,
      0.0,
      0.0,
      0.0,
      0.0,
      0.0,
      0.0,
      0.0,
      0.0,
      0.0,
      0.0
    ],
    [
      0.0,
      0.0,
      0.0,
      0.0,
      0.0,
      0.0,
      0.0,
      0.0,
      0.0,
      0.0,
      0.0,
      0.0,
      0.0,
      0.0,
      0.0,
      0.0
    ],
    [
      0.0,
      0.0,
      0.0,
      0.0,
      0.0,
      0.0,
      0.0,
      0.0,
      0.0,
      0.0,
      0.0,
      0.0,
      0.0,
      0.0,
      0.0,
      0.0
    ],
    [
      0.0,
      0.0,
      0.0,
      0.0,
      0.0,
      0.0,
      0.0,
      0.0,
      0.0,
      0.0,
      0.0,
      0.0,
      0.0,
      0.0,
      0.0,
      0.0
    ],
    [
      0.0,
      0.0,
      0.0,
      0.0,
      0.0,
      0.0,
      0.0,
      0.0,
      0.0,
      0.0,
      0.0,
      0.0,
      0.0,
      0.0,
      0.0,
      0.0
    ],
    [
      0.0,
      0.0,
      0.0,
      0.0,
      0.0,
      0.0,
      0.0,
      0.0,
      0.0,
      0.0,
      0.0,
      0.0,
      0.0,
      0.0,
      0.0,
      0.0
    ],
    [
      0.0,
      0.0,
      0.0,
      0.0,
      0.0,
      0.0,
      0.0,
      0.0,
      0.0,
      0.0,
      0.0,
      0.0,
      0.0,
      0.0,
      0.0,
      0.0
    ],
    [
      0.0,
      0.0,
      0.0,
      0.0,
      0.0,
      0.0,
      0.0,
      0.0,
      0.0,
      0.0,
      0.0,
      0.0,
      0.0,
      0.0,
      0.0,
      0.0
    ],
    [
      0.0,
      0.0,
      0.0,
      0.0,
      0.0,
      0.0,
      0.0,
      0.0,
      0.0,
      0.0,
      0.0,
      0.0,
      0.0,
      0.0,
      0.0,
      0.0
    ],
    [
      0.0,
      0.0,
      0.0,
      0.0,
      0.0,
      0.0,
      0.0,
      0.0,
      0.0,
      0.0,
      0.0,
      0.0,
      0.0,
      0.0,
      0.0,
      0.0
    ],
    [
      0.0,
      0.0,
      0.0,
      0.0,
      0.0,
      0.0,
      0.0,
      0.0,
      0.0,
      0.0,
      0.0,
      0.0,
      0.0,
      0.0,
      0.0,
      0.0
    ],
    [
      0.0,
      0.0,
      0.0,
      0.0,
      0.0,
      0.0,
      0.0,
      0.0,
      0.0,
      0.0,
      0.0,
      0.0,
      0.0,
      0.0,
      0.0,
      0.0
    ]
  ]
}