{
  "config": {
    "symbols": [
      "H",
      "H"
    ],
    "geometry": [
      [
        0.0,
        0.0,
        0.0
      ],
      [
        0.0,
        0.0,
        0.7414
      ]
    ],
    "basis": "STO-3G",
    "ansatz": "RY-CZ",
    "optimizer": {
      "name": "Adam",
      "stepsize": 0.1,
      "iterations_planned": 50
    },
    "seed": 1,
    "noisy": true,
    "depolarizing_prob": 0.1,
    "amplitude_damping_prob": 0.0
  },
  "energies": [
    1.1542455412675223,
    1.1542455412675223,
    1.1472092468303332,
    1.132909130294124,
    1.109559889730894,
    1.076807987847942,
    1.0345030174727081,
    0.9829518399876118,
    0.922572246750781,
    0.8536793816911245,
    0.7770969868641758,
    0.6938797264581301,
    0.6048768028353769,
    0.511464152171839,
    0.41507834364650176,
    0.31696054927548833,
    0.21881060665990165,
    0.1219913778174564,
    0.027891584186181928,
    -0.0620652044926073,
    -0.1469345377284708,
    -0.2256073946993221,
    -0.29749554826640656,
    -0.3620764176124958,
    -0.41905725020725915,
    -0.46851990142490363,
    -0.5104681844836633,
    -0.5453529892498752,
    -0.5735055172332598,
    -0.5955420677530652,
    -0.6120121768724096,
    -0.6235703747664215,
    -0.6309170733655676,
    -0.6346826404037749,
    -0.6355910666797363,
    -0.6342206412855962,
    -0.6312475481283658,
    -0.6271848618517035,
    -0.6225706287007602,
    -0.6178158701089494,
    -0.6132921764688714,
    -0.6092929985261754,
    -0.6060087814395749,
    -0.60359296452385,
    -0.6020864203732796,
    -0.6015216320072069,
    -0.6018301651877415,
    -0.6029441174705262,
    -0.6047326212324856,
    -0.6070729143015893,
    -0.6098154946303203
  ],
  "final_params": [
    3.412208394395216,
    -3.4138438569074427,
    0.0026637148297298015,
    -0.001799090723024619
  ],
  "final_state_real": [
    [
      0.005933606936790317,
      -4.956294920233456e-06,
      -4.285210652944347e-06,
      -3.579403869309978e-09,
      -0.004919920885570142,
      4.10957306597769e-06,
      6.08459155499046e-06,
      5.082413052469026e-09,
      0.0048689706340550015,
      -4.06701264128333e-06,
      -1.0311697286360015e-05,
      -8.613282322676422e-09,
      0.011758375681491335,
      -9.821683137635268e-06,
      -1.4541882895280835e-05,
      -1.2146724191179868e-08
    ],
    [
      -4.956294920233456e-06,
      0.0004238338437863282,
      3.579403869309978e-09,
      -3.0608302538502403e-07,
      4.109573065977689e-06,
      -0.0003514268811988073,
      -5.082413052469026e-09,
      4.346087840755295e-07,
      -4.06701264128333e-06,
      0.00034778753650146143,
      8.613282322676422e-09,
      -7.365415046970872e-07,
      -9.821683137635266e-06,
      0.0008398934433742507,
      1.2146724191179868e-08,
      -1.0386942140928393e-06
    ],
    [
      -4.285210652944348e-06,
      3.579403869309978e-09,
      0.0004238395385183854,
      -3.540123188803305e-07,
      -6.084591554990461e-06,
      5.082413052469028e-09,
      -0.00035141423773999634,
      2.935481858415391e-07,
      -1.0311697286360015e-05,
      8.613282322676422e-09,
      0.0003477922094572959,
      -2.904937255001993e-07,
      1.4541882895280836e-05,
      -1.2146724191179872e-08,
      0.000839863226112211,
      -7.015661288108414e-07
    ],
    [
      -3.579403869309978e-09,
      -3.0608302538502413e-07,
      -3.540123188803305e-07,
      3.027459396493874e-05,
      -5.082413052469026e-09,
      -4.346087840755295e-07,
      2.93548185841539e-07,
      -2.5101299888791153e-05,
      -8.613282322676422e-09,
      -7.365415046970872e-07,
      -2.904937255001993e-07,
      2.4842580666956403e-05,
      1.2146724191179872e-08,
      1.0386942140928398e-06,
      -7.015661288108411e-07,
      5.999090657165712e-05
    ],
    [
      -0.004919920885570143,
      4.1095730659776925e-06,
      -6.084591554990461e-06,
      -5.08241305246903e-09,
      0.06587817615771839,
      -5.5027519234593154e-05,
      -8.125512526803975e-05,
      -6.787178818988755e-08,
      -0.011758375681491335,
      9.821683137635268e-06,
      -1.4541882895280835e-05,
      -1.2146724191179868e-08,
      0.09232424047221849,
      -7.711770748238874e-05,
      -0.00011448614941173644,
      -9.562940993465588e-08
    ],
    [
      4.109573065977692e-06,
      -0.0003514268811988074,
      5.082413052469028e-09,
      -4.346087840755295e-07,
      -5.5027519234593154e-05,
      0.004705637046740789,
      6.787178818988755e-08,
      -5.803872104395176e-06,
      9.821683137635266e-06,
      -0.0008398934433742507,
      1.2146724191179868e-08,
      -1.0386942140928393e-06,
      -7.711770748238874e-05,
      0.006594662931137874,
      9.562940993465588e-08,
      -8.177489933324242e-06
    ],
    [
      6.084591554990461e-06,
      -5.08241305246903e-09,
      -0.00035141423773999645,
      2.9354818584153916e-07,
      -8.125512526803975e-05,
      6.787178818988755e-08,
      0.004705700272796307,
      -3.930439975826281e-06,
      1.4541882895280836e-05,
      -1.2146724191179872e-08,
      -0.000839863226112211,
      7.015661288108414e-07,
      -0.00011448614941173644,
      9.562940993465588e-08,
      0.0065947515385932475,
      -5.50827158027342e-06
    ],
    [
      5.082413052469028e-09,
      4.346087840755295e-07,
      2.9354818584153916e-07,
      -2.510129988879116e-05,
      -6.787178818988755e-08,
      -5.803872104395176e-06,
      -3.930439975826281e-06,
      0.0003361252363987034,
      1.2146724191179872e-08,
      1.0386942140928398e-06,
      7.015661288108411e-07,
      -5.999090657165712e-05,
      -9.562940993465588e-08,
      -8.177489933324242e-06,
      -5.50827158027342e-06,
      0.00047105899045778865
    ],
    [
      0.0048689706340550015,
      -4.06701264128333e-06,
      -1.0311697286360015e-05,
      -8.613282322676422e-09,
      -0.011758375681491335,
      9.821683137635268e-06,
      1.4541882895280835e-05,
      1.2146724191179868e-08,
      0.0660436969445088,
      -5.5165777437993104e-05,
      -4.76963096344779e-05,
      -3.984036470649422e-08,
      -0.09289062049093093,
      7.759083955417044e-05,
      0.00011488019789802865,
      9.595855563851091e-08
    ],
    [
      -4.06701264128333e-06,
      0.00034778753650146143,
      8.613282322676422e-09,
      -7.365415046970872e-07,
      9.821683137635266e-06,
      -0.0008398934433742507,
      -1.2146724191179868e-08,
      1.0386942140928393e-06,
      -5.516577743799312e-05,
      0.0047174600933360955,
      3.984036470649422e-08,
      -3.406840861508395e-06,
      7.759083955417044e-05,
      -0.006635119102726568,
      -9.59585556385109e-08,
      8.205635936543437e-06
    ],
    [
      -1.0311697286360015e-05,
      8.613282322676422e-09,
      0.0003477922094572959,
      -2.904937255001993e-07,
      -1.4541882895280836e-05,
      1.2146724191179872e-08,
      -0.000839863226112211,
      7.015661288108414e-07,
      -4.769630963447791e-05,
      3.984036470649422e-08,
      0.004717523478248874,
      -3.940315317785864e-06,
      -0.00011488019789802869,
      9.595855563851091e-08,
      -0.006634880387763172,
      5.542339757288141e-06
    ],
    [
      -8.613282322676422e-09,
      -7.365415046970872e-07,
      -2.904937255001993e-07,
      2.4842580666956403e-05,
      -1.2146724191179872e-08,
      -1.0386942140928398e-06,
      7.015661288108411e-07,
      -5.999090657165712e-05,
      -3.984036470649423e-08,
      -3.406840861508395e-06,
      -3.940315317785866e-06,
      0.00033696976059220316,
      -9.595855563851091e-08,
      -8.20563593654344e-06,
      5.542339757288141e-06,
      -0.0004739253691329511
    ],
    [
      0.011758375681491335,
      -9.821683137635268e-06,
      1.4541882895280835e-05,
      1.2146724191179868e-08,
      0.09232424047221849,
      -7.711770748238874e-05,
      -0.00011448614941173644,
      -9.562940993465588e-08,
      -0.09289062049093096,
      7.759083955417047e-05,
      -0.00011488019789802872,
      -9.595855563851094e-08,
      0.7332535416932805,
      -0.0006124808809636902,
      -0.0009044058572732778,
      -7.554433345595956e-07
    ],
    [
      -9.821683137635266e-06,
      0.0008398934433742507,
      -1.2146724191179868e-08,
      1.0386942140928393e-06,
      -7.711770748238874e-05,
      0.006594662931137874,
      9.562940993465588e-08,
      -8.177489933324242e-06,
      7.759083955417045e-05,
      -0.0066351191027265695,
      9.595855563851091e-08,
      -8.20563593654344e-06,
      -0.0006124808809636903,
      0.052375843286631925,
      7.554433345595956e-07,
      -6.459969028125542e-05
    ],
    [
      -1.4541882895280836e-05,
      1.2146724191179872e-08,
      0.000839863226112211,
      -7.015661288108414e-07,
      -0.00011448614941173644,
      9.562940993465588e-08,
      0.0065947515385932475,
      -5.50827158027342e-06,
      0.00011488019789802872,
      -9.595855563851094e-08,
      -0.006634880387763174,
      5.542339757288142e-06,
      -0.0009044058572732778,
      7.554433345595956e-07,
      0.05237654702088569,
      -4.37475534505946e-05
    ],
    [
      -1.2146724191179872e-08,
      -1.0386942140928398e-06,
      -7.015661288108411e-07,
      5.999090657165712e-05,
      -9.562940993465588e-08,
      -8.177489933324242e-06,
      -5.50827158027342e-06,
      0.00047105899045778865,
      9.595855563851091e-08,
      8.20563593654344e-06,
      5.542339757288141e-06,
      -0.0004739253691329512,
      -7.554433345595956e-07,
      -6.459969028125542e-05,
      -4.374755345059461e-05,
      0.003741224096000786
    ]
  ],
  "final_state_imag": [
    [
      0.0,
      0.0,
      0.0,
      0.0,
      0.0,
      0.0,
      0.0,
      0.0,
      0.0,
      0.0,
      0.0,
      0.0,
      0.0,
      0.0,
      0.0,
      0.0
    ],
    [
      0.0,
      0.0,
      0.0,
      0.0,
      0.0,
      0.0,
      0.0,
      0.0,
      0.0,
      0.0,
      0.0,
      0.0,
      0.0,
      0.0,
      0.0,
      0.0
    ],
    [
      0.0,
      0.0,
      0.0,
      0.0,
      0.0,
      0.0,
      0.0,
      0.0,
      0.0,
      0.0,
      0.0,
      0.0,
      0.0,
      0.0,
      0.0,
      0.0
    ],
    [
      0.0,
      0.0,
      0.0,
      0.0,
      0.0,
      0.0,
      0.0,
      0.0,
      0.0,
      0.0,
      0.0,
      0.0,
      0.0,
      0.0,
      0.0,
      0.0
    ],
    [
      0.0,
      0.0,
      0.0,
      0.0,
      0.0,
      0.0,
      0.0,
      0.0,
      0.0,
      0.0,
      0.0,
      0.0,
      0.0,
      0.0,
      0.0,
      0.0
    ],
    [
      0.0,
      0.0,
      0.0,
      0.0,
      0.0,
      0.0,
      0.0,
      0.0,
      0.0,
      0.0,
      0.0,
      0.0,
      0.0,
      0.0,
      0.0,
      0.0
    ],
    [
      0.0,
      0.0,
      0.0,
      0.0,
      0.0,
      0.0,
      0.0,
      0.0,
      0.0,
      0.0,
      0.0,
      0.0,
      0.0,
      0.0,
      0.0,
      0.0
    ],
    [
      0.0,
      0.0,
      0.0,
      0.0,
      0.0,
      0.0,
      0.0,
      0.0,
      0.0,
      0.0,
      0.0,
      0.0,
      0.0,
      0.0,
      0.0,
      0.0
    ],
    [
      0.0,
      0.0,
      0.0,
      0.0,
      0.0,
      0.0,
      0.0,
      0.0,
      0.0,
      0.0,
      0.0,
      0.0,
      0.0,
      0.0,
      0.0,
      0.0
    ],
    [
      0.0,
      0.0,
      0.0,
      0.0,
      0.0,
      0.0,
      0.0,
      0.0,
      0.0,
      0.0,
      0.0,
      0.0,
      0.0,
      0.0,
      0.0,
      0.0
    ],
    [
      0.0,
      0.0,
      0.0,
      0.0,
      0.0,
      0.0,
      0.0,
      0.0,
      0.0,
      0.0,
      0.0,
      0.0,
      0.0,
      0.0,
      0.0,
      0.0
    ],
    [
      0.0,
      0.0,
      0.0,
      0.0,
      0.0,
      0.0,
      0.0,
      0.0,
      0.0,
      0.0,
      0.0,
      0.0,
      0.0,
      0.0,
      0.0,
      0.0
    ],
    [
      0.0,
      0.0,
      0.0,
      0.0,
      0.0,
      0.0,
      0.0,
      0.0,
      0.0,
      0.0,
      0.0,
      0.0,
      0.0,
      0.0,
      0.0,
      0.0
    ],
    [
      0.0,
      0.0,
      0.0,
      0.0,
      0.0,
      0.0,
      0.0,
      0.0,
      0.0,
      0.0,
      0.0,
      0.0,
      0.0,
      0.0,
      0.0,
      0.0
    ],
    [
      0.0,
      0.0,
      0.0,
      0.0,
      0.0,
      0.0,
      0.0,
      0.0,
      0.0,
      0.0,
      0.0,
      0.0,
      0.0,
      0.0,
      0.0,
      0.0
    ],
    [
      0.0,
      0.0,
      0.0,
      0.0,
      0.0,
      0.0,
      0.0,
      0.0,
      0.0,
      0.0,
      0.0,
      0.0,
      0.0,
      0.0,
      0.0,
      0.0
    ]
  ]
}