{
  "config": {
    "symbols": [
      "H",
      "H"
    ],
    "geometry": [
      [
        0.0,
        0.0,
        0.0
      ],
      [
        0.0,
        0.0,
        0.7414
      ]
    ],
    "basis": "sto-3g",
    "ansatz": "RY-CZ",
    "optimizer": {
      "name": "Adam",
      "stepsize": 0.2,
      "iterations_planned": 30
    },
    "optimizer_name": "Adam",
    "seed": 0,
    "noisy": true,
    "depolarizing_prob": 0.06,
    "amplitude_damping_prob": 0.0,
    "mapping": "jordan_wigner",
    "molecule": "H2"
  },
  "result": {
    "energy": -0.9639117181056479,
    "energies": [
      0.581198012347562,
      0.581198012347562,
      0.5491414600378215,
      0.4878787409555907,
      0.39256947444160056,
      0.27491867966038663,
      0.15205588660490207,
      0.04227733406168749,
      -0.05046698341452795,
      -0.1465205199765028,
      -0.25899460598631435,
      -0.38730035033360233,
      -0.5250634618556371,
      -0.6628049565752226,
      -0.789471049988076,
      -0.8943231980067857,
      -0.9690344036648493,
      -1.0095141831545105,
      -1.0170443729001788,
      -0.9983176850467899,
      -0.9639088411115884,
      -0.9252789859279725,
      -0.8916974085963955,
      -0.8687163431563077,
      -0.8583976574258707,
      -0.8603216964523359,
      -0.872542829592451,
      -0.8922448034644652,
      -0.916183727877682,
      -0.9410620622730395,
      -0.9639117181056479
    ],
    "steps": 30,
    "final_state_real": [
      [
        0.004645475757707721,
        -0.00013262347966388712,
        1.88227091489421e-06,
        5.374094519730435e-08,
        0.0009585330251256645,
        -2.736522082581877e-05,
        4.393679249508201e-06,
        1.2544446917495122e-07,
        0.0009601881393985594,
        -2.7412368252647425e-05,
        4.979036207364876e-05,
        1.4215706667837937e-06,
        -0.02539877810303741,
        0.0007251113454379611,
        -0.00011642174175433194,
        -3.3239712699624464e-06
      ],
      [
        -0.00013262347966388712,
        0.00019767715973758888,
        -5.374094519730435e-08,
        7.676022923994942e-08,
        -2.736522082581877e-05,
        4.0788090564704183e-05,
        -1.2544446917495114e-07,
        1.7917709067826375e-07,
        -2.7412368252647425e-05,
        4.085852001166969e-05,
        -1.4215706667837937e-06,
        2.030483272344548e-06,
        0.000725111345437961,
        -0.0010807845262960022,
        3.3239712699624464e-06,
        -4.747754170168949e-06
      ],
      [
        1.88227091489421e-06,
        -5.374094519730435e-08,
        0.00019366759785037079,
        -5.522949042555973e-06,
        -4.393679249508202e-06,
        1.2544446917495132e-07,
        3.9916982021529526e-05,
        -1.1408425871533106e-06,
        4.979036207364876e-05,
        -1.4215706667837939e-06,
        4.002977092996292e-05,
        -1.1415558796891961e-06,
        0.00011642174175433194,
        -3.3239712699624464e-06,
        -0.0010577022828971872,
        3.0229535093799488e-05
      ],
      [
        5.374094519730435e-08,
        7.676022923994942e-08,
        -5.522949042555973e-06,
        8.241063493387747e-06,
        -1.2544446917495122e-07,
        -1.7917709067826383e-07,
        -1.1408425871533106e-06,
        1.6985721254104566e-06,
        1.4215706667837937e-06,
        2.030483272344548e-06,
        -1.1415558796891961e-06,
        1.7033715888522851e-06,
        3.3239712699624464e-06,
        4.747754170168949e-06,
        3.0229535093799488e-05,
        -4.500800220174879e-05
      ],
      [
        0.0009585330251256659,
        -2.7365220825818843e-05,
        -4.393679249508206e-06,
        -1.2544446917495122e-07,
        0.06076161981952445,
        -0.0017346807670041331,
        0.0002777069568374496,
        7.928845008557314e-06,
        0.02539877810303741,
        -0.0007251113454379611,
        -0.00011642174175433194,
        -3.3239712699624464e-06,
        0.14166447777193283,
        -0.004044372840759793,
        0.0006512450411512533,
        1.859377616133054e-05
      ],
      [
        -2.7365220825818843e-05,
        4.078809056470425e-05,
        1.2544446917495114e-07,
        -1.79177090678264e-07,
        -0.0017346807670041331,
        0.002585566054682335,
        -7.928845008557314e-06,
        1.132506989280523e-05,
        -0.000725111345437961,
        0.0010807845262960022,
        3.3239712699624464e-06,
        -4.747754170168949e-06,
        -0.004044372840759793,
        0.006028194540720795,
        -1.859377616133054e-05,
        2.6558195345094673e-05
      ],
      [
        4.393679249508208e-06,
        -1.2544446917495132e-07,
        3.9916982021529594e-05,
        -1.1408425871533136e-06,
        0.0002777069568374496,
        -7.928845008557314e-06,
        0.002533122023599022,
        -7.223874313617854e-05,
        0.00011642174175433194,
        -3.3239712699624464e-06,
        0.0010577022828971872,
        -3.0229535093799488e-05,
        0.0006512450411512533,
        -1.8593776161330543e-05,
        0.005905922351504317,
        -0.00016842315678357162
      ],
      [
        1.2544446917495122e-07,
        1.7917709067826407e-07,
        -1.1408425871533136e-06,
        1.69857212541046e-06,
        7.928845008557314e-06,
        1.132506989280523e-05,
        -7.223874313617854e-05,
        0.00010779097621227827,
        3.3239712699624464e-06,
        4.747754170168949e-06,
        -3.0229535093799488e-05,
        4.500800220174879e-05,
        1.859377616133054e-05,
        2.6558195345094673e-05,
        -0.00016842315678357162,
        0.00025131246334437747
      ],
      [
        0.0009601881393985594,
        -2.7412368252647425e-05,
        4.979036207364876e-05,
        1.4215706667837937e-06,
        0.02539877810303741,
        -0.0007251113454379611,
        0.00011642174175433194,
        3.3239712699624464e-06,
        0.06075321589694305,
        -0.0017344408437941754,
        2.461621096168014e-05,
        7.028204249393569e-07,
        0.14164258463097523,
        -0.004043763235239815,
        0.0006492547138459175,
        1.853695008502325e-05
      ],
      [
        -2.7412368252647425e-05,
        4.085852001166969e-05,
        -1.4215706667837937e-06,
        2.030483272344548e-06,
        -0.000725111345437961,
        0.0010807845262960022,
        -3.3239712699624464e-06,
        4.747754170168949e-06,
        -0.0017344408437941754,
        0.0025852084457670824,
        -7.028204249393569e-07,
        1.003865055495331e-06,
        -0.004043763235239815,
        0.006027262930236111,
        -1.853695008502325e-05,
        2.6477028506139026e-05
      ],
      [
        4.979036207364876e-05,
        -1.4215706667837939e-06,
        4.002977092996292e-05,
        -1.1415558796891961e-06,
        -0.00011642174175433194,
        3.3239712699624464e-06,
        0.0010577022828971872,
        -3.0229535093799488e-05,
        2.461621096168014e-05,
        -7.028204249393569e-07,
        0.0025327716682029874,
        -7.222875181589284e-05,
        -0.0006492547138459175,
        1.853695008502325e-05,
        0.005898539075851223,
        -0.00016858249894968286
      ],
      [
        1.4215706667837937e-06,
        2.030483272344548e-06,
        -1.1415558796891961e-06,
        1.7033715888522851e-06,
        -3.3239712699624464e-06,
        -4.747754170168949e-06,
        -3.0229535093799488e-05,
        4.500800220174879e-05,
        7.028204249393569e-07,
        1.003865055495331e-06,
        -7.222875181589284e-05,
        0.00010777606767261537,
        -1.853695008502325e-05,
        -2.6477028506139026e-05,
        -0.00016858249894968286,
        0.00025099828562894286
      ],
      [
        -0.02539877810303741,
        0.0007251113454379611,
        0.00011642174175433194,
        3.3239712699624464e-06,
        0.14166447777193283,
        -0.004044372840759793,
        0.0006512450411512533,
        1.859377616133054e-05,
        0.14164258463097526,
        -0.004043763235239816,
        -0.0006492547138459176,
        -1.853695008502325e-05,
        0.7946363299859449,
        -0.022686037049105073,
        0.0036318326872840645,
        0.00010369289557028594
      ],
      [
        0.000725111345437961,
        -0.0010807845262960022,
        -3.3239712699624464e-06,
        4.747754170168949e-06,
        -0.004044372840759793,
        0.006028194540720795,
        -1.859377616133054e-05,
        2.6558195345094673e-05,
        -0.004043763235239816,
        0.006027262930236111,
        1.853695008502325e-05,
        -2.6477028506139033e-05,
        -0.022686037049105073,
        0.03381385695002181,
        -0.00010369289557028594,
        0.00014810849353889883
      ],
      [
        -0.00011642174175433194,
        3.3239712699624464e-06,
        -0.0010577022828971872,
        3.0229535093799488e-05,
        0.0006512450411512533,
        -1.8593776161330543e-05,
        0.005905922351504317,
        -0.00016842315678357162,
        0.0006492547138459176,
        -1.853695008502325e-05,
        0.005898539075851225,
        -0.0001685824989496829,
        0.0036318326872840645,
        -0.00010369289557028594,
        0.03312799747962761,
        -0.0009447333678567419
      ],
      [
        -3.3239712699624464e-06,
        -4.747754170168949e-06,
        3.0229535093799488e-05,
        -4.500800220174879e-05,
        1.859377616133054e-05,
        2.6558195345094673e-05,
        -0.00016842315678357162,
        0.00025131246334437747,
        1.853695008502325e-05,
        2.6477028506139033e-05,
        -0.0001685824989496829,
        0.00025099828562894297,
        0.00010369289557028594,
        0.00014810849353889883,
        -0.0009447333678567419,
        0.0014096830531730468
      ]
    ],
    "final_state_imag": [
      [
        0.0,
        0.0,
        0.0,
        0.0,
        0.0,
        0.0,
        0.0,
        0.0,
        0.0,
        0.0,
        0.0,
        0.0,
        0.0,
        0.0,
        0.0,
        0.0
      ],
      [
        0.0,
        0.0,
        0.0,
        0.0,
        0.0,
        0.0,
        0.0,
        0.0,
        0.0,
        0.0,
        0.0,
        0.0,
        0.0,
        0.0,
        0.0,
        0.0
      ],
      [
        0.0,
        0.0,
        0.0,
        0.0,
        0.0,
        0.0,
        0.0,
        0.0,
        0.0,
        0.0,
        0.0,
        0.0,
        0.0,
        0.0,
        0.0,
        0.0
      ],
      [
        0.0,
        0.0,
        0.0,
        0.0,
        0.0,
        0.0,
        0.0,
        0.0,
        0.0,
        0.0,
        0.0,
        0.0,
        0.0,
        0.0,
        0.0,
        0.0
      ],
      [
        0.0,
        0.0,
        0.0,
        0.0,
        0.0,
        0.0,
        0.0,
        0.0,
        0.0,
        0.0,
        0.0,
        0.0,
        0.0,
        0.0,
        0.0,
        0.0
      ],
      [
        0.0,
        0.0,
        0.0,
        0.0,
        0.0,
        0.0,
        0.0,
        0.0,
        0.0,
        0.0,
        0.0,
        0.0,
        0.0,
        0.0,
        0.0,
        0.0
      ],
      [
        0.0,
        0.0,
        0.0,
        0.0,
        0.0,
        0.0,
        0.0,
        0.0,
        0.0,
        0.0,
        0.0,
        0.0,
        0.0,
        0.0,
        0.0,
        0.0
      ],
      [
        0.0,
        0.0,
        0.0,
        0.0,
        0.0,
        0.0,
        0.0,
        0.0,
        0.0,
        0.0,
        0.0,
        0.0,
        0.0,
        0.0,
        0.0,
        0.0
      ],
      [
        0.0,
        0.0,
        0.0,
        0.0,
        0.0,
        0.0,
        0.0,
        0.0,
        0.0,
        0.0,
        0.0,
        0.0,
        0.0,
        0.0,
        0.0,
        0.0
      ],
      [
        0.0,
        0.0,
        0.0,
        0.0,
        0.0,
        0.0,
        0.0,
        0.0,
        0.0,
        0.0,
        0.0,
        0.0,
        0.0,
        0.0,
        0.0,
        0.0
      ],
      [
        0.0,
        0.0,
        0.0,
        0.0,
        0.0,
        0.0,
        0.0,
        0.0,
        0.0,
        0.0,
        0.0,
        0.0,
        0.0,
        0.0,
        0.0,
        0.0
      ],
      [
        0.0,
        0.0,
        0.0,
        0.0,
        0.0,
        0.0,
        0.0,
        0.0,
        0.0,
        0.0,
        0.0,
        0.0,
        0.0,
        0.0,
        0.0,
        0.0
      ],
      [
        0.0,
        0.0,
        0.0,
        0.0,
        0.0,
        0.0,
        0.0,
        0.0,
        0.0,
        0.0,
        0.0,
        0.0,
        0.0,
        0.0,
        0.0,
        0.0
      ],
      [
        0.0,
        0.0,
        0.0,
        0.0,
        0.0,
        0.0,
        0.0,
        0.0,
        0.0,
        0.0,
        0.0,
        0.0,
        0.0,
        0.0,
        0.0,
        0.0
      ],
      [
        0.0,
        0.0,
        0.0,
        0.0,
        0.0,
        0.0,
        0.0,
        0.0,
        0.0,
        0.0,
        0.0,
        0.0,
        0.0,
        0.0,
        0.0,
        0.0
      ],
      [
        0.0,
        0.0,
        0.0,
        0.0,
        0.0,
        0.0,
        0.0,
        0.0,
        0.0,
        0.0,
        0.0,
        0.0,
        0.0,
        0.0,
        0.0,
        0.0
      ]
    ],
    "num_qubits": 4
  }
}