{
  "config": {
    "symbols": [
      "H",
      "H"
    ],
    "geometry": [
      [
        0.0,
        0.0,
        0.0
      ],
      [
        0.0,
        0.0,
        0.7414
      ]
    ],
    "basis": "STO-3G",
    "ansatz": "RY-CZ",
    "optimizer": {
      "name": "Adam",
      "stepsize": 0.2,
      "iterations_planned": 30
    },
    "optimizer_name": "Adam",
    "seed": 0,
    "noisy": true,
    "depolarizing_prob": 0.08,
    "amplitude_damping_prob": 0.0,
    "mapping": "jordan_wigner",
    "molecule": "H2"
  },
  "result": {
    "energy": -0.9514807308919945,
    "energies": [
      0.539674869338563,
      0.509517396842604,
      0.451868316564695,
      0.36213902603726844,
      0.2513326743063832,
      0.13558650587257645,
      0.03180246314229494,
      -0.058450919586878126,
      -0.15500579780090168,
      -0.2678138154601299,
      -0.3949166830701209,
      -0.5295451102853295,
      -0.6622640593387245,
      -0.782397018347984,
      -0.8798389444090886,
      -0.9470535825277494,
      -0.9808219196065244,
      -0.9833253287294138,
      -0.9620329761333242,
      -0.927821201735425,
      -0.8916770056177312,
      -0.8617898133502846,
      -0.8425590319775639,
      -0.8352211054440218,
      -0.8389379814708197,
      -0.8516556623425436,
      -0.870645174531123,
      -0.8928746006117859,
      -0.9153523560482101,
      -0.9354947728566027,
      -0.9514807308919945
    ],
    "steps": 30,
    "final_state_real": [
      [
        0.006321568391886578,
        -4.34431787329762e-05,
        -2.328340839078878e-05,
        -1.6001492864788245e-07,
        0.002772037168793211,
        -1.9051316722144077e-05,
        -4.5179549449451766e-05,
        -3.104958801632129e-07,
        0.0027661280971243082,
        -1.9009427704034675e-05,
        -0.00019948354265119956,
        -1.3709481149841705e-06,
        -0.023700984390761966,
        0.00016288921567800342,
        0.000386286233221498,
        2.654747234990333e-06
      ],
      [
        -4.34431787329762e-05,
        0.00035647892034051487,
        1.6001492864788245e-07,
        -1.3105103133732658e-06,
        -1.9051316722144077e-05,
        0.00015631766609429593,
        3.104958801632129e-07,
        -2.5429380661676478e-06,
        -1.9009427704034685e-05,
        0.00015598444823471398,
        1.3709481149841705e-06,
        -1.1227962659283854e-05,
        0.00016288921567800342,
        -0.0013365198006035925,
        -2.654747234990333e-06,
        2.1742181559258123e-05
      ],
      [
        -2.328340839078878e-05,
        1.6001492864788245e-07,
        0.00035802436242089194,
        -2.4345851354601476e-06,
        4.5179549449451766e-05,
        -3.104958801632129e-07,
        0.00015534683885744846,
        -1.0789783642107427e-06,
        -0.00019948354265119956,
        1.3709481149841705e-06,
        0.00015666068718302566,
        -1.0653011927674062e-06,
        -0.0003862862332214981,
        2.6547472349903338e-06,
        -0.001328219204404637,
        9.22529093621846e-06
      ],
      [
        -1.6001492864788245e-07,
        -1.3105103133732658e-06,
        -2.4345851354601476e-06,
        2.018931541343525e-05,
        3.104958801632129e-07,
        2.5429380661676478e-06,
        -1.0789783642107427e-06,
        8.760147792641133e-06,
        -1.3709481149841705e-06,
        -1.1227962659283854e-05,
        -1.0653011927674066e-06,
        8.83423687996226e-06,
        -2.6547472349903338e-06,
        -2.1742181559258133e-05,
        9.22529093621846e-06,
        -7.489947408769532e-05
      ],
      [
        0.0027720371687932114,
        -1.9051316722144084e-05,
        4.517954944945178e-05,
        3.10495880163213e-07,
        0.06892079750363134,
        -0.00047363855593373684,
        -0.0011187628500545347,
        -7.688683487431338e-06,
        0.023700984390761962,
        -0.0001628892156780034,
        0.0003862862332214979,
        2.6547472349903325e-06,
        0.13291187018731324,
        -0.0009133989817609775,
        -0.00217486610854609,
        -1.4946739727134538e-05
      ],
      [
        -1.9051316722144077e-05,
        0.00015631766609429596,
        -3.10495880163213e-07,
        2.5429380661676486e-06,
        -0.00047363855593373684,
        0.0038865056834051824,
        7.688683487431338e-06,
        -6.296974345883848e-05,
        -0.0001628892156780034,
        0.0013365198006035925,
        -2.6547472349903325e-06,
        2.174218155925812e-05,
        -0.0009133989817609777,
        0.007495019755797049,
        1.4946739727134538e-05,
        -0.00012241268192431836
      ],
      [
        -4.517954944945178e-05,
        3.10495880163213e-07,
        0.0001553468388574485,
        -1.0789783642107427e-06,
        -0.0011187628500545347,
        7.688683487431338e-06,
        0.003903354840777578,
        -2.6543025199530305e-05,
        -0.000386286233221498,
        2.654747234990333e-06,
        0.0013282192044046367,
        -9.225290936218456e-06,
        -0.00217486610854609,
        1.4946739727134538e-05,
        0.007527512894277167,
        -5.118749706157531e-05
      ],
      [
        -3.10495880163213e-07,
        -2.5429380661676486e-06,
        -1.0789783642107427e-06,
        8.760147792641136e-06,
        -7.688683487431338e-06,
        -6.296974345883848e-05,
        -2.6543025199530305e-05,
        0.0002201136858903858,
        -2.654747234990333e-06,
        -2.1742181559258123e-05,
        -9.225290936218456e-06,
        7.489947408769529e-05,
        -1.4946739727134538e-05,
        -0.00012241268192431836,
        -5.1187497061575334e-05,
        0.00042448321414116793
      ],
      [
        0.0027661280971243082,
        -1.9009427704034675e-05,
        -0.00019948354265119956,
        -1.3709481149841705e-06,
        0.023700984390761966,
        -0.00016288921567800342,
        -0.000386286233221498,
        -2.654747234990333e-06,
        0.06894681755269913,
        -0.00047381737131185504,
        -0.00025394282095959686,
        -1.7452188139502551e-06,
        0.1329728525365967,
        -0.0009138794954270126,
        -0.0021672341317224204,
        -1.489428906328048e-05
      ],
      [
        -1.9009427704034685e-05,
        0.00015598444823471398,
        1.3709481149841705e-06,
        -1.1227962659283854e-05,
        -0.00016288921567800342,
        0.0013365198006035925,
        2.654747234990333e-06,
        -2.1742181559258123e-05,
        -0.00047381737131185504,
        0.003887972977346162,
        1.7452188139502551e-06,
        -1.4293211727811736e-05,
        -0.0009138794954270126,
        0.00749845860525414,
        1.489428906328048e-05,
        -0.00012198311490513562
      ],
      [
        -0.00019948354265119956,
        1.3709481149841705e-06,
        0.00015666068718302566,
        -1.0653011927674062e-06,
        0.0003862862332214981,
        -2.6547472349903338e-06,
        0.001328219204404637,
        -9.22529093621846e-06,
        -0.00025394282095959686,
        1.7452188139502551e-06,
        0.0039048284958739343,
        -2.65530461343296e-05,
        0.0021672341317224204,
        -1.489428906328048e-05,
        0.007451888642752507,
        -5.1757903007063316e-05
      ],
      [
        -1.3709481149841705e-06,
        -1.1227962659283854e-05,
        -1.0653011927674066e-06,
        8.83423687996226e-06,
        2.6547472349903338e-06,
        2.1742181559258133e-05,
        -9.22529093621846e-06,
        7.489947408769532e-05,
        -1.7452188139502551e-06,
        -1.4293211727811736e-05,
        -2.65530461343296e-05,
        0.000220196786625067,
        1.489428906328048e-05,
        0.00012198311490513562,
        -5.1757903007063316e-05,
        0.0004202186946637436
      ],
      [
        -0.023700984390761962,
        0.0001628892156780034,
        -0.0003862862332214979,
        -2.6547472349903325e-06,
        0.13291187018731324,
        -0.0009133989817609775,
        -0.00217486610854609,
        -1.4946739727134538e-05,
        0.1329728525365967,
        -0.0009138794954270126,
        0.0021672341317224204,
        1.489428906328048e-05,
        0.751691567106698,
        -0.005165786253898552,
        -0.012201898852576977,
        -8.385739499532258e-05
      ],
      [
        0.0001628892156780034,
        -0.0013365198006035925,
        2.6547472349903325e-06,
        -2.174218155925812e-05,
        -0.0009133989817609777,
        0.007495019755797049,
        1.4946739727134538e-05,
        -0.00012241268192431836,
        -0.0009138794954270126,
        0.00749845860525414,
        -1.489428906328048e-05,
        0.00012198311490513562,
        -0.005165786253898552,
        0.042388562720476405,
        8.385739499532258e-05,
        -0.0006867858013161717
      ],
      [
        0.000386286233221498,
        -2.654747234990333e-06,
        -0.0013282192044046367,
        9.225290936218456e-06,
        -0.00217486610854609,
        1.4946739727134538e-05,
        0.007527512894277167,
        -5.118749706157531e-05,
        -0.0021672341317224204,
        1.489428906328048e-05,
        0.007451888642752507,
        -5.1757903007063316e-05,
        -0.012201898852576977,
        8.385739499532258e-05,
        0.042572329739553876,
        -0.0002894941575064662
      ],
      [
        2.654747234990333e-06,
        2.1742181559258123e-05,
        9.225290936218456e-06,
        -7.489947408769529e-05,
        -1.4946739727134538e-05,
        -0.00012241268192431836,
        -5.1187497061575334e-05,
        0.00042448321414116793,
        -1.489428906328048e-05,
        -0.00012198311490513562,
        -5.1757903007063316e-05,
        0.0004202186946637436,
        -8.385739499532258e-05,
        -0.0006867858013161717,
        -0.0002894941575064662,
        0.0024006919171220835
      ]
    ],
    "final_state_imag": [
      [
        0.0,
        0.0,
        0.0,
        0.0,
        0.0,
        0.0,
        0.0,
        0.0,
        0.0,
        0.0,
        0.0,
        0.0,
        0.0,
        0.0,
        0.0,
        0.0
      ],
      [
        0.0,
        0.0,
        0.0,
        0.0,
        0.0,
        0.0,
        0.0,
        0.0,
        0.0,
        0.0,
        0.0,
        0.0,
        0.0,
        0.0,
        0.0,
        0.0
      ],
      [
        0.0,
        0.0,
        0.0,
        0.0,
        0.0,
        0.0,
        0.0,
        0.0,
        0.0,
        0.0,
        0.0,
        0.0,
        0.0,
        0.0,
        0.0,
        0.0
      ],
      [
        0.0,
        0.0,
        0.0,
        0.0,
        0.0,
        0.0,
        0.0,
        0.0,
        0.0,
        0.0,
        0.0,
        0.0,
        0.0,
        0.0,
        0.0,
        0.0
      ],
      [
        0.0,
        0.0,
        0.0,
        0.0,
        0.0,
        0.0,
        0.0,
        0.0,
        0.0,
        0.0,
        0.0,
        0.0,
        0.0,
        0.0,
        0.0,
        0.0
      ],
      [
        0.0,
        0.0,
        0.0,
        0.0,
        0.0,
        0.0,
        0.0,
        0.0,
        0.0,
        0.0,
        0.0,
        0.0,
        0.0,
        0.0,
        0.0,
        0.0
      ],
      [
        0.0,
        0.0,
        0.0,
        0.0,
        0.0,
        0.0,
        0.0,
        0.0,
        0.0,
        0.0,
        0.0,
        0.0,
        0.0,
        0.0,
        0.0,
        0.0
      ],
      [
        0.0,
        0.0,
        0.0,
        0.0,
        0.0,
        0.0,
        0.0,
        0.0,
        0.0,
        0.0,
        0.0,
        0.0,
        0.0,
        0.0,
        0.0,
        0.0
      ],
      [
        0.0,
        0.0,
        0.0,
        0.0,
        0.0,
        0.0,
        0.0,
        0.0,
        0.0,
        0.0,
        0.0,
        0.0,
        0.0,
        0.0,
        0.0,
        0.0
      ],
      [
        0.0,
        0.0,
        0.0,
        0.0,
        0.0,
        0.0,
        0.0,
        0.0,
        0.0,
        0.0,
        0.0,
        0.0,
        0.0,
        0.0,
        0.0,
        0.0
      ],
      [
        0.0,
        0.0,
        0.0,
        0.0,
        0.0,
        0.0,
        0.0,
        0.0,
        0.0,
        0.0,
        0.0,
        0.0,
        0.0,
        0.0,
        0.0,
        0.0
      ],
      [
        0.0,
        0.0,
        0.0,
        0.0,
        0.0,
        0.0,
        0.0,
        0.0,
        0.0,
        0.0,
        0.0,
        0.0,
        0.0,
        0.0,
        0.0,
        0.0
      ],
      [
        0.0,
        0.0,
        0.0,
        0.0,
        0.0,
        0.0,
        0.0,
        0.0,
        0.0,
        0.0,
        0.0,
        0.0,
        0.0,
        0.0,
        0.0,
        0.0
      ],
      [
        0.0,
        0.0,
        0.0,
        0.0,
        0.0,
        0.0,
        0.0,
        0.0,
        0.0,
        0.0,
        0.0,
        0.0,
        0.0,
        0.0,
        0.0,
        0.0
      ],
      [
        0.0,
        0.0,
        0.0,
        0.0,
        0.0,
        0.0,
        0.0,
        0.0,
        0.0,
        0.0,
        0.0,
        0.0,
        0.0,
        0.0,
        0.0,
        0.0
      ],
      [
        0.0,
        0.0,
        0.0,
        0.0,
        0.0,
        0.0,
        0.0,
        0.0,
        0.0,
        0.0,
        0.0,
        0.0,
        0.0,
        0.0,
        0.0,
        0.0
      ]
    ],
    "num_qubits": 4
  }
}