{
  "config": {
    "symbols": [
      "H",
      "H"
    ],
    "geometry": [
      [
        0.0,
        0.0,
        0.0
      ],
      [
        0.0,
        0.0,
        0.7414
      ]
    ],
    "basis": "sto-3g",
    "ansatz": "RY-CZ",
    "optimizer": {
      "name": "Adam",
      "stepsize": 0.2,
      "iterations_planned": 30
    },
    "optimizer_name": "Adam",
    "seed": 5,
    "noisy": true,
    "depolarizing_prob": 0.02,
    "amplitude_damping_prob": 0.0,
    "mapping": "jordan_wigner",
    "molecule": "H2"
  },
  "result": {
    "energy": -1.0154528352045094,
    "energies": [
      0.6682395491969062,
      0.6682395491969062,
      0.6340536768688717,
      0.5683402573721537,
      0.46404802053085914,
      0.33391307055311703,
      0.1967608666657199,
      0.07362542987120088,
      -0.02575845330787033,
      -0.11977024209499214,
      -0.22873348225328888,
      -0.35651296968463153,
      -0.4983793748003471,
      -0.6452531704455247,
      -0.7855588700042636,
      -0.9072635655463792,
      -1.000221058523602,
      -1.058264661302939,
      -1.0805257684836205,
      -1.0716929845886018,
      -1.0410303740859055,
      -1.000117601725857,
      -0.9599173342092269,
      -0.9284570199041401,
      -0.9100345961122638,
      -0.9057106506462878,
      -0.9142675060794221,
      -0.9330680627801474,
      -0.958680716574312,
      -0.9873551656555313,
      -1.0154528352045094
    ],
    "steps": 30,
    "final_state_real": [
      [
        0.00200954623176319,
        8.4642463477862e-05,
        -7.585801481647359e-05,
        3.196002552177104e-06,
        0.0034110149050318775,
        0.00014373475584532997,
        0.0003010515754069905,
        -1.2683717147956957e-05,
        -0.0032707794573351655,
        -0.00013776584304742555,
        0.0006746437149559243,
        -2.842366808604034e-05,
        0.029315814043328055,
        0.0012353218884235495,
        0.0025873742120161767,
        -0.0001090096360291931
      ],
      [
        8.4642463477862e-05,
        3.082053737102258e-05,
        -3.196002552177104e-06,
        -8.867706370920133e-07,
        0.00014373475584532995,
        5.231495085405863e-05,
        1.2683717147956957e-05,
        3.5192549919357565e-06,
        -0.00013776584304742555,
        -5.0164150943032795e-05,
        2.842366808604034e-05,
        7.886500040489703e-06,
        0.0012353218884235495,
        0.00044961848998695486,
        0.0001090096360291931,
        3.0246078597442666e-05
      ],
      [
        -7.585801481647359e-05,
        -3.196002552177104e-06,
        4.3234802276575875e-05,
        4.6642967163525634e-07,
        -0.0003010515754069905,
        -1.2683717147956957e-05,
        1.8796694906134257e-05,
        3.0924114364824757e-06,
        0.0006746437149559243,
        2.842366808604034e-05,
        -7.03698680294091e-05,
        -7.591706844871243e-07,
        -0.0025873742120161767,
        -0.0001090096360291931,
        0.0001615473481762032,
        2.6577590875855165e-05
      ],
      [
        3.196002552177104e-06,
        -8.867706370920133e-07,
        4.6642967163525634e-07,
        6.63094890892267e-07,
        1.2683717147956957e-05,
        -3.5192549919357565e-06,
        3.092411436482475e-06,
        2.882860959600404e-07,
        -2.842366808604034e-05,
        7.886500040489703e-06,
        -7.591706844871238e-07,
        -1.079267106729551e-06,
        0.0001090096360291931,
        -3.0246078597442666e-05,
        2.6577590875855165e-05,
        2.4776618735890836e-06
      ],
      [
        0.0034110149050318767,
        0.00014373475584532995,
        -0.0003010515754069904,
        1.2683717147956956e-05,
        0.042564341625660626,
        0.0017928180375069772,
        0.0037524375218607837,
        -0.0001580953565126488,
        -0.029315814043328055,
        -0.0012353218884235495,
        0.0025873742120161767,
        -0.0001090096360291931,
        0.1617943152233742,
        0.00681480684582427,
        0.014289676497660551,
        -0.0006020437348222097
      ],
      [
        0.00014373475584532995,
        5.2314950854058624e-05,
        -1.2683717147956954e-05,
        -3.5192549919357552e-06,
        0.001792818037506977,
        0.0006528119935790746,
        0.0001580953565126488,
        4.3865521922224624e-05,
        -0.0012353218884235495,
        -0.00044961848998695486,
        0.0001090096360291931,
        3.0246078597442666e-05,
        0.00681480684582427,
        0.002481449622776653,
        0.0006020437348222097,
        0.00016704451813465325
      ],
      [
        0.0003010515754069904,
        1.2683717147956956e-05,
        1.879669490613424e-05,
        3.092411436482474e-06,
        0.0037524375218607837,
        0.0001580953565126488,
        0.000915759421271641,
        9.8794800408291e-06,
        -0.0025873742120161767,
        -0.0001090096360291931,
        -0.0001615473481762032,
        -2.6577590875855165e-05,
        0.014289676497660551,
        0.0006020437348222097,
        0.0034809576000742154,
        3.755358703834123e-05
      ],
      [
        -1.2683717147956954e-05,
        3.5192549919357552e-06,
        3.092411436482474e-06,
        2.8828609596004024e-07,
        -0.0001580953565126488,
        4.3865521922224624e-05,
        9.8794800408291e-06,
        1.4045060033978172e-05,
        0.0001090096360291931,
        -3.0246078597442666e-05,
        -2.6577590875855165e-05,
        -2.4776618735890836e-06,
        -0.0006020437348222097,
        0.00016704451813465325,
        3.755358703834123e-05,
        5.338766638172829e-05
      ],
      [
        -0.0032707794573351655,
        -0.00013776584304742555,
        0.0006746437149559243,
        -2.842366808604034e-05,
        -0.029315814043328055,
        -0.0012353218884235495,
        -0.0025873742120161767,
        0.0001090096360291931,
        0.04145774949385588,
        0.001746208169756389,
        -0.0015649814498685168,
        6.593482204867054e-05,
        -0.15881296137336248,
        -0.006692126203963555,
        -0.014016617794888676,
        0.0005905393959192681
      ],
      [
        -0.00013776584304742555,
        -5.0164150943032795e-05,
        2.842366808604034e-05,
        7.886500040489703e-06,
        -0.0012353218884235495,
        -0.00044961848998695486,
        -0.0001090096360291931,
        -3.0246078597442666e-05,
        0.001746208169756389,
        0.0006358401202209568,
        -6.593482204867054e-05,
        -1.8294436002505467e-05,
        -0.006692126203963555,
        -0.0024357244106376396,
        -0.0005905393959192681,
        -0.00016385249629745707
      ],
      [
        0.0006746437149559243,
        2.842366808604034e-05,
        -7.03698680294091e-05,
        -7.591706844871243e-07,
        0.0025873742120161767,
        0.0001090096360291931,
        -0.0001615473481762032,
        -2.6577590875855165e-05,
        -0.0015649814498685168,
        -6.593482204867054e-05,
        0.0008919514136412737,
        9.622632302512085e-06,
        0.014016617794888676,
        0.0005905393959192681,
        -0.0008751526642909474,
        -0.00014397914746375055
      ],
      [
        -2.842366808604034e-05,
        7.886500040489703e-06,
        -7.591706844871238e-07,
        -1.079267106729551e-06,
        -0.0001090096360291931,
        3.0246078597442666e-05,
        -2.6577590875855165e-05,
        -2.4776618735890836e-06,
        6.593482204867054e-05,
        -1.8294436002505467e-05,
        9.622632302512084e-06,
        1.3679915118522556e-05,
        -0.0005905393959192681,
        0.00016385249629745707,
        -0.00014397914746375055,
        -1.3422271639634337e-05
      ],
      [
        0.029315814043328055,
        0.0012353218884235495,
        -0.0025873742120161767,
        0.0001090096360291931,
        0.1617943152233742,
        0.00681480684582427,
        0.014289676497660551,
        -0.0006020437348222097,
        -0.15881296137336245,
        -0.006692126203963554,
        0.014016617794888674,
        -0.000590539395919268,
        0.8781195399218302,
        0.036986559409392744,
        0.07741429996171503,
        -0.00326157098694488
      ],
      [
        0.0012353218884235495,
        0.00044961848998695486,
        -0.0001090096360291931,
        -3.0246078597442666e-05,
        0.00681480684582427,
        0.002481449622776653,
        0.0006020437348222097,
        0.00016704451813465325,
        -0.006692126203963553,
        -0.0024357244106376387,
        0.0005905393959192681,
        0.00016385249629745702,
        0.03698655940939275,
        0.013467774798412914,
        0.00326157098694488,
        0.0009049634143889335
      ],
      [
        0.0025873742120161767,
        0.0001090096360291931,
        0.0001615473481762032,
        2.6577590875855165e-05,
        0.014289676497660551,
        0.0006020437348222097,
        0.0034809576000742154,
        3.755358703834123e-05,
        -0.014016617794888674,
        -0.000590539395919268,
        -0.0008751526642909471,
        -0.00014397914746375055,
        0.07741429996171503,
        0.00326157098694488,
        0.01889248631538429,
        0.00020381765902587488
      ],
      [
        -0.0001090096360291931,
        3.0246078597442666e-05,
        2.6577590875855165e-05,
        2.4776618735890836e-06,
        -0.0006020437348222097,
        0.00016704451813465325,
        3.755358703834123e-05,
        5.338766638172829e-05,
        0.0005905393959192681,
        -0.00016385249629745702,
        -0.00014397914746375055,
        -1.3422271639634334e-05,
        -0.00326157098694488,
        0.0009049634143889335,
        0.00020381765902587493,
        0.000289755254848723
      ]
    ],
    "final_state_imag": [
      [
        0.0,
        0.0,
        0.0,
        0.0,
        0.0,
        0.0,
        0.0,
        0.0,
        0.0,
        0.0,
        0.0,
        0.0,
        0.0,
        0.0,
        0.0,
        0.0
      ],
      [
        0.0,
        0.0,
        0.0,
        0.0,
        0.0,
        0.0,
        0.0,
        0.0,
        0.0,
        0.0,
        0.0,
        0.0,
        0.0,
        0.0,
        0.0,
        0.0
      ],
      [
        0.0,
        0.0,
        0.0,
        0.0,
        0.0,
        0.0,
        0.0,
        0.0,
        0.0,
        0.0,
        0.0,
        0.0,
        0.0,
        0.0,
        0.0,
        0.0
      ],
      [
        0.0,
        0.0,
        0.0,
        0.0,
        0.0,
        0.0,
        0.0,
        0.0,
        0.0,
        0.0,
        0.0,
        0.0,
        0.0,
        0.0,
        0.0,
        0.0
      ],
      [
        0.0,
        0.0,
        0.0,
        0.0,
        0.0,
        0.0,
        0.0,
        0.0,
        0.0,
        0.0,
        0.0,
        0.0,
        0.0,
        0.0,
        0.0,
        0.0
      ],
      [
        0.0,
        0.0,
        0.0,
        0.0,
        0.0,
        0.0,
        0.0,
        0.0,
        0.0,
        0.0,
        0.0,
        0.0,
        0.0,
        0.0,
        0.0,
        0.0
      ],
      [
        0.0,
        0.0,
        0.0,
        0.0,
        0.0,
        0.0,
        0.0,
        0.0,
        0.0,
        0.0,
        0.0,
        0.0,
        0.0,
        0.0,
        0.0,
        0.0
      ],
      [
        0.0,
        0.0,
        0.0,
        0.0,
        0.0,
        0.0,
        0.0,
        0.0,
        0.0,
        0.0,
        0.0,
        0.0,
        0.0,
        0.0,
        0.0,
        0.0
      ],
      [
        0.0,
        0.0,
        0.0,
        0.0,
        0.0,
        0.0,
        0.0,
        0.0,
        0.0,
        0.0,
        0.0,
        0.0,
        0.0,
        0.0,
        0.0,
        0.0
      ],
      [
        0.0,
        0.0,
        0.0,
        0.0,
        0.0,
        0.0,
        0.0,
        0.0,
        0.0,
        0.0,
        0.0,
        0.0,
        0.0,
        0.0,
        0.0,
        0.0
      ],
      [
        0.0,
        0.0,
        0.0,
        0.0,
        0.0,
        0.0,
        0.0,
        0.0,
        0.0,
        0.0,
        0.0,
        0.0,
        0.0,
        0.0,
        0.0,
        0.0
      ],
      [
        0.0,
        0.0,
        0.0,
        0.0,
        0.0,
        0.0,
        0.0,
        0.0,
        0.0,
        0.0,
        0.0,
        0.0,
        0.0,
        0.0,
        0.0,
        0.0
      ],
      [
        0.0,
        0.0,
        0.0,
        0.0,
        0.0,
        0.0,
        0.0,
        0.0,
        0.0,
        0.0,
        0.0,
        0.0,
        0.0,
        0.0,
        0.0,
        0.0
      ],
      [
        0.0,
        0.0,
        0.0,
        0.0,
        0.0,
        0.0,
        0.0,
        0.0,
        0.0,
        0.0,
        0.0,
        0.0,
        0.0,
        0.0,
        0.0,
        0.0
      ],
      [
        0.0,
        0.0,
        0.0,
        0.0,
        0.0,
        0.0,
        0.0,
        0.0,
        0.0,
        0.0,
        0.0,
        0.0,
        0.0,
        0.0,
        0.0,
        0.0
      ],
      [
        0.0,
        0.0,
        0.0,
        0.0,
        0.0,
        0.0,
        0.0,
        0.0,
        0.0,
        0.0,
        0.0,
        0.0,
        0.0,
        0.0,
        0.0,
        0.0
      ]
    ],
    "num_qubits": 4
  }
}