{
  "config": {
    "symbols": [
      "H",
      "H"
    ],
    "geometry": [
      [
        0.0,
        0.0,
        0.0
      ],
      [
        0.0,
        0.0,
        0.7414
      ]
    ],
    "basis": "sto-3g",
    "ansatz": "RY-CZ",
    "optimizer": {
      "name": "Adam",
      "stepsize": 0.2,
      "iterations_planned": 30
    },
    "optimizer_name": "Adam",
    "seed": 7,
    "noisy": true,
    "depolarizing_prob": 0.02,
    "amplitude_damping_prob": 0.0,
    "mapping": "jordan_wigner",
    "molecule": "H2"
  },
  "result": {
    "energy": -0.9965886900316946,
    "energies": [
      0.6682204983255782,
      0.6682204983255782,
      0.6332163630997302,
      0.5651011640788515,
      0.4553521278592803,
      0.31436875173484513,
      0.15970861206780002,
      0.01493275942857547,
      -0.09881806034895602,
      -0.18717644308529446,
      -0.2769245535262426,
      -0.37898213531448266,
      -0.4927977860801186,
      -0.6142168876765616,
      -0.7369434918270623,
      -0.852754235468634,
      -0.952219412260036,
      -1.0264055831276504,
      -1.0693682045327306,
      -1.0804706436895994,
      -1.0650945037233521,
      -1.0329560465590086,
      -0.9948877328057375,
      -0.9599483617616835,
      -0.9340525388568283,
      -0.9200064580368167,
      -0.918217985516289,
      -0.92747987847988,
      -0.9455704818482966,
      -0.9696573290411096,
      -0.9965886900316946
    ],
    "steps": 30,
    "final_state_real": [
      [
        0.0021919970286272566,
        -0.00028436783644146887,
        -0.00012787127823833845,
        -1.6603669000333443e-05,
        0.0038222462290312094,
        -0.000496287963503275,
        0.0004761674693856233,
        6.182879501422606e-05,
        -0.0038565445530405686,
        0.0005003096338023205,
        0.001025115643983753,
        0.000133107927552309,
        0.030846503415423568,
        -0.004005170636303448,
        0.00384279310923412,
        0.0004989741691919336
      ],
      [
        -0.0002843678364414688,
        6.756492329256655e-05,
        1.660366900033344e-05,
        4.864903899389198e-07,
        -0.000496287963503275,
        0.00011781483729087211,
        -6.182879501422607e-05,
        -1.8115944491136443e-06,
        0.0005003096338023205,
        -0.00011887203016134198,
        -0.000133107927552309,
        -3.900085431574419e-06,
        -0.004005170636303448,
        0.0009507958313302024,
        -0.0004989741691919336,
        -1.4620029954509275e-05
      ],
      [
        -0.00012787127823833845,
        1.6603669000333443e-05,
        6.458276102893248e-05,
        6.946625210101321e-07,
        -0.00047616746938562303,
        6.182879501422606e-05,
        -9.337100969668868e-06,
        -1.4622121531131814e-05,
        0.001025115643983753,
        -0.00013310792755230898,
        -0.00011362528872697815,
        -1.2221718034356926e-06,
        -0.00384279310923412,
        0.0004989741691919336,
        -7.535278987613736e-05,
        -0.00011800425580251475
      ],
      [
        -1.660366900033344e-05,
        4.864903899389198e-07,
        6.946625210101321e-07,
        1.990663873150708e-06,
        -6.182879501422606e-05,
        1.8115944491136443e-06,
        -1.4622121531131814e-05,
        -2.8780171804598913e-07,
        0.00013310792755230898,
        -3.900085431574419e-06,
        -1.2221718034356943e-06,
        -3.5023240527574053e-06,
        -0.0004989741691919336,
        1.4620029954509275e-05,
        -0.00011800425580251475,
        -2.3226333801421617e-06
      ],
      [
        0.003822246229031211,
        -0.0004962879635032751,
        -0.0004761674693856234,
        -6.182879501422607e-05,
        0.04313111996526189,
        -0.005595401411424369,
        0.005365451819145478,
        0.0006966864433487656,
        -0.030846503415423568,
        0.004005170636303448,
        0.00384279310923412,
        0.0004989741691919336,
        0.16181979466224786,
        -0.020992886532480402,
        0.020170823792867717,
        0.002619115772789804
      ],
      [
        -0.0004962879635032751,
        0.00011781483729087217,
        6.182879501422609e-05,
        1.8115944491136464e-06,
        -0.005595401411424369,
        0.0013294501652679701,
        -0.0006966864433487656,
        -2.041303397960368e-05,
        0.004005170636303448,
        -0.0009507958313302024,
        -0.0004989741691919336,
        -1.4620029954509275e-05,
        -0.020992886532480402,
        0.004987845271131903,
        -0.002619115772789804,
        -7.674054774123107e-05
      ],
      [
        0.0004761674693856233,
        -6.182879501422606e-05,
        -9.337100969668868e-06,
        -1.4622121531131819e-05,
        0.005365451819145478,
        -0.0006966864433487656,
        0.0012707712543621338,
        1.3668619134863866e-05,
        -0.00384279310923412,
        0.0004989741691919336,
        7.535278987613736e-05,
        0.00011800425580251475,
        0.020170823792867717,
        -0.0026191157727898035,
        0.00476769310904025,
        5.128207066038587e-05
      ],
      [
        6.182879501422607e-05,
        -1.8115944491136443e-06,
        -1.462212153113182e-05,
        -2.878017180459889e-07,
        0.0006966864433487656,
        -2.041303397960368e-05,
        1.3668619134863866e-05,
        3.9169561455631116e-05,
        -0.0004989741691919336,
        1.4620029954509275e-05,
        0.00011800425580251475,
        2.3226333801421617e-06,
        0.0026191157727898035,
        -7.674054774123102e-05,
        5.128207066038587e-05,
        0.0001469567773075571
      ],
      [
        -0.0038565445530405686,
        0.0005003096338023205,
        0.001025115643983753,
        0.000133107927552309,
        -0.030846503415423568,
        0.004005170636303448,
        -0.00384279310923412,
        -0.0004989741691919336,
        0.043382844383374836,
        -0.005628057627296658,
        -0.0025307606226050196,
        -0.0003286110241151329,
        -0.1623940575403642,
        0.02108556363784248,
        -0.02023071324786364,
        -0.002626892223460057
      ],
      [
        0.0005003096338023205,
        -0.00011887203016134198,
        -0.000133107927552309,
        -3.900085431574419e-06,
        0.004005170636303448,
        -0.0009507958313302024,
        0.0004989741691919336,
        1.4620029954509275e-05,
        -0.005628057627296658,
        0.0013372091817166916,
        0.0003286110241151329,
        9.628360168875213e-06,
        0.02108556363784248,
        -0.005005546037512047,
        0.002626892223460057,
        7.696839909859293e-05
      ],
      [
        0.001025115643983753,
        -0.00013310792755230898,
        -0.00011362528872697815,
        -1.2221718034356926e-06,
        0.00384279310923412,
        -0.0004989741691919336,
        7.535278987613736e-05,
        0.00011800425580251475,
        -0.0025307606226050196,
        0.0003286110241151329,
        0.0012781878054467471,
        1.3748392746142723e-05,
        0.020230713247863644,
        -0.0026268922234600573,
        0.0003967012121332966,
        0.0006212435052596479
      ],
      [
        0.00013310792755230898,
        -3.900085431574419e-06,
        -1.2221718034356943e-06,
        -3.5023240527574053e-06,
        0.0004989741691919336,
        -1.4620029954509275e-05,
        0.00011800425580251475,
        2.3226333801421617e-06,
        -0.0003286110241151329,
        9.628360168875213e-06,
        1.3748392746142723e-05,
        3.939816518938762e-05,
        0.0026268922234600573,
        -7.696839909859293e-05,
        0.0006212435052596478,
        1.222770223581912e-05
      ],
      [
        0.030846503415423568,
        -0.004005170636303448,
        -0.00384279310923412,
        -0.0004989741691919336,
        0.16181979466224786,
        -0.020992886532480402,
        0.020170823792867717,
        0.002619115772789804,
        -0.16239405754036418,
        0.02108556363784247,
        0.020230713247863637,
        0.0026268922234600565,
        0.8536282855754792,
        -0.11074122160026775,
        0.106190181043382,
        0.013788449145268424
      ],
      [
        -0.004005170636303448,
        0.0009507958313302024,
        0.0004989741691919336,
        1.4620029954509275e-05,
        -0.020992886532480402,
        0.004987845271131903,
        -0.002619115772789804,
        -7.674054774123107e-05,
        0.02108556363784248,
        -0.005005546037512046,
        -0.0026268922234600565,
        -7.696839909859293e-05,
        -0.11074122160026775,
        0.026311773639306285,
        -0.013788449145268424,
        -0.00040400395847447226
      ],
      [
        0.00384279310923412,
        -0.0004989741691919336,
        -7.535278987613736e-05,
        -0.00011800425580251475,
        0.020170823792867717,
        -0.0026191157727898035,
        0.00476769310904025,
        5.128207066038587e-05,
        -0.02023071324786364,
        0.002626892223460057,
        0.00039670121213329705,
        0.0006212435052596477,
        0.106190181043382,
        -0.013788449145268424,
        0.025150431709017235,
        0.00027052207148053285
      ],
      [
        0.0004989741691919336,
        -1.4620029954509275e-05,
        -0.00011800425580251475,
        -2.3226333801421617e-06,
        0.0026191157727898035,
        -7.674054774123102e-05,
        5.128207066038587e-05,
        0.0001469567773075571,
        -0.002626892223460057,
        7.696839909859293e-05,
        0.0006212435052596478,
        1.2227702235819124e-05,
        0.013788449145268424,
        -0.00040400395847447226,
        0.00027052207148053285,
        0.0007752232174597725
      ]
    ],
    "final_state_imag": [
      [
        0.0,
        0.0,
        0.0,
        0.0,
        0.0,
        0.0,
        0.0,
        0.0,
        0.0,
        0.0,
        0.0,
        0.0,
        0.0,
        0.0,
        0.0,
        0.0
      ],
      [
        0.0,
        0.0,
        0.0,
        0.0,
        0.0,
        0.0,
        0.0,
        0.0,
        0.0,
        0.0,
        0.0,
        0.0,
        0.0,
        0.0,
        0.0,
        0.0
      ],
      [
        0.0,
        0.0,
        0.0,
        0.0,
        0.0,
        0.0,
        0.0,
        0.0,
        0.0,
        0.0,
        0.0,
        0.0,
        0.0,
        0.0,
        0.0,
        0.0
      ],
      [
        0.0,
        0.0,
        0.0,
        0.0,
        0.0,
        0.0,
        0.0,
        0.0,
        0.0,
        0.0,
        0.0,
        0.0,
        0.0,
        0.0,
        0.0,
        0.0
      ],
      [
        0.0,
        0.0,
        0.0,
        0.0,
        0.0,
        0.0,
        0.0,
        0.0,
        0.0,
        0.0,
        0.0,
        0.0,
        0.0,
        0.0,
        0.0,
        0.0
      ],
      [
        0.0,
        0.0,
        0.0,
        0.0,
        0.0,
        0.0,
        0.0,
        0.0,
        0.0,
        0.0,
        0.0,
        0.0,
        0.0,
        0.0,
        0.0,
        0.0
      ],
      [
        0.0,
        0.0,
        0.0,
        0.0,
        0.0,
        0.0,
        0.0,
        0.0,
        0.0,
        0.0,
        0.0,
        0.0,
        0.0,
        0.0,
        0.0,
        0.0
      ],
      [
        0.0,
        0.0,
        0.0,
        0.0,
        0.0,
        0.0,
        0.0,
        0.0,
        0.0,
        0.0,
        0.0,
        0.0,
        0.0,
        0.0,
        0.0,
        0.0
      ],
      [
        0.0,
        0.0,
        0.0,
        0.0,
        0.0,
        0.0,
        0.0,
        0.0,
        0.0,
        0.0,
        0.0,
        0.0,
        0.0,
        0.0,
        0.0,
        0.0
      ],
      [
        0.0,
        0.0,
        0.0,
        0.0,
        0.0,
        0.0,
        0.0,
        0.0,
        0.0,
        0.0,
        0.0,
        0.0,
        0.0,
        0.0,
        0.0,
        0.0
      ],
      [
        0.0,
        0.0,
        0.0,
        0.0,
        0.0,
        0.0,
        0.0,
        0.0,
        0.0,
        0.0,
        0.0,
        0.0,
        0.0,
        0.0,
        0.0,
        0.0
      ],
      [
        0.0,
        0.0,
        0.0,
        0.0,
        0.0,
        0.0,
        0.0,
        0.0,
        0.0,
        0.0,
        0.0,
        0.0,
        0.0,
        0.0,
        0.0,
        0.0
      ],
      [
        0.0,
        0.0,
        0.0,
        0.0,
        0.0,
        0.0,
        0.0,
        0.0,
        0.0,
        0.0,
        0.0,
        0.0,
        0.0,
        0.0,
        0.0,
        0.0
      ],
      [
        0.0,
        0.0,
        0.0,
        0.0,
        0.0,
        0.0,
        0.0,
        0.0,
        0.0,
        0.0,
        0.0,
        0.0,
        0.0,
        0.0,
        0.0,
        0.0
      ],
      [
        0.0,
        0.0,
        0.0,
        0.0,
        0.0,
        0.0,
        0.0,
        0.0,
        0.0,
        0.0,
        0.0,
        0.0,
        0.0,
        0.0,
        0.0,
        0.0
      ],
      [
        0.0,
        0.0,
        0.0,
        0.0,
        0.0,
        0.0,
        0.0,
        0.0,
        0.0,
        0.0,
        0.0,
        0.0,
        0.0,
        0.0,
        0.0,
        0.0
      ]
    ],
    "num_qubits": 4
  }
}