{
  "config": {
    "symbols": [
      "H",
      "H"
    ],
    "geometry": [
      [
        0.0,
        0.0,
        0.0
      ],
      [
        0.0,
        0.0,
        0.7414
      ]
    ],
    "basis": "STO-3G",
    "ansatz": "RY-CZ",
    "optimizer": {
      "name": "Adam",
      "stepsize": 0.2,
      "iterations_planned": 30
    },
    "optimizer_name": "Adam",
    "seed": 0,
    "noisy": true,
    "depolarizing_prob": 0.0,
    "amplitude_damping_prob": 0.08,
    "mapping": "jordan_wigner",
    "molecule": "H2"
  },
  "result": {
    "energy": -0.9658440072904514,
    "energies": [
      0.7135942949976934,
      0.6785018842215766,
      0.6112599467586259,
      0.5060977633236653,
      0.3748447793040627,
      0.2347924264998854,
      0.1056431992154297,
      0.0007267407815778858,
      -0.08873294085313822,
      -0.1844066143066969,
      -0.2958026921471859,
      -0.42167567548664703,
      -0.5554691782391424,
      -0.6875437189365594,
      -0.8069921909855349,
      -0.9037825498373101,
      -0.970849045850555,
      -1.0055555271642107,
      -1.0101668011545144,
      -0.9912398880561117,
      -0.958039457690082,
      -0.920365942419024,
      -0.8865338789166833,
      -0.8621933399179624,
      -0.850145313938878,
      -0.850793699008169,
      -0.8627876765789098,
      -0.8836046020054995,
      -0.9100274318856563,
      -0.9385628285471499,
      -0.9658440072904514
    ],
    "steps": 30,
    "final_state_real": [
      [
        0.01061324653318127,
        -0.0015871676945012605,
        0.0006647442600452756,
        0.00010009904637074313,
        0.007579859282708754,
        -0.0011403165230577394,
        0.000990046098791297,
        0.0001490839053583307,
        0.007584076156025967,
        -0.001134167630031828,
        0.00205350222499515,
        0.00030922209757510896,
        -0.023371819250067136,
        0.003516064173587977,
        -0.0030527187388517383,
        -0.000459686909634006
      ],
      [
        -0.0015871676945012605,
        0.000239242986144732,
        -0.00010009904637074313,
        -1.5043589828725027e-05,
        -0.0011403165230577399,
        0.000170864604311471,
        -0.00014908390535833062,
        -2.2405379507498472e-05,
        -0.001134167630031828,
        0.00017095966074509377,
        -0.00030922209757510896,
        -4.647207511516868e-05,
        0.003516064173587977,
        -0.000526845749935195,
        0.000459686909634006,
        6.908498700932063e-05
      ],
      [
        0.0006647442600452756,
        -0.00010009904637074313,
        0.00018167948286298098,
        2.7250551964125154e-05,
        -0.000990046098791297,
        0.00014908390535833073,
        -0.0001301408477376536,
        -1.9520145467415606e-05,
        0.00205350222499515,
        -0.00030922209757510896,
        0.00012982559386635225,
        1.9472859764779234e-05,
        0.0030527187388517383,
        -0.000459686909634006,
        0.0004012776829925511,
        6.018862548546136e-05
      ],
      [
        0.00010009904637074313,
        -1.5043589828725027e-05,
        2.7250551964125154e-05,
        4.095404913612391e-06,
        -0.00014908390535833065,
        2.2405379507498472e-05,
        -1.9520145467415606e-05,
        -2.9336249690254296e-06,
        0.00030922209757510896,
        -4.647207511516868e-05,
        1.9472859764779234e-05,
        2.9265185405326937e-06,
        0.000459686909634006,
        -6.908498700932063e-05,
        6.018862548546136e-05,
        9.045570632156108e-06
      ],
      [
        0.007579859282708754,
        -0.0011403165230577394,
        -0.000990046098791297,
        -0.0001490839053583307,
        0.09037717569587213,
        -0.01351553769492587,
        0.01176950461022585,
        0.0017722848598338127,
        0.023371819250067136,
        -0.003516064173587977,
        -0.0030527187388517383,
        -0.000459686909634006,
        0.1342784355544071,
        -0.0200807918966,
        0.01748661267784773,
        0.002633182952475417
      ],
      [
        -0.0011403165230577399,
        0.000170864604311471,
        0.00014908390535833062,
        2.2405379507498472e-05,
        -0.01351553769492587,
        0.0020372753356108497,
        -0.0017722848598338127,
        -0.0002663514534619175,
        -0.003516064173587977,
        0.000526845749935195,
        0.000459686909634006,
        6.908498700932063e-05,
        -0.0200807918966,
        0.0030268941550017827,
        -0.0026331829524754167,
        -0.0003957332833553272
      ],
      [
        0.000990046098791297,
        -0.00014908390535833073,
        -0.0001301408477376536,
        -1.9520145467415606e-05,
        0.01176950461022585,
        -0.0017722848598338127,
        0.0015470929174883782,
        0.00023205226741614303,
        0.0030527187388517383,
        -0.000459686909634006,
        -0.0004012776829925511,
        -6.018862548546136e-05,
        0.01748661267784773,
        -0.002633182952475417,
        0.002298602661768409,
        0.0003447730601844397
      ],
      [
        0.00014908390535833065,
        -2.2405379507498472e-05,
        -1.9520145467415606e-05,
        -2.9336249690254296e-06,
        0.0017722848598338127,
        -0.0002663514534619175,
        0.00023205226741614303,
        3.487444942187168e-05,
        0.000459686909634006,
        -6.908498700932063e-05,
        -6.018862548546136e-05,
        -9.045570632156108e-06,
        0.0026331829524754167,
        -0.0003957332833553272,
        0.0003447730601844398,
        5.181492421215495e-05
      ],
      [
        0.007584076156025967,
        -0.001134167630031828,
        0.00205350222499515,
        0.00030922209757510896,
        0.023371819250067136,
        -0.003516064173587977,
        0.0030527187388517383,
        0.000459686909634006,
        0.09043191540476067,
        -0.01352372379493614,
        0.0056640629709555695,
        0.0008529104139054538,
        0.13403508333906253,
        -0.020164282013733395,
        0.017507041544125215,
        0.0026362591881884897
      ],
      [
        -0.001134167630031828,
        0.00017095966074509377,
        -0.00030922209757510896,
        -4.647207511516868e-05,
        -0.003516064173587977,
        0.000526845749935195,
        -0.000459686909634006,
        -6.908498700932063e-05,
        -0.01352372379493614,
        0.0020385092739137276,
        -0.0008529104139054538,
        -0.00012818138526434476,
        -0.0201642820137334,
        0.0030214085281012916,
        -0.0026362591881884893,
        -0.00039619560172859654
      ],
      [
        0.00205350222499515,
        -0.00030922209757510896,
        0.00012982559386635225,
        1.9472859764779234e-05,
        -0.0030527187388517383,
        0.000459686909634006,
        -0.0004012776829925511,
        -6.018862548546136e-05,
        0.0056640629709555695,
        -0.0008529104139054538,
        0.001548029961772787,
        0.00023219281699038546,
        -0.017507041544125215,
        0.0026362591881884897,
        -0.002301288021550056,
        -0.00034517584389517566
      ],
      [
        0.00030922209757510896,
        -4.647207511516868e-05,
        1.9472859764779234e-05,
        2.9265185405326937e-06,
        -0.000459686909634006,
        6.908498700932063e-05,
        -6.018862548546136e-05,
        -9.045570632156108e-06,
        0.0008529104139054538,
        -0.00012818138526434476,
        0.00023219281699038546,
        3.489557220197963e-05,
        -0.0026362591881884893,
        0.00039619560172859654,
        -0.0003451758438951757,
        -5.187545738558362e-05
      ],
      [
        -0.023371819250067136,
        0.003516064173587977,
        0.0030527187388517383,
        0.000459686909634006,
        0.1342784355544071,
        -0.0200807918966,
        0.01748661267784773,
        0.002633182952475417,
        0.13403508333906253,
        -0.020164282013733395,
        -0.017507041544125215,
        -0.0026362591881884897,
        0.7700736133376609,
        -0.1151613653424699,
        0.10028400282046916,
        0.015101045096479917
      ],
      [
        0.003516064173587977,
        -0.000526845749935195,
        -0.000459686909634006,
        -6.908498700932063e-05,
        -0.0200807918966,
        0.0030268941550017827,
        -0.0026331829524754167,
        -0.0003957332833553272,
        -0.0201642820137334,
        0.0030214085281012916,
        0.0026362591881884893,
        0.00039619560172859654,
        -0.1151613653424699,
        0.01735894009718648,
        -0.015101045096479917,
        -0.002269491435264277
      ],
      [
        -0.0030527187388517383,
        0.000459686909634006,
        0.0004012776829925511,
        6.018862548546136e-05,
        0.01748661267784773,
        -0.002633182952475417,
        0.002298602661768409,
        0.0003447730601844397,
        0.017507041544125215,
        -0.0026362591881884897,
        -0.002301288021550056,
        -0.00034517584389517566,
        0.10028400282046916,
        -0.015101045096479917,
        0.013182260055884812,
        0.0019772395704605776
      ],
      [
        -0.000459686909634006,
        6.908498700932063e-05,
        6.018862548546136e-05,
        9.045570632156108e-06,
        0.0026331829524754167,
        -0.0003957332833553272,
        0.0003447730601844398,
        5.181492421215495e-05,
        0.0026362591881884893,
        -0.00039619560172859654,
        -0.0003451758438951757,
        -5.187545738558362e-05,
        0.015101045096479917,
        -0.002269491435264277,
        0.0019772395704605776,
        0.0002971534911628006
      ]
    ],
    "final_state_imag": [
      [
        0.0,
        0.0,
        0.0,
        0.0,
        0.0,
        0.0,
        0.0,
        0.0,
        0.0,
        0.0,
        0.0,
        0.0,
        0.0,
        0.0,
        0.0,
        0.0
      ],
      [
        0.0,
        0.0,
        0.0,
        0.0,
        0.0,
        0.0,
        0.0,
        0.0,
        0.0,
        0.0,
        0.0,
        0.0,
        0.0,
        0.0,
        0.0,
        0.0
      ],
      [
        0.0,
        0.0,
        0.0,
        0.0,
        0.0,
        0.0,
        0.0,
        0.0,
        0.0,
        0.0,
        0.0,
        0.0,
        0.0,
        0.0,
        0.0,
        0.0
      ],
      [
        0.0,
        0.0,
        0.0,
        0.0,
        0.0,
        0.0,
        0.0,
        0.0,
        0.0,
        0.0,
        0.0,
        0.0,
        0.0,
        0.0,
        0.0,
        0.0
      ],
      [
        0.0,
        0.0,
        0.0,
        0.0,
        0.0,
        0.0,
        0.0,
        0.0,
        0.0,
        0.0,
        0.0,
        0.0,
        0.0,
        0.0,
        0.0,
        0.0
      ],
      [
        0.0,
        0.0,
        0.0,
        0.0,
        0.0,
        0.0,
        0.0,
        0.0,
        0.0,
        0.0,
        0.0,
        0.0,
        0.0,
        0.0,
        0.0,
        0.0
      ],
      [
        0.0,
        0.0,
        0.0,
        0.0,
        0.0,
        0.0,
        0.0,
        0.0,
        0.0,
        0.0,
        0.0,
        0.0,
        0.0,
        0.0,
        0.0,
        0.0
      ],
      [
        0.0,
        0.0,
        0.0,
        0.0,
        0.0,
        0.0,
        0.0,
        0.0,
        0.0,
        0.0,
        0.0,
        0.0,
        0.0,
        0.0,
        0.0,
        0.0
      ],
      [
        0.0,
        0.0,
        0.0,
        0.0,
        0.0,
        0.0,
        0.0,
        0.0,
        0.0,
        0.0,
        0.0,
        0.0,
        0.0,
        0.0,
        0.0,
        0.0
      ],
      [
        0.0,
        0.0,
        0.0,
        0.0,
        0.0,
        0.0,
        0.0,
        0.0,
        0.0,
        0.0,
        0.0,
        0.0,
        0.0,
        0.0,
        0.0,
        0.0
      ],
      [
        0.0,
        0.0,
        0.0,
        0.0,
        0.0,
        0.0,
        0.0,
        0.0,
        0.0,
        0.0,
        0.0,
        0.0,
        0.0,
        0.0,
        0.0,
        0.0
      ],
      [
        0.0,
        0.0,
        0.0,
        0.0,
        0.0,
        0.0,
        0.0,
        0.0,
        0.0,
        0.0,
        0.0,
        0.0,
        0.0,
        0.0,
        0.0,
        0.0
      ],
      [
        0.0,
        0.0,
        0.0,
        0.0,
        0.0,
        0.0,
        0.0,
        0.0,
        0.0,
        0.0,
        0.0,
        0.0,
        0.0,
        0.0,
        0.0,
        0.0
      ],
      [
        0.0,
        0.0,
        0.0,
        0.0,
        0.0,
        0.0,
        0.0,
        0.0,
        0.0,
        0.0,
        0.0,
        0.0,
        0.0,
        0.0,
        0.0,
        0.0
      ],
      [
        0.0,
        0.0,
        0.0,
        0.0,
        0.0,
        0.0,
        0.0,
        0.0,
        0.0,
        0.0,
        0.0,
        0.0,
        0.0,
        0.0,
        0.0,
        0.0
      ],
      [
        0.0,
        0.0,
        0.0,
        0.0,
        0.0,
        0.0,
        0.0,
        0.0,
        0.0,
        0.0,
        0.0,
        0.0,
        0.0,
        0.0,
        0.0,
        0.0
      ]
    ],
    "num_qubits": 4
  }
}