{
  "config": {
    "symbols": [
      "H",
      "H"
    ],
    "geometry": [
      [
        0.0,
        0.0,
        0.0
      ],
      [
        0.0,
        0.0,
        0.7414
      ]
    ],
    "basis": "sto-3g",
    "ansatz": "RY-CZ",
    "optimizer": {
      "name": "Adam",
      "stepsize": 0.2,
      "iterations_planned": 30
    },
    "optimizer_name": "Adam",
    "seed": 9,
    "noisy": true,
    "depolarizing_prob": 0.1,
    "amplitude_damping_prob": 0.0,
    "mapping": "jordan_wigner",
    "molecule": "H2"
  },
  "result": {
    "energy": -0.8968543960335293,
    "energies": [
      0.4995682241611774,
      0.4995682241611774,
      0.4739266018173772,
      0.4233611418253847,
      0.340213390064796,
      0.2326231545955429,
      0.11434411599667003,
      0.003290990165215134,
      -0.08882908401997572,
      -0.17532666608794975,
      -0.2712880449923508,
      -0.37786366937104066,
      -0.4913779612556504,
      -0.6064660125523201,
      -0.7163557368582267,
      -0.8130927377330115,
      -0.8885231596147427,
      -0.9362289597603429,
      -0.9539322875320531,
      -0.9451002809152017,
      -0.91831782933789,
      -0.8842900901749685,
      -0.85231187349569,
      -0.8283225517080696,
      -0.8149196509603531,
      -0.8123145109009738,
      -0.8192861836088232,
      -0.8338054037651659,
      -0.8533835826733434,
      -0.8753026793910818,
      -0.8968543960335293
    ],
    "steps": 30,
    "final_state_real": [
      [
        0.008624116826816507,
        0.00024589442953164525,
        -0.00012352919052492485,
        3.5240230462007354e-06,
        -0.004074275371250342,
        -0.00011626192401901236,
        0.0002018210049155301,
        -5.75752070832371e-06,
        0.004155184207769923,
        0.00011847435173784042,
        -0.0007112368022300928,
        2.0290061577463618e-05,
        0.02387650355635829,
        0.0006813305408605976,
        -0.0011827330021963235,
        3.3740837607132564e-05
      ],
      [
        0.00024589442953164525,
        0.0006241051370735687,
        -3.5240230462007345e-06,
        -8.707522015516913e-06,
        -0.00011626192401901242,
        -0.00029484482180748653,
        5.757520708323711e-06,
        1.4226279926452991e-05,
        0.00011847435173784042,
        0.0003006999860545084,
        -2.0290061577463618e-05,
        -5.0134790710984046e-05,
        0.0006813305408605976,
        0.001727881106450553,
        -3.3740837607132564e-05,
        -8.33703646185952e-05
      ],
      [
        -0.00012352919052492485,
        -3.5240230462007354e-06,
        0.0006404171657160357,
        1.6867650349841874e-05,
        -0.00020182100491553004,
        -5.7575207083237086e-06,
        -0.0002794835674891879,
        -8.633479039781706e-06,
        -0.0007112368022300928,
        -2.0290061577463618e-05,
        0.0003085592816986852,
        8.126999641042672e-06,
        0.0011827330021963235,
        3.3740837607132564e-05,
        0.0016378594437153663,
        5.059483569806717e-05
      ],
      [
        3.5240230462007354e-06,
        -8.707522015516913e-06,
        1.6867650349841874e-05,
        4.634534190801458e-05,
        5.75752070832371e-06,
        -1.4226279926452986e-05,
        -8.633479039781708e-06,
        -2.022550641420721e-05,
        2.0290061577463618e-05,
        -5.0134790710984046e-05,
        8.126999641042672e-06,
        2.2329641013335632e-05,
        -3.3740837607132564e-05,
        8.33703646185952e-05,
        5.059483569806717e-05,
        0.00011852767224218474
      ],
      [
        -0.0040742753712503426,
        -0.00011626192401901245,
        -0.00020182100491553015,
        5.757520708323711e-06,
        0.0780510982640079,
        0.0022254255905101465,
        -0.0038430455486136487,
        0.00010963385272229269,
        -0.02387650355635829,
        -0.0006813305408605976,
        -0.0011827330021963235,
        3.3740837607132564e-05,
        0.1292695443520931,
        0.0036857873684449293,
        -0.006436927357851161,
        0.00018363174128636835
      ],
      [
        -0.00011626192401901247,
        -0.0002948448218074866,
        -5.757520708323711e-06,
        -1.4226279926452995e-05,
        0.0022254255905101465,
        0.0056483570850213915,
        -0.00010963385272229266,
        -0.00027089470576944824,
        -0.0006813305408605976,
        -0.001727881106450553,
        -3.3740837607132564e-05,
        -8.33703646185952e-05,
        0.0036857873684449293,
        0.009354904196848882,
        -0.0001836317412863683,
        -0.00045373637148106135
      ],
      [
        0.0002018210049155301,
        5.75752070832371e-06,
        -0.0002794835674891879,
        -8.63347903978171e-06,
        -0.0038430455486136487,
        -0.00010963385272229269,
        0.005795986317791016,
        0.00015265779225586172,
        0.0011827330021963235,
        3.3740837607132564e-05,
        -0.0016378594437153663,
        -5.059483569806717e-05,
        -0.006436927357851161,
        -0.00018363174128636835,
        0.00959941022018025,
        0.00025283440829956615
      ],
      [
        -5.757520708323711e-06,
        1.4226279926452991e-05,
        -8.63347903978171e-06,
        -2.022550641420721e-05,
        0.00010963385272229269,
        -0.00027089470576944824,
        0.00015265779225586172,
        0.00041944061148308637,
        -3.3740837607132564e-05,
        8.33703646185952e-05,
        -5.059483569806717e-05,
        -0.00011852767224218474,
        0.0001836317412863683,
        -0.00045373637148106135,
        0.00025283440829956615,
        0.0006946846096358524
      ],
      [
        0.004155184207769923,
        0.00011847435173784042,
        -0.0007112368022300928,
        2.0290061577463618e-05,
        -0.02387650355635829,
        -0.0006813305408605976,
        0.0011827330021963235,
        -3.3740837607132564e-05,
        0.07774672279008908,
        0.002216747109568195,
        -0.0011136200871446958,
        3.176919427006316e-05,
        -0.12850143728731234,
        -0.0036668666147734045,
        0.0063653746600972755,
        -0.000181590496177977
      ],
      [
        0.00011847435173784042,
        0.0003006999860545084,
        -2.0290061577463618e-05,
        -5.0134790710984046e-05,
        -0.0006813305408605976,
        -0.001727881106450553,
        3.3740837607132564e-05,
        8.33703646185952e-05,
        0.002216747109568195,
        0.00562633021540835,
        -3.176919427006313e-05,
        -7.849862356037812e-05,
        -0.0036668666147734045,
        -0.009299318265607606,
        0.000181590496177977,
        0.0004486926511400309
      ],
      [
        -0.0007112368022300928,
        -2.0290061577463618e-05,
        0.0003085592816986852,
        8.126999641042672e-06,
        -0.0011827330021963235,
        -3.3740837607132564e-05,
        -0.0016378594437153663,
        -5.059483569806717e-05,
        -0.0011136200871446952,
        -3.1769194270063124e-05,
        0.005773383739204134,
        0.00015206247343397777,
        -0.0063653746600972755,
        -0.000181590496177977,
        -0.008814828858640619,
        -0.0002722973693016164
      ],
      [
        2.0290061577463618e-05,
        -5.0134790710984046e-05,
        8.126999641042672e-06,
        2.2329641013335632e-05,
        3.3740837607132564e-05,
        -8.33703646185952e-05,
        -5.059483569806717e-05,
        -0.00011852767224218474,
        3.1769194270063124e-05,
        -7.849862356037808e-05,
        0.00015206247343397777,
        0.00041780492104771116,
        0.000181590496177977,
        -0.0004486926511400309,
        -0.0002722973693016164,
        -0.0006379064759414584
      ],
      [
        0.02387650355635829,
        0.0006813305408605976,
        0.0011827330021963235,
        -3.3740837607132564e-05,
        0.1292695443520931,
        0.0036857873684449293,
        -0.006436927357851161,
        0.00018363174128636835,
        -0.12850143728731234,
        -0.0036668666147734045,
        -0.0063653746600972755,
        0.000181590496177977,
        0.7036334527988811,
        0.020062291588787636,
        -0.034645193581873596,
        0.000988353118026575
      ],
      [
        0.0006813305408605976,
        0.001727881106450553,
        3.3740837607132564e-05,
        8.33703646185952e-05,
        0.0036857873684449293,
        0.009354904196848882,
        -0.0001836317412863683,
        -0.00045373637148106135,
        -0.0036668666147734045,
        -0.009299318265607606,
        -0.000181590496177977,
        -0.0004486926511400309,
        0.020062291588787636,
        0.05092014189129414,
        -0.0009883531180265748,
        -0.0024421254973344938
      ],
      [
        -0.0011827330021963235,
        -3.3740837607132564e-05,
        0.0016378594437153663,
        5.059483569806717e-05,
        -0.006436927357851161,
        -0.00018363174128636835,
        0.00959941022018025,
        0.00025283440829956615,
        0.0063653746600972755,
        0.000181590496177977,
        -0.008814828858640619,
        -0.0002722973693016164,
        -0.03464519358187359,
        -0.0009883531180265748,
        0.0522510247244399,
        0.0013762154774339564
      ],
      [
        3.3740837607132564e-05,
        -8.33703646185952e-05,
        5.059483569806717e-05,
        0.00011852767224218474,
        0.0001836317412863683,
        -0.00045373637148106135,
        0.00025283440829956615,
        0.0006946846096358524,
        -0.000181590496177977,
        0.0004486926511400309,
        -0.0002722973693016164,
        -0.0006379064759414584,
        0.0009883531180265746,
        -0.0024421254973344938,
        0.0013762154774339564,
        0.003781272169978086
      ]
    ],
    "final_state_imag": [
      [
        0.0,
        0.0,
        0.0,
        0.0,
        0.0,
        0.0,
        0.0,
        0.0,
        0.0,
        0.0,
        0.0,
        0.0,
        0.0,
        0.0,
        0.0,
        0.0
      ],
      [
        0.0,
        0.0,
        0.0,
        0.0,
        0.0,
        0.0,
        0.0,
        0.0,
        0.0,
        0.0,
        0.0,
        0.0,
        0.0,
        0.0,
        0.0,
        0.0
      ],
      [
        0.0,
        0.0,
        0.0,
        0.0,
        0.0,
        0.0,
        0.0,
        0.0,
        0.0,
        0.0,
        0.0,
        0.0,
        0.0,
        0.0,
        0.0,
        0.0
      ],
      [
        0.0,
        0.0,
        0.0,
        0.0,
        0.0,
        0.0,
        0.0,
        0.0,
        0.0,
        0.0,
        0.0,
        0.0,
        0.0,
        0.0,
        0.0,
        0.0
      ],
      [
        0.0,
        0.0,
        0.0,
        0.0,
        0.0,
        0.0,
        0.0,
        0.0,
        0.0,
        0.0,
        0.0,
        0.0,
        0.0,
        0.0,
        0.0,
        0.0
      ],
      [
        0.0,
        0.0,
        0.0,
        0.0,
        0.0,
        0.0,
        0.0,
        0.0,
        0.0,
        0.0,
        0.0,
        0.0,
        0.0,
        0.0,
        0.0,
        0.0
      ],
      [
        0.0,
        0.0,
        0.0,
        0.0,
        0.0,
        0.0,
        0.0,
        0.0,
        0.0,
        0.0,
        0.0,
        0.0,
        0.0,
        0.0,
        0.0,
        0.0
      ],
      [
        0.0,
        0.0,
        0.0,
        0.0,
        0.0,
        0.0,
        0.0,
        0.0,
        0.0,
        0.0,
        0.0,
        0.0,
        0.0,
        0.0,
        0.0,
        0.0
      ],
      [
        0.0,
        0.0,
        0.0,
        0.0,
        0.0,
        0.0,
        0.0,
        0.0,
        0.0,
        0.0,
        0.0,
        0.0,
        0.0,
        0.0,
        0.0,
        0.0
      ],
      [
        0.0,
        0.0,
        0.0,
        0.0,
        0.0,
        0.0,
        0.0,
        0.0,
        0.0,
        0.0,
        0.0,
        0.0,
        0.0,
        0.0,
        0.0,
        0.0
      ],
      [
        0.0,
        0.0,
        0.0,
        0.0,
        0.0,
        0.0,
        0.0,
        0.0,
        0.0,
        0.0,
        0.0,
        0.0,
        0.0,
        0.0,
        0.0,
        0.0
      ],
      [
        0.0,
        0.0,
        0.0,
        0.0,
        0.0,
        0.0,
        0.0,
        0.0,
        0.0,
        0.0,
        0.0,
        0.0,
        0.0,
        0.0,
        0.0,
        0.0
      ],
      [
        0.0,
        0.0,
        0.0,
        0.0,
        0.0,
        0.0,
        0.0,
        0.0,
        0.0,
        0.0,
        0.0,
        0.0,
        0.0,
        0.0,
        0.0,
        0.0
      ],
      [
        0.0,
        0.0,
        0.0,
        0.0,
        0.0,
        0.0,
        0.0,
        0.0,
        0.0,
        0.0,
        0.0,
        0.0,
        0.0,
        0.0,
        0.0,
        0.0
      ],
      [
        0.0,
        0.0,
        0.0,
        0.0,
        0.0,
        0.0,
        0.0,
        0.0,
        0.0,
        0.0,
        0.0,
        0.0,
        0.0,
        0.0,
        0.0,
        0.0
      ],
      [
        0.0,
        0.0,
        0.0,
        0.0,
        0.0,
        0.0,
        0.0,
        0.0,
        0.0,
        0.0,
        0.0,
        0.0,
        0.0,
        0.0,
        0.0,
        0.0
      ]
    ],
    "num_qubits": 4
  }
}