{
  "config": {
    "symbols": [
      "H",
      "H"
    ],
    "geometry": [
      [
        0.0,
        0.0,
        0.0
      ],
      [
        0.0,
        0.0,
        0.7414
      ]
    ],
    "basis": "STO-3G",
    "ansatz": "RY-CZ",
    "optimizer": {
      "name": "Adam",
      "stepsize": 0.2,
      "iterations_planned": 30
    },
    "optimizer_name": "Adam",
    "seed": 3,
    "noisy": true,
    "depolarizing_prob": 0.1,
    "amplitude_damping_prob": 0.0,
    "mapping": "jordan_wigner",
    "molecule": "H2"
  },
  "result": {
    "energy": -0.9175877133565716,
    "energies": [
      0.49947010438813705,
      0.4713614006833321,
      0.4169455010633538,
      0.33029584202202555,
      0.22011941359093393,
      0.10075664492083111,
      -0.009647522227675225,
      -0.10108934496960639,
      -0.18895978155210566,
      -0.2867675963672429,
      -0.3947076536376416,
      -0.5088077879201727,
      -0.6235020774334028,
      -0.7318380168172137,
      -0.8257786720022307,
      -0.8973191989225535,
      -0.9405338417492265,
      -0.9539561826932252,
      -0.9419331334161078,
      -0.9135990011794073,
      -0.8796308510705988,
      -0.8488429575538613,
      -0.8265762463460842,
      -0.8149530385986878,
      -0.8138912092139312,
      -0.8220168377651181,
      -0.8372325578386257,
      -0.8570320854699706,
      -0.8787205914471257,
      -0.8996604565820423,
      -0.9175877133565716
    ],
    "steps": 30,
    "final_state_real": [
      [
        0.00842869924557037,
        0.0003807218752411929,
        3.795145495290128e-05,
        -1.7149000768803137e-06,
        0.0043096208319752735,
        0.0001946788760016732,
        6.47388821581761e-05,
        -2.925334855487921e-06,
        0.00417491173068192,
        0.00018857953958993282,
        0.00020921807354557594,
        -9.453869182441745e-06,
        -0.023082295371737685,
        -0.0010426985328193946,
        -0.0003467409450325658,
        1.5668070539900144e-05
      ],
      [
        0.0003807218752411929,
        0.0006218975888593572,
        1.7149000768803137e-06,
        2.6214210605170198e-06,
        0.0001946788760016734,
        0.00031797822252490574,
        2.925334855487921e-06,
        4.471709169895702e-06,
        0.00018857953958993282,
        0.00030803893499655133,
        9.453869182441745e-06,
        1.4451321165784296e-05,
        -0.001042698532819395,
        -0.0017030888656475935,
        -1.5668070539900144e-05,
        -2.3950439238231506e-05
      ],
      [
        3.795145495290128e-05,
        1.7149000768803137e-06,
        0.0006042459348037587,
        2.7095223783382132e-05,
        -6.47388821581761e-05,
        -2.925334855487921e-06,
        0.0003067072013918821,
        1.3956355066055721e-05,
        0.00020921807354557594,
        9.453869182441745e-06,
        0.00029929570007553,
        1.3420833312820264e-05,
        0.0003467409450325658,
        1.5668070539900144e-05,
        -0.001642721364868109,
        -7.47501282612591e-05
      ],
      [
        -1.7149000768803137e-06,
        2.6214210605170198e-06,
        2.7095223783382132e-05,
        4.45832837291013e-05,
        2.925334855487921e-06,
        -4.471709169895702e-06,
        1.3956355066055737e-05,
        2.2629881963299952e-05,
        -9.453869182441745e-06,
        1.4451321165784296e-05,
        1.3420833312820264e-05,
        2.2083036635903833e-05,
        -1.5668070539900144e-05,
        2.3950439238231506e-05,
        -7.47501282612591e-05,
        -0.00012120547028844637
      ],
      [
        0.0043096208319752735,
        0.00019467887600167327,
        -6.47388821581761e-05,
        2.925334855487921e-06,
        0.07689715678737612,
        0.0034734220405588504,
        0.0011487687531566754,
        -5.1909040787788885e-05,
        0.023082295371737685,
        0.0010426985328193946,
        -0.0003467409450325658,
        1.5668070539900144e-05,
        0.12637218123380548,
        0.0057081943981972675,
        0.001908749444659804,
        -8.625004162434939e-05
      ],
      [
        0.00019467887600167327,
        0.00031797822252490574,
        -2.925334855487921e-06,
        -4.471709169895702e-06,
        0.0034734220405588504,
        0.005673729125089105,
        5.1909040787788885e-05,
        7.934891052071701e-05,
        0.001042698532819395,
        0.0017030888656475935,
        -1.5668070539900144e-05,
        -2.3950439238231506e-05,
        0.0057081943981972675,
        0.009324161714454807,
        8.625004162434939e-05,
        0.00013184306108134764
      ],
      [
        6.473888215817609e-05,
        2.9253348554879203e-06,
        0.00030670720139188204,
        1.3956355066055725e-05,
        0.0011487687531566754,
        5.1909040787788885e-05,
        0.005512688616948631,
        0.00024719658523286015,
        0.0003467409450325658,
        1.5668070539900144e-05,
        0.001642721364868109,
        7.47501282612591e-05,
        0.001908749444659804,
        8.625004162434939e-05,
        0.009059509012964382,
        0.000406240919359364
      ],
      [
        -2.9253348554879203e-06,
        4.471709169895701e-06,
        1.3956355066055725e-05,
        2.2629881963299952e-05,
        -5.1909040787788885e-05,
        7.934891052071701e-05,
        0.00024719658523286015,
        0.0004067445828980678,
        -1.5668070539900144e-05,
        2.3950439238231506e-05,
        7.47501282612591e-05,
        0.00012120547028844637,
        -8.625004162434939e-05,
        0.00013184306108134764,
        0.000406240919359364,
        0.0006684408409011759
      ],
      [
        0.00417491173068192,
        0.00018857953958993282,
        0.00020921807354557594,
        -9.453869182441745e-06,
        0.023082295371737685,
        0.0010426985328193946,
        0.0003467409450325658,
        -1.5668070539900144e-05,
        0.07741223283327754,
        0.003496687874630516,
        0.0003485599357124566,
        -1.5750264681354294e-05,
        0.12760199059584548,
        0.005764175799519111,
        0.001916829938040482,
        -8.661517225601953e-05
      ],
      [
        0.00018857953958993282,
        0.00030803893499655133,
        9.453869182441745e-06,
        1.4451321165784296e-05,
        0.001042698532819395,
        0.0017030888656475935,
        1.5668070539900144e-05,
        2.3950439238231506e-05,
        0.003496687874630516,
        0.005711733156517046,
        1.5750264681354294e-05,
        2.407608239165125e-05,
        0.005764175799519112,
        0.009414901157721962,
        8.661517225601953e-05,
        0.00013240120504588772
      ],
      [
        0.00020921807354557594,
        9.453869182441745e-06,
        0.00029929570007553,
        1.3420833312820264e-05,
        -0.0003467409450325658,
        -1.5668070539900144e-05,
        0.001642721364868109,
        7.47501282612591e-05,
        0.0003485599357124566,
        1.5750264681354294e-05,
        0.005549613959493547,
        0.00024885236868444,
        -0.001916829938040482,
        -8.661517225601953e-05,
        0.00908118160588787,
        0.000413228624355541
      ],
      [
        -9.453869182441745e-06,
        1.4451321165784296e-05,
        1.3420833312820264e-05,
        2.2083036635903833e-05,
        1.5668070539900144e-05,
        -2.3950439238231506e-05,
        7.47501282612591e-05,
        0.00012120547028844637,
        -1.5750264681354294e-05,
        2.407608239165125e-05,
        0.00024885236868444,
        0.0004094690580308776,
        8.661517225601953e-05,
        -0.00013240120504588772,
        0.0004132286243555411,
        0.0006700399172106707
      ],
      [
        -0.023082295371737685,
        -0.0010426985328193946,
        0.0003467409450325658,
        -1.5668070539900144e-05,
        0.12637218123380548,
        0.0057081943981972675,
        0.001908749444659804,
        -8.625004162434939e-05,
        0.12760199059584545,
        0.005764175799519111,
        -0.0019168299380404815,
        8.661517225601953e-05,
        0.706251395619537,
        0.03190116860241398,
        0.010550709142658554,
        -0.00047675146953763363
      ],
      [
        -0.001042698532819395,
        -0.0017030888656475935,
        1.5668070539900144e-05,
        2.3950439238231506e-05,
        0.0057081943981972675,
        0.009324161714454807,
        8.625004162434939e-05,
        0.00013184306108134764,
        0.005764175799519111,
        0.009414901157721962,
        -8.661517225601953e-05,
        -0.0001324012050458877,
        0.03190116860241398,
        0.05210958740699788,
        0.00047675146953763363,
        0.0007287691917023657
      ],
      [
        -0.0003467409450325658,
        -1.5668070539900144e-05,
        -0.001642721364868109,
        -7.47501282612591e-05,
        0.001908749444659804,
        8.625004162434939e-05,
        0.009059509012964382,
        0.000406240919359364,
        0.001916829938040482,
        8.661517225601953e-05,
        0.009081181605887868,
        0.000413228624355541,
        0.010550709142658554,
        0.00047675146953763363,
        0.050630532935062436,
        0.0022703431519037888
      ],
      [
        1.5668070539900144e-05,
        -2.3950439238231506e-05,
        -7.47501282612591e-05,
        -0.00012120547028844637,
        -8.625004162434939e-05,
        0.00013184306108134764,
        0.000406240919359364,
        0.0006684408409011759,
        -8.661517225601953e-05,
        0.00013240120504588772,
        0.000413228624355541,
        0.0006700399172106706,
        -0.00047675146953763363,
        0.0007287691917023657,
        0.0022703431519037888,
        0.003735689865969217
      ]
    ],
    "final_state_imag": [
      [
        0.0,
        0.0,
        0.0,
        0.0,
        0.0,
        0.0,
        0.0,
        0.0,
        0.0,
        0.0,
        0.0,
        0.0,
        0.0,
        0.0,
        0.0,
        0.0
      ],
      [
        0.0,
        0.0,
        0.0,
        0.0,
        0.0,
        0.0,
        0.0,
        0.0,
        0.0,
        0.0,
        0.0,
        0.0,
        0.0,
        0.0,
        0.0,
        0.0
      ],
      [
        0.0,
        0.0,
        0.0,
        0.0,
        0.0,
        0.0,
        0.0,
        0.0,
        0.0,
        0.0,
        0.0,
        0.0,
        0.0,
        0.0,
        0.0,
        0.0
      ],
      [
        0.0,
        0.0,
        0.0,
        0.0,
        0.0,
        0.0,
        0.0,
        0.0,
        0.0,
        0.0,
        0.0,
        0.0,
        0.0,
        0.0,
        0.0,
        0.0
      ],
      [
        0.0,
        0.0,
        0.0,
        0.0,
        0.0,
        0.0,
        0.0,
        0.0,
        0.0,
        0.0,
        0.0,
        0.0,
        0.0,
        0.0,
        0.0,
        0.0
      ],
      [
        0.0,
        0.0,
        0.0,
        0.0,
        0.0,
        0.0,
        0.0,
        0.0,
        0.0,
        0.0,
        0.0,
        0.0,
        0.0,
        0.0,
        0.0,
        0.0
      ],
      [
        0.0,
        0.0,
        0.0,
        0.0,
        0.0,
        0.0,
        0.0,
        0.0,
        0.0,
        0.0,
        0.0,
        0.0,
        0.0,
        0.0,
        0.0,
        0.0
      ],
      [
        0.0,
        0.0,
        0.0,
        0.0,
        0.0,
        0.0,
        0.0,
        0.0,
        0.0,
        0.0,
        0.0,
        0.0,
        0.0,
        0.0,
        0.0,
        0.0
      ],
      [
        0.0,
        0.0,
        0.0,
        0.0,
        0.0,
        0.0,
        0.0,
        0.0,
        0.0,
        0.0,
        0.0,
        0.0,
        0.0,
        0.0,
        0.0,
        0.0
      ],
      [
        0.0,
        0.0,
        0.0,
        0.0,
        0.0,
        0.0,
        0.0,
        0.0,
        0.0,
        0.0,
        0.0,
        0.0,
        0.0,
        0.0,
        0.0,
        0.0
      ],
      [
        0.0,
        0.0,
        0.0,
        0.0,
        0.0,
        0.0,
        0.0,
        0.0,
        0.0,
        0.0,
        0.0,
        0.0,
        0.0,
        0.0,
        0.0,
        0.0
      ],
      [
        0.0,
        0.0,
        0.0,
        0.0,
        0.0,
        0.0,
        0.0,
        0.0,
        0.0,
        0.0,
        0.0,
        0.0,
        0.0,
        0.0,
        0.0,
        0.0
      ],
      [
        0.0,
        0.0,
        0.0,
        0.0,
        0.0,
        0.0,
        0.0,
        0.0,
        0.0,
        0.0,
        0.0,
        0.0,
        0.0,
        0.0,
        0.0,
        0.0
      ],
      [
        0.0,
        0.0,
        0.0,
        0.0,
        0.0,
        0.0,
        0.0,
        0.0,
        0.0,
        0.0,
        0.0,
        0.0,
        0.0,
        0.0,
        0.0,
        0.0
      ],
      [
        0.0,
        0.0,
        0.0,
        0.0,
        0.0,
        0.0,
        0.0,
        0.0,
        0.0,
        0.0,
        0.0,
        0.0,
        0.0,
        0.0,
        0.0,
        0.0
      ],
      [
        0.0,
        0.0,
        0.0,
        0.0,
        0.0,
        0.0,
        0.0,
        0.0,
        0.0,
        0.0,
        0.0,
        0.0,
        0.0,
        0.0,
        0.0,
        0.0
      ]
    ],
    "num_qubits": 4
  }
}