{
  "config": {
    "symbols": [
      "H",
      "H"
    ],
    "geometry": [
      [
        0.0,
        0.0,
        0.0
      ],
      [
        0.0,
        0.0,
        0.7414
      ]
    ],
    "basis": "sto-3g",
    "ansatz": "RY-CZ",
    "optimizer": {
      "name": "Adam",
      "stepsize": 0.2,
      "iterations_planned": 30
    },
    "optimizer_name": "Adam",
    "seed": 8,
    "noisy": true,
    "depolarizing_prob": 0.0,
    "amplitude_damping_prob": 0.02,
    "mapping": "jordan_wigner",
    "molecule": "H2"
  },
  "result": {
    "energy": -1.0169021886924843,
    "energies": [
      0.7136505892023665,
      0.7136505892023665,
      0.6774273461867426,
      0.6079529680187067,
      0.49860929426369627,
      0.36259808280128536,
      0.21924402447603542,
      0.09022058564474515,
      -0.012487117032452904,
      -0.10450268612908897,
      -0.20900535958796798,
      -0.33281884661187405,
      -0.472575250857555,
      -0.6198745931479488,
      -0.763350528584948,
      -0.890709929653552,
      -0.9911243610689248,
      -1.0574379018288946,
      -1.0876190697793944,
      -1.0851663978434705,
      -1.058356097162077,
      -1.018299878167384,
      -0.976224142026008,
      -0.9410351586775095,
      -0.9181428080902669,
      -0.9095932436853441,
      -0.9148644827832477,
      -0.9317207140049673,
      -0.9568875819850652,
      -0.9865697543857146,
      -1.0169021886924843
    ],
    "steps": 30,
    "final_state_real": [
      [
        0.0024844011910114872,
        0.00023605244324127083,
        6.036470636041256e-05,
        -5.740165839225249e-06,
        -0.0019265184312831488,
        -0.00018320977203071918,
        0.00020169280216248792,
        -1.917925560804165e-05,
        -0.001965840662293675,
        -0.00018678202741020754,
        -0.0008859979527577042,
        8.425080628535212e-05,
        -0.028810416718223493,
        -0.002739838764760806,
        0.003016246086728165,
        -0.00028681913312657623
      ],
      [
        0.00023605244324127083,
        2.245246732020454e-05,
        5.740165839225249e-06,
        -5.457398477417365e-07,
        -0.00018320977203071918,
        -1.7410671141461637e-05,
        1.9179255608041637e-05,
        -1.8234462781209838e-06,
        -0.00018678202741020754,
        -1.7766040922282716e-05,
        -8.425080628535212e-05,
        8.01005118703895e-06,
        -0.002739838764760806,
        -0.00026037056421794185,
        0.00028681913312657623,
        -2.7269008322421795e-05
      ],
      [
        6.0364706360412544e-05,
        5.740165839225249e-06,
        2.723234982243219e-05,
        -2.5886076833603237e-06,
        -0.00020169280216248792,
        -1.917925560804165e-05,
        2.1126662977419776e-05,
        -2.0082233984106683e-06,
        -0.0008859979527577042,
        -8.425080628535212e-05,
        -2.1548234964799442e-05,
        2.048296491358437e-06,
        -0.0030162460867281652,
        -0.0002868191331265763,
        0.0003159419366881048,
        -3.0032286238218013e-05
      ],
      [
        -5.740165839225249e-06,
        -5.45739847741737e-07,
        -2.5886076833603237e-06,
        2.4610898056750676e-07,
        1.9179255608041637e-05,
        1.8234462781209838e-06,
        -2.008223398410668e-06,
        1.9092959373939503e-07,
        8.425080628535212e-05,
        8.01005118703895e-06,
        2.048296491358437e-06,
        -1.9473949823630222e-07,
        0.00028681913312657623,
        2.7269008322421795e-05,
        -3.0032286238218013e-05,
        2.8552860279718837e-06
      ],
      [
        -0.0019265184312831488,
        -0.00018320977203071918,
        -0.00020169280216248792,
        1.917925560804165e-05,
        0.04673509167201301,
        0.004440479506368274,
        -0.004890643235754291,
        0.00046505822568078105,
        0.028810416718223493,
        0.002739838764760806,
        0.003016246086728165,
        -0.00028681913312657623,
        0.15926898211373308,
        0.015132754120597716,
        -0.016666871555672064,
        0.001584876536620826
      ],
      [
        -0.00018320977203071918,
        -1.7410671141461637e-05,
        -1.9179255608041637e-05,
        1.8234462781209838e-06,
        0.004440479506368274,
        0.0004223625887272342,
        -0.0004650582256807811,
        4.421489071617611e-05,
        0.002739838764760806,
        0.00026037056421794185,
        0.00028681913312657623,
        -2.7269008322421795e-05,
        0.015132754120597716,
        0.0014393736522783289,
        -0.001584876536620826,
        0.00015068036429791382
      ],
      [
        0.00020169280216248792,
        1.917925560804165e-05,
        2.1126662977419776e-05,
        -2.0082233984106683e-06,
        -0.004890643235754292,
        -0.0004650582256807811,
        0.0005122789225831646,
        -4.86953628191859e-05,
        -0.0030162460867281652,
        -0.0002868191331265763,
        -0.0003159419366881048,
        3.0032286238218013e-05,
        -0.016666871555672064,
        -0.001584876536620826,
        0.0017458004176121092,
        -0.00016594940958498405
      ],
      [
        -1.9179255608041637e-05,
        -1.8234462781209838e-06,
        -2.008223398410668e-06,
        1.9092959373939503e-07,
        0.0004650582256807811,
        4.421489071617611e-05,
        -4.86953628191859e-05,
        4.629657162354385e-06,
        0.00028681913312657623,
        2.7269008322421795e-05,
        3.0032286238218013e-05,
        -2.8552860279718837e-06,
        0.001584876536620826,
        0.00015068036429791382,
        -0.00016594940958498405,
        1.5777454529425913e-05
      ],
      [
        -0.001965840662293675,
        -0.00018678202741020754,
        -0.0008859979527577042,
        8.425080628535212e-05,
        0.028810416718223493,
        0.002739838764760806,
        -0.003016246086728165,
        0.00028681913312657623,
        0.04699709186728425,
        0.004465373145305183,
        0.0011419112422848738,
        -0.00010858596520382545,
        0.1599229125787959,
        0.015208492106942926,
        -0.016742793551432784,
        0.0015920960672503536
      ],
      [
        -0.00018678202741020754,
        -1.7766040922282716e-05,
        -8.425080628535212e-05,
        8.01005118703895e-06,
        0.002739838764760806,
        0.00026037056421794185,
        -0.00028681913312657623,
        2.7269008322421795e-05,
        0.004465373145305182,
        0.00042473038296413025,
        0.00010858596520382545,
        -1.032368920637728e-05,
        0.015208492106942926,
        0.0014452834676695098,
        -0.0015920960672503538,
        0.0001513667530986696
      ],
      [
        -0.0008859979527577042,
        -8.425080628535212e-05,
        -2.1548234964799442e-05,
        2.048296491358437e-06,
        0.0030162460867281652,
        0.0002868191331265763,
        -0.0003159419366881048,
        3.0032286238218013e-05,
        0.0011419112422848738,
        0.00010858596520382545,
        0.0005151507940816109,
        -4.8968352431723056e-05,
        0.016742793551432784,
        0.0015920960672503536,
        -0.0017537529989626202,
        0.00016670535291417568
      ],
      [
        8.425080628535212e-05,
        8.01005118703895e-06,
        2.048296491358437e-06,
        -1.9473949823630222e-07,
        -0.00028681913312657623,
        -2.7269008322421795e-05,
        3.0032286238218013e-05,
        -2.8552860279718837e-06,
        -0.00010858596520382545,
        -1.032368920637728e-05,
        -4.896835243172306e-05,
        4.655611344472789e-06,
        -0.0015920960672503538,
        -0.0001513667530986696,
        0.0001667053529141757,
        -1.5849324996051684e-05
      ],
      [
        -0.028810416718223493,
        -0.002739838764760806,
        -0.003016246086728165,
        0.00028681913312657623,
        0.15926898211373308,
        0.015132754120597716,
        -0.016666871555672064,
        0.001584876536620826,
        0.1599229125787959,
        0.015208492106942926,
        0.016742793551432784,
        -0.0015920960672503536,
        0.8840816067397349,
        0.08399996910749262,
        -0.09251565740365726,
        0.00879744553135453
      ],
      [
        -0.002739838764760806,
        -0.00026037056421794185,
        -0.00028681913312657623,
        2.7269008322421795e-05,
        0.015132754120597716,
        0.0014393736522783289,
        -0.001584876536620826,
        0.00015068036429791382,
        0.015208492106942926,
        0.0014452834676695098,
        0.0015920960672503538,
        -0.0001513667530986696,
        0.0839999691074926,
        0.007989777760344843,
        -0.00879744553135453,
        0.0008364072954111113
      ],
      [
        0.0030162460867281652,
        0.0002868191331265763,
        0.0003159419366881048,
        -3.0032286238218013e-05,
        -0.016666871555672064,
        -0.001584876536620826,
        0.0017458004176121092,
        -0.00016594940958498405,
        -0.016742793551432784,
        -0.0015920960672503536,
        -0.0017537529989626202,
        0.00016670535291417568,
        -0.09251565740365726,
        -0.00879744553135453,
        0.009690713268621625,
        -0.0009211637992301365
      ],
      [
        -0.00028681913312657623,
        -2.7269008322421795e-05,
        -3.0032286238218013e-05,
        2.8552860279718837e-06,
        0.001584876536620826,
        0.00015068036429791382,
        -0.00016594940958498405,
        1.5777454529425913e-05,
        0.0015920960672503538,
        0.0001513667530986696,
        0.0001667053529141757,
        -1.5849324996051684e-05,
        0.00879744553135453,
        0.0008364072954111113,
        -0.0009211637992301365,
        8.757861804301218e-05
      ]
    ],
    "final_state_imag": [
      [
        0.0,
        0.0,
        0.0,
        0.0,
        0.0,
        0.0,
        0.0,
        0.0,
        0.0,
        0.0,
        0.0,
        0.0,
        0.0,
        0.0,
        0.0,
        0.0
      ],
      [
        0.0,
        0.0,
        0.0,
        0.0,
        0.0,
        0.0,
        0.0,
        0.0,
        0.0,
        0.0,
        0.0,
        0.0,
        0.0,
        0.0,
        0.0,
        0.0
      ],
      [
        0.0,
        0.0,
        0.0,
        0.0,
        0.0,
        0.0,
        0.0,
        0.0,
        0.0,
        0.0,
        0.0,
        0.0,
        0.0,
        0.0,
        0.0,
        0.0
      ],
      [
        0.0,
        0.0,
        0.0,
        0.0,
        0.0,
        0.0,
        0.0,
        0.0,
        0.0,
        0.0,
        0.0,
        0.0,
        0.0,
        0.0,
        0.0,
        0.0
      ],
      [
        0.0,
        0.0,
        0.0,
        0.0,
        0.0,
        0.0,
        0.0,
        0.0,
        0.0,
        0.0,
        0.0,
        0.0,
        0.0,
        0.0,
        0.0,
        0.0
      ],
      [
        0.0,
        0.0,
        0.0,
        0.0,
        0.0,
        0.0,
        0.0,
        0.0,
        0.0,
        0.0,
        0.0,
        0.0,
        0.0,
        0.0,
        0.0,
        0.0
      ],
      [
        0.0,
        0.0,
        0.0,
        0.0,
        0.0,
        0.0,
        0.0,
        0.0,
        0.0,
        0.0,
        0.0,
        0.0,
        0.0,
        0.0,
        0.0,
        0.0
      ],
      [
        0.0,
        0.0,
        0.0,
        0.0,
        0.0,
        0.0,
        0.0,
        0.0,
        0.0,
        0.0,
        0.0,
        0.0,
        0.0,
        0.0,
        0.0,
        0.0
      ],
      [
        0.0,
        0.0,
        0.0,
        0.0,
        0.0,
        0.0,
        0.0,
        0.0,
        0.0,
        0.0,
        0.0,
        0.0,
        0.0,
        0.0,
        0.0,
        0.0
      ],
      [
        0.0,
        0.0,
        0.0,
        0.0,
        0.0,
        0.0,
        0.0,
        0.0,
        0.0,
        0.0,
        0.0,
        0.0,
        0.0,
        0.0,
        0.0,
        0.0
      ],
      [
        0.0,
        0.0,
        0.0,
        0.0,
        0.0,
        0.0,
        0.0,
        0.0,
        0.0,
        0.0,
        0.0,
        0.0,
        0.0,
        0.0,
        0.0,
        0.0
      ],
      [
        0.0,
        0.0,
        0.0,
        0.0,
        0.0,
        0.0,
        0.0,
        0.0,
        0.0,
        0.0,
        0.0,
        0.0,
        0.0,
        0.0,
        0.0,
        0.0
      ],
      [
        0.0,
        0.0,
        0.0,
        0.0,
        0.0,
        0.0,
        0.0,
        0.0,
        0.0,
        0.0,
        0.0,
        0.0,
        0.0,
        0.0,
        0.0,
        0.0
      ],
      [
        0.0,
        0.0,
        0.0,
        0.0,
        0.0,
        0.0,
        0.0,
        0.0,
        0.0,
        0.0,
        0.0,
        0.0,
        0.0,
        0.0,
        0.0,
        0.0
      ],
      [
        0.0,
        0.0,
        0.0,
        0.0,
        0.0,
        0.0,
        0.0,
        0.0,
        0.0,
        0.0,
        0.0,
        0.0,
        0.0,
        0.0,
        0.0,
        0.0
      ],
      [
        0.0,
        0.0,
        0.0,
        0.0,
        0.0,
        0.0,
        0.0,
        0.0,
        0.0,
        0.0,
        0.0,
        0.0,
        0.0,
        0.0,
        0.0,
        0.0
      ]
    ],
    "num_qubits": 4
  }
}