{
  "config": {
    "symbols": [
      "H",
      "H"
    ],
    "geometry": [
      [
        0.0,
        0.0,
        0.0
      ],
      [
        0.0,
        0.0,
        0.7414
      ]
    ],
    "basis": "STO-3G",
    "ansatz": "RY-CZ",
    "optimizer": {
      "name": "Adam",
      "stepsize": 0.2,
      "iterations_planned": 30
    },
    "optimizer_name": "Adam",
    "seed": 2,
    "noisy": true,
    "depolarizing_prob": 0.0,
    "amplitude_damping_prob": 0.04,
    "mapping": "jordan_wigner",
    "molecule": "H2"
  },
  "result": {
    "energy": -0.9904351154067353,
    "energies": [
      0.7136658268629043,
      0.6786557234623998,
      0.6104960695840319,
      0.5000505673578032,
      0.35759637618733897,
      0.20044511682159377,
      0.05185615138177014,
      -0.06585142092470053,
      -0.15200801491241972,
      -0.2322952774764516,
      -0.32310003524365466,
      -0.4268570279403475,
      -0.5409200547249222,
      -0.6601729095044615,
      -0.7774175561954009,
      -0.8838592765224721,
      -0.9703668527214194,
      -1.0295665963498366,
      -1.0581871999374044,
      -1.0584597843176544,
      -1.037507378500644,
      -1.0049021713157122,
      -0.969858803746134,
      -0.9394444702633268,
      -0.9180735112545648,
      -0.9077855022382398,
      -0.9087753931250365,
      -0.9198987885962059,
      -0.9390742644387454,
      -0.9635999025528301,
      -0.9904351154067353
    ],
    "steps": 30,
    "final_state_real": [
      [
        0.004623200062002357,
        -0.0008619702766925968,
        -8.946920348627612e-05,
        -1.678255434748411e-05,
        -0.001106036945215902,
        0.00020751505509343016,
        0.0002145247161855228,
        4.0240357217602755e-05,
        -0.001127952687272833,
        0.0002103005876677604,
        0.002178938791614771,
        0.0004087234183964265,
        -0.02737957009482041,
        0.005136964928013334,
        0.005310486715004296,
        0.0009961364182684692
      ],
      [
        -0.0008619702766925968,
        0.00016195958420104178,
        1.678255434748411e-05,
        3.143454934904771e-06,
        0.00020751505509343038,
        -3.874660005099872e-05,
        -4.0240357217602755e-05,
        -7.537216734648432e-06,
        0.0002103005876677606,
        -3.9514350618440255e-05,
        -0.0004087234183964265,
        -7.655590561290212e-05,
        0.005136964928013334,
        -0.0009591589653682028,
        -0.0009961364182684692,
        -0.00018658124830168055
      ],
      [
        -8.946920348627612e-05,
        1.678255434748411e-05,
        0.00017412020859647694,
        3.256596623522233e-05,
        -0.0002145247161855228,
        4.0240357217602755e-05,
        4.178701143967048e-05,
        7.815488015919432e-06,
        0.0021789387916147716,
        -0.0004087234183964265,
        -4.248125855705231e-05,
        -7.945334105387158e-06,
        -0.005310486715004296,
        0.0009961364182684692,
        0.001034423319866759,
        0.0001934697596519481
      ],
      [
        -1.678255434748411e-05,
        3.143454934904771e-06,
        3.256596623522234e-05,
        6.099765575160976e-06,
        -4.0240357217602755e-05,
        7.537216734648432e-06,
        7.815488015919432e-06,
        1.4638793275240611e-06,
        0.0004087234183964265,
        -7.655590561290212e-05,
        -7.945334105387158e-06,
        -1.4882001384247314e-06,
        -0.0009961364182684692,
        0.00018658124830168055,
        0.00019346975965194808,
        3.623783710993472e-05
      ],
      [
        -0.001106036945215902,
        0.00020751505509343016,
        -0.0002145247161855228,
        -4.0240357217602755e-05,
        0.061031204197102666,
        -0.011378933047053615,
        -0.011800338204195817,
        -0.0022134970415936153,
        0.02737957009482041,
        -0.005136964928013334,
        0.005310486715004296,
        0.0009961364182684692,
        -0.1487687681291656,
        0.027737120286326956,
        0.028764331316095543,
        0.005395587920434108
      ],
      [
        0.00020751505509343038,
        -3.874660005099872e-05,
        4.0240357217602755e-05,
        7.537216734648432e-06,
        -0.011378933047053615,
        0.002138040388148486,
        0.0022134970415936153,
        0.00041459887778272814,
        -0.005136964928013334,
        0.0009591589653682028,
        -0.0009961364182684692,
        -0.00018658124830168055,
        0.02773712028632696,
        -0.005211655888814221,
        -0.005395587920434108,
        -0.0010106201430382237
      ],
      [
        0.0002145247161855228,
        -4.0240357217602755e-05,
        4.178701143967048e-05,
        7.815488015919432e-06,
        -0.011800338204195817,
        0.0022134970415936153,
        0.0022985736855807037,
        0.0004299057164999647,
        -0.005310486715004296,
        0.0009961364182684692,
        -0.001034423319866759,
        -0.0001934697596519481,
        0.028764331316095543,
        -0.005395587920434108,
        -0.005602969499890532,
        -0.0010479318685706394
      ],
      [
        4.0240357217602755e-05,
        -7.537216734648432e-06,
        7.815488015919432e-06,
        1.4638793275240611e-06,
        -0.0022134970415936153,
        0.00041459887778272814,
        0.00042990571649996473,
        8.05234541831335e-05,
        -0.0009961364182684692,
        0.00018658124830168055,
        -0.00019346975965194808,
        -3.623783710993472e-05,
        0.005395587920434108,
        -0.0010106201430382237,
        -0.0010479318685706394,
        -0.0001962827907776851
      ],
      [
        -0.001127952687272833,
        0.0002103005876677604,
        0.002178938791614771,
        0.0004087234183964265,
        0.02737957009482041,
        -0.005136964928013334,
        -0.005310486715004296,
        -0.0009961364182684692,
        0.06094134501933299,
        -0.011362179296558998,
        -0.001179350563492721,
        -0.00022122153942712386,
        -0.14805945443093513,
        0.027778968845693666,
        0.02871731597915077,
        0.005386768824961084
      ],
      [
        0.0002103005876677606,
        -3.9514350618440255e-05,
        -0.0004087234183964265,
        -7.655590561290212e-05,
        -0.005136964928013334,
        0.0009591589653682028,
        0.0009961364182684692,
        0.00018658124830168055,
        -0.011362179296558998,
        0.002134892448437237,
        0.00022122153942712386,
        4.1435881893847126e-05,
        0.027778968845693662,
        -0.0051868072666276755,
        -0.005386768824961084,
        -0.0010089682831000955
      ],
      [
        0.0021789387916147716,
        -0.0004087234183964265,
        -4.248125855705231e-05,
        -7.945334105387158e-06,
        0.005310486715004296,
        -0.0009961364182684692,
        -0.001034423319866759,
        -0.0001934697596519481,
        -0.001179350563492721,
        0.00022122153942712386,
        0.00229518938497339,
        0.00042927274563348125,
        -0.02871731597915077,
        0.005386768824961084,
        0.005593811438956181,
        0.0010462190225686038
      ],
      [
        0.0004087234183964265,
        -7.655590561290212e-05,
        -7.945334105387158e-06,
        -1.4882001384247314e-06,
        0.0009961364182684692,
        -0.00018658124830168055,
        -0.00019346975965194808,
        -3.623783710993472e-05,
        -0.00022122153942712386,
        4.1435881893847126e-05,
        0.00042927274563348125,
        8.040489562805894e-05,
        -0.005386768824961084,
        0.0010089682831000955,
        0.0010462190225686038,
        0.00019596196630088913
      ],
      [
        -0.02737957009482041,
        0.005136964928013334,
        -0.005310486715004296,
        -0.0009961364182684692,
        -0.1487687681291656,
        0.027737120286326956,
        0.028764331316095543,
        0.005395587920434108,
        -0.14805945443093513,
        0.027778968845693666,
        -0.02871731597915077,
        -0.005386768824961084,
        0.8044911797111628,
        -0.14999296493175013,
        -0.15554777474528136,
        -0.029177514514179503
      ],
      [
        0.005136964928013334,
        -0.0009591589653682028,
        0.0009961364182684692,
        0.00018658124830168055,
        0.02773712028632696,
        -0.005211655888814221,
        -0.005395587920434108,
        -0.0010106201430382237,
        0.027778968845693662,
        -0.0051868072666276755,
        0.005386768824961084,
        0.0010089682831000955,
        -0.14999296493175013,
        0.028182872298845165,
        0.029177514514179503,
        0.00546509190965931
      ],
      [
        0.005310486715004296,
        -0.0009961364182684692,
        0.001034423319866759,
        0.0001934697596519481,
        0.028764331316095543,
        -0.005395587920434108,
        -0.005602969499890532,
        -0.0010479318685706394,
        0.02871731597915077,
        -0.005386768824961084,
        0.005593811438956181,
        0.0010462190225686038,
        -0.15554777474528136,
        0.029177514514179503,
        0.030298963952830566,
        0.005666861101325739
      ],
      [
        0.0009961364182684692,
        -0.00018658124830168055,
        0.00019346975965194808,
        3.623783710993472e-05,
        0.005395587920434108,
        -0.0010106201430382237,
        -0.0010479318685706394,
        -0.0001962827907776851,
        0.005386768824961084,
        -0.0010089682831000955,
        0.0010462190225686038,
        0.00019596196630088913,
        -0.029177514514179503,
        0.00546509190965931,
        0.00566686110132574,
        0.0010614309434399491
      ]
    ],
    "final_state_imag": [
      [
        0.0,
        0.0,
        0.0,
        0.0,
        0.0,
        0.0,
        0.0,
        0.0,
        0.0,
        0.0,
        0.0,
        0.0,
        0.0,
        0.0,
        0.0,
        0.0
      ],
      [
        0.0,
        0.0,
        0.0,
        0.0,
        0.0,
        0.0,
        0.0,
        0.0,
        0.0,
        0.0,
        0.0,
        0.0,
        0.0,
        0.0,
        0.0,
        0.0
      ],
      [
        0.0,
        0.0,
        0.0,
        0.0,
        0.0,
        0.0,
        0.0,
        0.0,
        0.0,
        0.0,
        0.0,
        0.0,
        0.0,
        0.0,
        0.0,
        0.0
      ],
      [
        0.0,
        0.0,
        0.0,
        0.0,
        0.0,
        0.0,
        0.0,
        0.0,
        0.0,
        0.0,
        0.0,
        0.0,
        0.0,
        0.0,
        0.0,
        0.0
      ],
      [
        0.0,
        0.0,
        0.0,
        0.0,
        0.0,
        0.0,
        0.0,
        0.0,
        0.0,
        0.0,
        0.0,
        0.0,
        0.0,
        0.0,
        0.0,
        0.0
      ],
      [
        0.0,
        0.0,
        0.0,
        0.0,
        0.0,
        0.0,
        0.0,
        0.0,
        0.0,
        0.0,
        0.0,
        0.0,
        0.0,
        0.0,
        0.0,
        0.0
      ],
      [
        0.0,
        0.0,
        0.0,
        0.0,
        0.0,
        0.0,
        0.0,
        0.0,
        0.0,
        0.0,
        0.0,
        0.0,
        0.0,
        0.0,
        0.0,
        0.0
      ],
      [
        0.0,
        0.0,
        0.0,
        0.0,
        0.0,
        0.0,
        0.0,
        0.0,
        0.0,
        0.0,
        0.0,
        0.0,
        0.0,
        0.0,
        0.0,
        0.0
      ],
      [
        0.0,
        0.0,
        0.0,
        0.0,
        0.0,
        0.0,
        0.0,
        0.0,
        0.0,
        0.0,
        0.0,
        0.0,
        0.0,
        0.0,
        0.0,
        0.0
      ],
      [
        0.0,
        0.0,
        0.0,
        0.0,
        0.0,
        0.0,
        0.0,
        0.0,
        0.0,
        0.0,
        0.0,
        0.0,
        0.0,
        0.0,
        0.0,
        0.0
      ],
      [
        0.0,
        0.0,
        0.0,
        0.0,
        0.0,
        0.0,
        0.0,
        0.0,
        0.0,
        0.0,
        0.0,
        0.0,
        0.0,
        0.0,
        0.0,
        0.0
      ],
      [
        0.0,
        0.0,
        0.0,
        0.0,
        0.0,
        0.0,
        0.0,
        0.0,
        0.0,
        0.0,
        0.0,
        0.0,
        0.0,
        0.0,
        0.0,
        0.0
      ],
      [
        0.0,
        0.0,
        0.0,
        0.0,
        0.0,
        0.0,
        0.0,
        0.0,
        0.0,
        0.0,
        0.0,
        0.0,
        0.0,
        0.0,
        0.0,
        0.0
      ],
      [
        0.0,
        0.0,
        0.0,
        0.0,
        0.0,
        0.0,
        0.0,
        0.0,
        0.0,
        0.0,
        0.0,
        0.0,
        0.0,
        0.0,
        0.0,
        0.0
      ],
      [
        0.0,
        0.0,
        0.0,
        0.0,
        0.0,
        0.0,
        0.0,
        0.0,
        0.0,
        0.0,
        0.0,
        0.0,
        0.0,
        0.0,
        0.0,
        0.0
      ],
      [
        0.0,
        0.0,
        0.0,
        0.0,
        0.0,
        0.0,
        0.0,
        0.0,
        0.0,
        0.0,
        0.0,
        0.0,
        0.0,
        0.0,
        0.0,
        0.0
      ]
    ],
    "num_qubits": 4
  }
}