{
  "config": {
    "symbols": [
      "H",
      "H"
    ],
    "geometry": [
      [
        0.0,
        0.0,
        0.0
      ],
      [
        0.0,
        0.0,
        0.7414
      ]
    ],
    "basis": "sto-3g",
    "ansatz": "RY-CZ",
    "optimizer": {
      "name": "Adam",
      "stepsize": 0.2,
      "iterations_planned": 30
    },
    "optimizer_name": "Adam",
    "seed": 9,
    "noisy": true,
    "depolarizing_prob": 0.08,
    "amplitude_damping_prob": 0.0,
    "mapping": "jordan_wigner",
    "molecule": "H2"
  },
  "result": {
    "energy": -0.9214427995725868,
    "energies": [
      0.5397970494557872,
      0.5397970494557872,
      0.5124600650329951,
      0.4585642306277342,
      0.3699056868443979,
      0.2550799667251771,
      0.1286556925504909,
      0.00986245662095005,
      -0.08691620423239955,
      -0.17308405857217338,
      -0.2672329444285362,
      -0.37273528638074094,
      -0.48659627646446346,
      -0.6037704624506057,
      -0.7176499873043729,
      -0.8202280613595673,
      -0.9029626525320519,
      -0.9586196569983758,
      -0.9837136453129585,
      -0.9803804574806393,
      -0.9562412084594369,
      -0.9218617594696692,
      -0.8872579499850153,
      -0.8595156828671802,
      -0.8422929143582059,
      -0.8365199347648864,
      -0.8413521720423923,
      -0.8548967862646744,
      -0.8746568792354081,
      -0.8978086626022975,
      -0.9214427995725868
    ],
    "steps": 30,
    "final_state_real": [
      [
        0.00671574152378029,
        0.0003745380064053119,
        -9.428537126726358e-05,
        5.264310851149535e-06,
        -0.0023258121553856406,
        -0.00012990463711911335,
        0.00017859885714473326,
        -9.971853417268852e-06,
        0.002403869576074881,
        0.00013406420057909967,
        -0.0010081392904466918,
        5.628825060384938e-05,
        0.02565714543490028,
        0.001433040135900571,
        -0.001970209348875644,
        0.00011000428077991206
      ],
      [
        0.00037453800640531204,
        0.00040177331201243354,
        -5.264310851149535e-06,
        -4.982894572113953e-06,
        -0.0001299046371191133,
        -0.00013914312358199036,
        9.97185341726885e-06,
        9.438784234402632e-06,
        0.00013406420057909967,
        0.00014381295614276037,
        -5.628825060384938e-05,
        -5.327922805821101e-05,
        0.001433040135900571,
        0.0015349542953168934,
        -0.00011000428077991206,
        -0.00010412373986004818
      ],
      [
        -9.428537126726369e-05,
        -5.264310851149542e-06,
        0.00042266603690885665,
        1.8627466564316156e-05,
        -0.00017859885714473326,
        -9.971853417268852e-06,
        -0.00011567314242721309,
        -8.175758098014474e-06,
        -0.0010081392904466918,
        -5.628825060384938e-05,
        0.00015129141337074834,
        6.667618161710642e-06,
        0.001970209348875644,
        0.00011000428077991206,
        0.0012760457164584936,
        9.019069492589354e-05
      ],
      [
        5.264310851149542e-06,
        -4.982894572113957e-06,
        1.8627466564316166e-05,
        2.528625214694854e-05,
        9.97185341726885e-06,
        -9.438784234402632e-06,
        -8.175758098014472e-06,
        -6.920215940310182e-06,
        5.628825060384938e-05,
        -5.327922805821101e-05,
        6.667618161710642e-06,
        9.051100613948574e-06,
        -0.00011000428077991206,
        0.00010412373986004818,
        9.019069492589354e-05,
        7.634020933733308e-05
      ],
      [
        -0.0023258121553856397,
        -0.00012990463711911332,
        -0.00017859885714473317,
        9.97185341726885e-06,
        0.07066194527030892,
        0.003940828278835439,
        -0.0053983556900160014,
        0.00030141072846560636,
        -0.02565714543490028,
        -0.0014330401359005712,
        -0.0019702093488756446,
        0.00011000428077991207,
        0.13763474470790826,
        0.0076759122894275505,
        -0.010607478431703083,
        0.0005922558617610017
      ],
      [
        -0.00012990463711911327,
        -0.0001391431235819903,
        -9.971853417268843e-06,
        -9.438784234402629e-06,
        0.0039408282788354395,
        0.004227393755993241,
        -0.00030141072846560636,
        -0.0002852980998491422,
        -0.0014330401359005712,
        -0.0015349542953168934,
        -0.00011000428077991207,
        -0.00010412373986004819,
        0.0076759122894275505,
        0.008234082123838924,
        -0.0005922558617610016,
        -0.0005605954135909628
      ],
      [
        0.00017859885714473317,
        9.97185341726885e-06,
        -0.00011567314242721306,
        -8.175758098014474e-06,
        -0.0053983556900160014,
        -0.00030141072846560647,
        0.004447223625554337,
        0.00019599518805650802,
        0.0019702093488756446,
        0.00011000428077991207,
        -0.0012760457164584936,
        -9.019069492589355e-05,
        -0.010607478431703081,
        -0.0005922558617610016,
        0.008662264901152407,
        0.0003817577844615434
      ],
      [
        -9.971853417268843e-06,
        9.438784234402629e-06,
        -8.175758098014469e-06,
        -6.92021594031018e-06,
        0.00030141072846560647,
        -0.0002852980998491422,
        0.00019599518805650808,
        0.0002660578521332269,
        -0.00011000428077991207,
        0.00010412373986004819,
        -9.019069492589355e-05,
        -7.634020933733308e-05,
        0.0005922558617610016,
        -0.0005605954135909627,
        0.0003817577844615434,
        0.0005182252542837618
      ],
      [
        0.002403869576074881,
        0.00013406420057909967,
        -0.0010081392904466918,
        5.628825060384938e-05,
        -0.02565714543490028,
        -0.001433040135900571,
        0.001970209348875644,
        -0.00011000428077991206,
        0.0703278383741406,
        0.003922195082430536,
        -0.0009873647352343937,
        5.512832817938441e-05,
        -0.1367315409879825,
        -0.007636928534254705,
        0.010499599849259047,
        -0.0005862325902340014
      ],
      [
        0.00013406420057909967,
        0.00014381295614276037,
        -5.628825060384938e-05,
        -5.327922805821101e-05,
        -0.001433040135900571,
        -0.0015349542953168934,
        0.00011000428077991206,
        0.00010412373986004818,
        0.003922195082430536,
        0.004207405608181949,
        -5.512832817938441e-05,
        -5.2181312050519756e-05,
        -0.007636928534254705,
        -0.008180047413198024,
        0.0005862325902340013,
        0.000554894130394188
      ],
      [
        -0.0010081392904466918,
        -5.628825060384938e-05,
        0.00015129141337074834,
        6.667618161710642e-06,
        -0.001970209348875644,
        -0.00011000428077991206,
        -0.0012760457164584936,
        -9.019069492589354e-05,
        -0.0009873647352343937,
        -5.512832817938441e-05,
        0.004426196068551533,
        0.00019506847504719316,
        -0.010499599849259047,
        -0.0005862325902340014,
        -0.006800277046609882,
        -0.00048064242888142477
      ],
      [
        5.628825060384938e-05,
        -5.327922805821101e-05,
        6.667618161710642e-06,
        9.051100613948574e-06,
        0.00011000428077991206,
        -0.00010412373986004818,
        -9.019069492589354e-05,
        -7.634020933733308e-05,
        5.512832817938441e-05,
        -5.2181312050519756e-05,
        0.0001950684750471932,
        0.0002647998657752602,
        0.0005862325902340013,
        -0.000554894130394188,
        -0.00048064242888142477,
        -0.00040683070096489415
      ],
      [
        0.02565714543490028,
        0.0014330401359005712,
        0.0019702093488756446,
        -0.00011000428077991207,
        0.13763474470790826,
        0.0076759122894275505,
        -0.010607478431703083,
        0.0005922558617610017,
        -0.1367315409879825,
        -0.007636928534254705,
        -0.010499599849259047,
        0.0005862325902340014,
        0.7399781317633739,
        0.04126870179157425,
        -0.05653205757089051,
        0.0031563997692140235
      ],
      [
        0.0014330401359005712,
        0.0015349542953168934,
        0.00011000428077991207,
        0.00010412373986004819,
        0.0076759122894275505,
        0.008234082123838924,
        -0.0005922558617610016,
        -0.0005605954135909628,
        -0.007636928534254705,
        -0.008180047413198024,
        -0.0005862325902340013,
        -0.000554894130394188,
        0.04126870179157425,
        0.04426964077795412,
        -0.0031563997692140235,
        -0.0029876668992682783
      ],
      [
        -0.0019702093488756446,
        -0.00011000428077991207,
        0.0012760457164584936,
        9.019069492589355e-05,
        -0.010607478431703081,
        -0.0005922558617610016,
        0.008662264901152407,
        0.0003817577844615434,
        0.010499599849259047,
        0.0005862325902340014,
        -0.006800277046609882,
        -0.00048064242888142477,
        -0.05653205757089051,
        -0.0031563997692140235,
        0.046571718587464395,
        0.0020524789197051197
      ],
      [
        0.00011000428077991207,
        -0.00010412373986004819,
        9.019069492589355e-05,
        7.634020933733308e-05,
        0.0005922558617610016,
        -0.0005605954135909627,
        0.0003817577844615434,
        0.0005182252542837618,
        -0.0005862325902340013,
        0.000554894130394188,
        -0.00048064242888142477,
        -0.00040683070096489415,
        0.0031563997692140235,
        -0.0029876668992682783,
        0.0020524789197051197,
        0.002786181325880453
      ]
    ],
    "final_state_imag": [
      [
        0.0,
        0.0,
        0.0,
        0.0,
        0.0,
        0.0,
        0.0,
        0.0,
        0.0,
        0.0,
        0.0,
        0.0,
        0.0,
        0.0,
        0.0,
        0.0
      ],
      [
        0.0,
        0.0,
        0.0,
        0.0,
        0.0,
        0.0,
        0.0,
        0.0,
        0.0,
        0.0,
        0.0,
        0.0,
        0.0,
        0.0,
        0.0,
        0.0
      ],
      [
        0.0,
        0.0,
        0.0,
        0.0,
        0.0,
        0.0,
        0.0,
        0.0,
        0.0,
        0.0,
        0.0,
        0.0,
        0.0,
        0.0,
        0.0,
        0.0
      ],
      [
        0.0,
        0.0,
        0.0,
        0.0,
        0.0,
        0.0,
        0.0,
        0.0,
        0.0,
        0.0,
        0.0,
        0.0,
        0.0,
        0.0,
        0.0,
        0.0
      ],
      [
        0.0,
        0.0,
        0.0,
        0.0,
        0.0,
        0.0,
        0.0,
        0.0,
        0.0,
        0.0,
        0.0,
        0.0,
        0.0,
        0.0,
        0.0,
        0.0
      ],
      [
        0.0,
        0.0,
        0.0,
        0.0,
        0.0,
        0.0,
        0.0,
        0.0,
        0.0,
        0.0,
        0.0,
        0.0,
        0.0,
        0.0,
        0.0,
        0.0
      ],
      [
        0.0,
        0.0,
        0.0,
        0.0,
        0.0,
        0.0,
        0.0,
        0.0,
        0.0,
        0.0,
        0.0,
        0.0,
        0.0,
        0.0,
        0.0,
        0.0
      ],
      [
        0.0,
        0.0,
        0.0,
        0.0,
        0.0,
        0.0,
        0.0,
        0.0,
        0.0,
        0.0,
        0.0,
        0.0,
        0.0,
        0.0,
        0.0,
        0.0
      ],
      [
        0.0,
        0.0,
        0.0,
        0.0,
        0.0,
        0.0,
        0.0,
        0.0,
        0.0,
        0.0,
        0.0,
        0.0,
        0.0,
        0.0,
        0.0,
        0.0
      ],
      [
        0.0,
        0.0,
        0.0,
        0.0,
        0.0,
        0.0,
        0.0,
        0.0,
        0.0,
        0.0,
        0.0,
        0.0,
        0.0,
        0.0,
        0.0,
        0.0
      ],
      [
        0.0,
        0.0,
        0.0,
        0.0,
        0.0,
        0.0,
        0.0,
        0.0,
        0.0,
        0.0,
        0.0,
        0.0,
        0.0,
        0.0,
        0.0,
        0.0
      ],
      [
        0.0,
        0.0,
        0.0,
        0.0,
        0.0,
        0.0,
        0.0,
        0.0,
        0.0,
        0.0,
        0.0,
        0.0,
        0.0,
        0.0,
        0.0,
        0.0
      ],
      [
        0.0,
        0.0,
        0.0,
        0.0,
        0.0,
        0.0,
        0.0,
        0.0,
        0.0,
        0.0,
        0.0,
        0.0,
        0.0,
        0.0,
        0.0,
        0.0
      ],
      [
        0.0,
        0.0,
        0.0,
        0.0,
        0.0,
        0.0,
        0.0,
        0.0,
        0.0,
        0.0,
        0.0,
        0.0,
        0.0,
        0.0,
        0.0,
        0.0
      ],
      [
        0.0,
        0.0,
        0.0,
        0.0,
        0.0,
        0.0,
        0.0,
        0.0,
        0.0,
        0.0,
        0.0,
        0.0,
        0.0,
        0.0,
        0.0,
        0.0
      ],
      [
        0.0,
        0.0,
        0.0,
        0.0,
        0.0,
        0.0,
        0.0,
        0.0,
        0.0,
        0.0,
        0.0,
        0.0,
        0.0,
        0.0,
        0.0,
        0.0
      ]
    ],
    "num_qubits": 4
  }
}