{
  "config": {
    "symbols": [
      "H",
      "H"
    ],
    "geometry": [
      [
        0.0,
        0.0,
        0.0
      ],
      [
        0.0,
        0.0,
        0.7414
      ]
    ],
    "basis": "sto-3g",
    "ansatz": "RY-CZ",
    "optimizer": {
      "name": "Adam",
      "stepsize": 0.2,
      "iterations_planned": 30
    },
    "optimizer_name": "Adam",
    "seed": 8,
    "noisy": true,
    "depolarizing_prob": 0.02,
    "amplitude_damping_prob": 0.0,
    "mapping": "jordan_wigner",
    "molecule": "H2"
  },
  "result": {
    "energy": -1.016567890722727,
    "energies": [
      0.6682156536000203,
      0.6682156536000203,
      0.6332854780128767,
      0.5663280482989903,
      0.4610559499383098,
      0.33044340113213105,
      0.1935063891786585,
      0.07125326703765159,
      -0.02719736083774397,
      -0.12097993173417151,
      -0.23027192707006267,
      -0.3586086377616905,
      -0.5010688268744948,
      -0.648441992758289,
      -0.7890517430334566,
      -0.910791974637529,
      -1.0034686959334471,
      -1.0608935495967258,
      -1.0822269457934632,
      -1.0722859718038773,
      -1.0405720321179084,
      -0.9989115292236002,
      -0.9583839986543966,
      -0.9269728335680584,
      -0.9088518657423516,
      -0.9049605434062685,
      -0.9139941676866815,
      -0.9332582639424227,
      -0.9592798146153154,
      -0.9882731893197256,
      -1.016567890722727
    ],
    "steps": 30,
    "final_state_real": [
      [
        0.0019771754605059423,
        0.00011773326299218115,
        5.952545076672164e-05,
        -3.545341519653901e-06,
        -0.003240664568847171,
        -0.0001930213346088264,
        0.0002259374046580525,
        -1.3456853350279213e-05,
        -0.003273912866268311,
        -0.00019494903320275875,
        -0.0005284458369586109,
        3.1474284403152013e-05,
        -0.029006612853370833,
        -0.0017276996759436048,
        0.0020223255714314514,
        -0.00012044990373532957
      ],
      [
        0.00011773326299218115,
        3.392352464222648e-05,
        3.545341519653901e-06,
        5.874625608167713e-07,
        -0.0001930213346088264,
        -5.5601926361328546e-05,
        1.345685335027921e-05,
        2.229798592284138e-06,
        -0.00019494903320275875,
        -5.617238632272697e-05,
        -3.1474284403152013e-05,
        -5.215284229417775e-06,
        -0.0017276996759436045,
        -0.0004976829652068664,
        0.00012044990373532957,
        1.9958531076971666e-05
      ],
      [
        5.9525450766721614e-05,
        3.545341519653899e-06,
        3.659250131731898e-05,
        1.0029567114657558e-06,
        -0.0002259374046580525,
        -1.3456853350279213e-05,
        -2.760686484286436e-05,
        -3.5723351730942257e-06,
        -0.0005284458369586108,
        -3.1474284403152013e-05,
        -6.059182063743335e-05,
        -1.660749360675178e-06,
        -0.0020223255714314514,
        -0.00012044990373532957,
        -0.0002471041428632553,
        -3.1975337510875366e-05
      ],
      [
        -3.545341519653899e-06,
        5.87462560816771e-07,
        1.0029567114657558e-06,
        6.278383709259296e-07,
        1.345685335027921e-05,
        -2.229798592284138e-06,
        -3.5723351730942257e-06,
        -4.736666919545304e-07,
        3.1474284403152013e-05,
        -5.215284229417775e-06,
        -1.6607493606751782e-06,
        -1.0396083511907214e-06,
        0.00012044990373532957,
        -1.9958531076971666e-05,
        -3.1975337510875366e-05,
        -4.239706413042799e-06
      ],
      [
        -0.003240664568847171,
        -0.00019302133460882639,
        -0.00022593740465805243,
        1.3456853350279211e-05,
        0.04158030226584992,
        0.0024759485234087447,
        -0.0028958981880467588,
        0.0001724799720208507,
        0.029006612853370833,
        0.0017276996759436048,
        0.0020223255714314514,
        -0.00012044990373532957,
        0.15927503639417695,
        0.009484221366517666,
        -0.011113296756296175,
        0.000661909013755157
      ],
      [
        -0.00019302133460882639,
        -5.5601926361328546e-05,
        -1.3456853350279204e-05,
        -2.2297985922841366e-06,
        0.0024759485234087442,
        0.0007134169104980888,
        -0.0001724799720208507,
        -2.857990562863053e-05,
        0.0017276996759436045,
        0.0004976829652068664,
        0.00012044990373532957,
        1.9958531076971666e-05,
        0.009484221366517666,
        0.0027327724473308794,
        -0.000661909013755157,
        -0.00010967822481775109
      ],
      [
        0.00022593740465805243,
        1.3456853350279211e-05,
        -2.760686484286436e-05,
        -3.5723351730942257e-06,
        -0.002895898188046759,
        -0.00017247997202085073,
        0.0007695458980905459,
        2.1092333005001707e-05,
        -0.0020223255714314514,
        -0.00012044990373532957,
        0.0002471041428632553,
        3.1975337510875366e-05,
        -0.011113296756296173,
        -0.0006619090137551569,
        0.0029477768136868068,
        8.079503812960267e-05
      ],
      [
        -1.3456853350279204e-05,
        2.2297985922841366e-06,
        -3.5723351730942253e-06,
        -4.736666919545304e-07,
        0.00017247997202085073,
        -2.857990562863053e-05,
        2.10923330050017e-05,
        1.3203536943817176e-05,
        0.00012044990373532957,
        -1.9958531076971666e-05,
        3.1975337510875366e-05,
        4.239706413042799e-06,
        0.0006619090137551569,
        -0.00010967822481775107,
        8.079503812960267e-05,
        5.057668445535905e-05
      ],
      [
        -0.003273912866268311,
        -0.00019494903320275875,
        -0.0005284458369586109,
        3.1474284403152013e-05,
        0.029006612853370833,
        0.0017276996759436048,
        -0.0020223255714314514,
        0.00012044990373532957,
        0.04183855312088658,
        0.0024913263775452766,
        0.0012596043111474371,
        -7.502215279556808e-05,
        0.1599455975480563,
        0.009526722697657888,
        -0.011151321720823679,
        0.0006641737842656912
      ],
      [
        -0.00019494903320275875,
        -5.617238632272697e-05,
        -3.1474284403152013e-05,
        -5.215284229417775e-06,
        0.0017276996759436045,
        0.0004976829652068664,
        -0.00012044990373532957,
        -1.9958531076971666e-05,
        0.0024913263775452766,
        0.0007178478673957993,
        7.502215279556808e-05,
        1.2431159524393009e-05,
        0.009526722697657888,
        0.0027442776466832545,
        -0.0006641737842656912,
        -0.00011005349695342691
      ],
      [
        -0.0005284458369586108,
        -3.1474284403152013e-05,
        -6.059182063743335e-05,
        -1.660749360675178e-06,
        0.0020223255714314514,
        0.00012044990373532957,
        0.0002471041428632553,
        3.1975337510875366e-05,
        0.0012596043111474371,
        7.502215279556808e-05,
        0.0007743254661875073,
        2.122333525213385e-05,
        0.011151321720823679,
        0.0006641737842656912,
        0.001362558944288136,
        0.00017631546609149872
      ],
      [
        3.1474284403152013e-05,
        -5.215284229417775e-06,
        -1.6607493606751782e-06,
        -1.0396083511907214e-06,
        -0.00012044990373532957,
        1.9958531076971666e-05,
        3.1975337510875366e-05,
        4.239706413042799e-06,
        -7.502215279556808e-05,
        1.2431159524393009e-05,
        2.122333525213385e-05,
        1.3285542713843765e-05,
        -0.0006641737842656912,
        0.00011005349695342691,
        0.00017631546609149875,
        2.337819927788132e-05
      ],
      [
        -0.029006612853370833,
        -0.0017276996759436048,
        -0.0020223255714314514,
        0.00012044990373532957,
        0.15927503639417695,
        0.009484221366517666,
        -0.011113296756296175,
        0.000661909013755157,
        0.15994559754805632,
        0.00952672269765789,
        0.01115132172082368,
        -0.0006641737842656913,
        0.8798711696973616,
        0.05239297467039657,
        -0.06127943250027478,
        0.0036498088388355818
      ],
      [
        -0.0017276996759436045,
        -0.0004976829652068664,
        -0.00012044990373532957,
        -1.9958531076971666e-05,
        0.009484221366517666,
        0.0027327724473308794,
        -0.000661909013755157,
        -0.00010967822481775109,
        0.00952672269765789,
        0.0027442776466832554,
        0.0006641737842656913,
        0.00011005349695342692,
        0.05239297467039657,
        0.015096450417999398,
        -0.0036498088388355818,
        -0.0006047727800179173
      ],
      [
        0.0020223255714314514,
        0.00012044990373532957,
        -0.0002471041428632553,
        -3.1975337510875366e-05,
        -0.011113296756296173,
        -0.0006619090137551569,
        0.0029477768136868068,
        8.079503812960267e-05,
        -0.01115132172082368,
        -0.0006641737842656913,
        0.0013625589442881362,
        0.00017631546609149875,
        -0.06127943250027477,
        -0.003649808838835581,
        0.01628418295662179,
        0.00044632998562878
      ],
      [
        -0.00012044990373532957,
        1.9958531076971666e-05,
        -3.1975337510875366e-05,
        -4.239706413042799e-06,
        0.0006619090137551569,
        -0.00010967822481775107,
        8.079503812960267e-05,
        5.057668445535905e-05,
        0.0006641737842656913,
        -0.00011005349695342692,
        0.00017631546609149875,
        2.337819927788132e-05,
        0.003649808838835581,
        -0.0006047727800179171,
        0.00044632998562878,
        0.0002793969947746191
      ]
    ],
    "final_state_imag": [
      [
        0.0,
        0.0,
        0.0,
        0.0,
        0.0,
        0.0,
        0.0,
        0.0,
        0.0,
        0.0,
        0.0,
        0.0,
        0.0,
        0.0,
        0.0,
        0.0
      ],
      [
        0.0,
        0.0,
        0.0,
        0.0,
        0.0,
        0.0,
        0.0,
        0.0,
        0.0,
        0.0,
        0.0,
        0.0,
        0.0,
        0.0,
        0.0,
        0.0
      ],
      [
        0.0,
        0.0,
        0.0,
        0.0,
        0.0,
        0.0,
        0.0,
        0.0,
        0.0,
        0.0,
        0.0,
        0.0,
        0.0,
        0.0,
        0.0,
        0.0
      ],
      [
        0.0,
        0.0,
        0.0,
        0.0,
        0.0,
        0.0,
        0.0,
        0.0,
        0.0,
        0.0,
        0.0,
        0.0,
        0.0,
        0.0,
        0.0,
        0.0
      ],
      [
        0.0,
        0.0,
        0.0,
        0.0,
        0.0,
        0.0,
        0.0,
        0.0,
        0.0,
        0.0,
        0.0,
        0.0,
        0.0,
        0.0,
        0.0,
        0.0
      ],
      [
        0.0,
        0.0,
        0.0,
        0.0,
        0.0,
        0.0,
        0.0,
        0.0,
        0.0,
        0.0,
        0.0,
        0.0,
        0.0,
        0.0,
        0.0,
        0.0
      ],
      [
        0.0,
        0.0,
        0.0,
        0.0,
        0.0,
        0.0,
        0.0,
        0.0,
        0.0,
        0.0,
        0.0,
        0.0,
        0.0,
        0.0,
        0.0,
        0.0
      ],
      [
        0.0,
        0.0,
        0.0,
        0.0,
        0.0,
        0.0,
        0.0,
        0.0,
        0.0,
        0.0,
        0.0,
        0.0,
        0.0,
        0.0,
        0.0,
        0.0
      ],
      [
        0.0,
        0.0,
        0.0,
        0.0,
        0.0,
        0.0,
        0.0,
        0.0,
        0.0,
        0.0,
        0.0,
        0.0,
        0.0,
        0.0,
        0.0,
        0.0
      ],
      [
        0.0,
        0.0,
        0.0,
        0.0,
        0.0,
        0.0,
        0.0,
        0.0,
        0.0,
        0.0,
        0.0,
        0.0,
        0.0,
        0.0,
        0.0,
        0.0
      ],
      [
        0.0,
        0.0,
        0.0,
        0.0,
        0.0,
        0.0,
        0.0,
        0.0,
        0.0,
        0.0,
        0.0,
        0.0,
        0.0,
        0.0,
        0.0,
        0.0
      ],
      [
        0.0,
        0.0,
        0.0,
        0.0,
        0.0,
        0.0,
        0.0,
        0.0,
        0.0,
        0.0,
        0.0,
        0.0,
        0.0,
        0.0,
        0.0,
        0.0
      ],
      [
        0.0,
        0.0,
        0.0,
        0.0,
        0.0,
        0.0,
        0.0,
        0.0,
        0.0,
        0.0,
        0.0,
        0.0,
        0.0,
        0.0,
        0.0,
        0.0
      ],
      [
        0.0,
        0.0,
        0.0,
        0.0,
        0.0,
        0.0,
        0.0,
        0.0,
        0.0,
        0.0,
        0.0,
        0.0,
        0.0,
        0.0,
        0.0,
        0.0
      ],
      [
        0.0,
        0.0,
        0.0,
        0.0,
        0.0,
        0.0,
        0.0,
        0.0,
        0.0,
        0.0,
        0.0,
        0.0,
        0.0,
        0.0,
        0.0,
        0.0
      ],
      [
        0.0,
        0.0,
        0.0,
        0.0,
        0.0,
        0.0,
        0.0,
        0.0,
        0.0,
        0.0,
        0.0,
        0.0,
        0.0,
        0.0,
        0.0,
        0.0
      ]
    ],
    "num_qubits": 4
  }
}