{
  "config": {
    "symbols": [
      "H",
      "H"
    ],
    "geometry": [
      [
        0.0,
        0.0,
        0.0
      ],
      [
        0.0,
        0.0,
        0.7414
      ]
    ],
    "basis": "STO-3G",
    "ansatz": "RY-CZ",
    "optimizer": {
      "name": "Adam",
      "stepsize": 0.2,
      "iterations_planned": 30
    },
    "optimizer_name": "Adam",
    "seed": 2,
    "noisy": true,
    "depolarizing_prob": 0.1,
    "amplitude_damping_prob": 0.0,
    "mapping": "jordan_wigner",
    "molecule": "H2"
  },
  "result": {
    "energy": -0.9163162718205389,
    "energies": [
      0.4995199886407313,
      0.47256867558526,
      0.42023572419373323,
      0.3357465582769697,
      0.22773468411540343,
      0.11044585051497956,
      0.001897708656975458,
      -0.08778303378948613,
      -0.17358070014097152,
      -0.26954285699513686,
      -0.3762820463269848,
      -0.4900293822072161,
      -0.6053939638132974,
      -0.7155786845722576,
      -0.8126012220254223,
      -0.8882830327826976,
      -0.9361886142077318,
      -0.9540249090945176,
      -0.9452345928476882,
      -0.9183709311020433,
      -0.8841302025095784,
      -0.8518496454606045,
      -0.8275515343266302,
      -0.8139180599911701,
      -0.8112166884263976,
      -0.8182462367816273,
      -0.8329676673895816,
      -0.8528633285496836,
      -0.8751740957822012,
      -0.8971414495143016,
      -0.9163162718205389
    ],
    "steps": 30,
    "final_state_real": [
      [
        0.00846015024951563,
        -0.0003325211505441039,
        -0.00012329935161099726,
        -4.849335930274034e-06,
        -0.004195261546288063,
        0.00016502063464601753,
        0.00020330885097703607,
        7.996091650961567e-06,
        -0.004218746395837455,
        0.00016581530635085095,
        0.0006792930610521499,
        2.6716444207580187e-05,
        -0.023222427732812332,
        0.0009134543151143107,
        0.0011253946976041871,
        4.4261521829001324e-05
      ],
      [
        -0.0003325211505441039,
        0.0006193903657589418,
        4.849335930274034e-06,
        -8.587059391867837e-06,
        0.00016502063464601756,
        -0.0003071463871174818,
        -7.996091650961567e-06,
        1.4159240542806739e-05,
        0.00016581530635085095,
        -0.0003088657761499667,
        -2.6716444207580187e-05,
        4.730868235334863e-05,
        0.0009134543151143107,
        -0.001700176425124452,
        -4.4261521829001324e-05,
        7.837698237140094e-05
      ],
      [
        -0.00012329935161099732,
        4.849335930274034e-06,
        0.0006272203988211877,
        -2.2850147801257175e-05,
        -0.00020330885097703607,
        7.996091650961567e-06,
        -0.0002882894704314403,
        1.2234334524061972e-05,
        0.0006792930610521499,
        -2.6716444207580187e-05,
        -0.00031277030772285786,
        1.1394475965296952e-05,
        -0.0011253946976041871,
        4.4261521829001324e-05,
        -0.0015957959520183798,
        6.772186816229833e-05
      ],
      [
        -4.849335930274034e-06,
        -8.58705939186784e-06,
        -2.2850147801257175e-05,
        4.5920493227595716e-05,
        -7.996091650961567e-06,
        -1.4159240542806739e-05,
        1.2234334524061975e-05,
        -2.1106447907967688e-05,
        2.6716444207580187e-05,
        4.730868235334863e-05,
        1.1394475965296952e-05,
        -2.2898755883217224e-05,
        -4.4261521829001324e-05,
        -7.837698237140094e-05,
        6.772186816229834e-05,
        -0.00011683251588278745
      ],
      [
        -0.004195261546288063,
        0.00016502063464601753,
        -0.00020330885097703607,
        -7.996091650961567e-06,
        0.07724913425205421,
        -0.0030362310647496695,
        -0.0037216891003511794,
        -0.0001463732001817965,
        0.023222427732812332,
        -0.0009134543151143107,
        0.0011253946976041871,
        4.4261521829001324e-05,
        -0.12733937586362531,
        0.005004998081938918,
        0.006202584980415773,
        0.0002439462804395276
      ],
      [
        0.00016502063464601756,
        -0.0003071463871174818,
        7.996091650961567e-06,
        -1.4159240542806739e-05,
        -0.0030362310647496695,
        0.0056556169935257205,
        0.0001463732001817965,
        -0.0002591932960329723,
        -0.0009134543151143107,
        0.001700176425124452,
        -4.4261521829001324e-05,
        7.837698237140094e-05,
        0.005004998081938918,
        -0.0093228583731361,
        -0.0002439462804395276,
        0.0004319727955908173
      ],
      [
        0.00020330885097703607,
        -7.996091650961567e-06,
        -0.0002882894704314403,
        1.2234334524061972e-05,
        -0.0037216891003511803,
        0.0001463732001817965,
        0.005727112564808049,
        -0.0002086433553919043,
        -0.0011253946976041871,
        4.4261521829001324e-05,
        0.0015957959520183798,
        -6.772186816229833e-05,
        0.006202584980415773,
        -0.0002439462804395276,
        -0.009440713434066609,
        0.0003439328467683266
      ],
      [
        7.996091650961567e-06,
        1.4159240542806739e-05,
        1.2234334524061975e-05,
        -2.1106447907967688e-05,
        -0.0001463732001817965,
        -0.0002591932960329723,
        -0.0002086433553919043,
        0.0004192973223450948,
        -4.4261521829001324e-05,
        -7.837698237140094e-05,
        -6.772186816229834e-05,
        0.00011683251588278745,
        0.0002439462804395276,
        0.0004319727955908173,
        0.0003439328467683266,
        -0.0006911800351638743
      ],
      [
        -0.004218746395837455,
        0.00016581530635085095,
        0.0006792930610521499,
        2.6716444207580187e-05,
        0.023222427732812332,
        -0.0009134543151143107,
        -0.0011253946976041871,
        -4.4261521829001324e-05,
        0.07716557060769241,
        -0.003032946645638031,
        -0.0011246212587259724,
        -4.423110265085483e-05,
        -0.12709048785447077,
        0.004999104997821437,
        0.006159001237638027,
        0.00024223214158099768
      ],
      [
        0.00016581530635085095,
        -0.0003088657761499667,
        -2.6716444207580187e-05,
        4.730868235334863e-05,
        -0.0009134543151143107,
        0.001700176425124452,
        4.4261521829001324e-05,
        -7.837698237140094e-05,
        -0.003032946645638031,
        0.005649499074254917,
        4.423110265085483e-05,
        -7.832311699825476e-05,
        0.004999104997821437,
        -0.009304636612236277,
        -0.00024223214158099768,
        0.0004289374496391765
      ],
      [
        0.0006792930610521499,
        -2.6716444207580187e-05,
        -0.00031277030772285786,
        1.1394475965296952e-05,
        0.0011253946976041871,
        -4.4261521829001324e-05,
        0.0015957959520183798,
        -6.772186816229833e-05,
        -0.0011246212587259722,
        4.423110265085483e-05,
        0.005720917305764444,
        -0.00020841765708062572,
        -0.006159001237638027,
        0.00024223214158099768,
        -0.008733388618608666,
        0.0003706246979079447
      ],
      [
        2.6716444207580187e-05,
        4.730868235334863e-05,
        1.1394475965296952e-05,
        -2.2898755883217224e-05,
        4.4261521829001324e-05,
        7.837698237140094e-05,
        -6.772186816229834e-05,
        0.00011683251588278745,
        -4.423110265085483e-05,
        -7.832311699825476e-05,
        -0.00020841765708062572,
        0.00041884375075926987,
        -0.00024223214158099768,
        -0.0004289374496391765,
        0.0003706246979079447,
        -0.0006393948820358959
      ],
      [
        -0.023222427732812332,
        0.0009134543151143107,
        -0.0011253946976041871,
        -4.4261521829001324e-05,
        -0.12733937586362531,
        0.005004998081938918,
        0.006202584980415773,
        0.0002439462804395276,
        -0.12709048785447077,
        0.004999104997821437,
        -0.006159001237638027,
        -0.00024223214158099768,
        0.7045942858817767,
        -0.02769365740538991,
        -0.03394576391470951,
        -0.0013350793048089176
      ],
      [
        0.0009134543151143107,
        -0.001700176425124452,
        4.4261521829001324e-05,
        -7.837698237140094e-05,
        0.005004998081938918,
        -0.0093228583731361,
        -0.0002439462804395276,
        0.0004319727955908173,
        0.004999104997821437,
        -0.009304636612236277,
        0.00024223214158099768,
        -0.0004289374496391765,
        -0.02769365740538991,
        0.05158524370994007,
        0.0013350793048089176,
        -0.002364118602647509
      ],
      [
        0.0011253946976041871,
        -4.4261521829001324e-05,
        -0.0015957959520183798,
        6.772186816229833e-05,
        0.006202584980415773,
        -0.0002439462804395276,
        -0.009440713434066609,
        0.0003439328467683266,
        0.006159001237638027,
        -0.00024223214158099768,
        -0.008733388618608666,
        0.0003706246979079447,
        -0.03394576391470951,
        0.0013350793048089176,
        0.05223735938060913,
        -0.001903049366439046
      ],
      [
        4.4261521829001324e-05,
        7.837698237140094e-05,
        6.772186816229834e-05,
        -0.00011683251588278745,
        0.0002439462804395276,
        0.0004319727955908173,
        0.0003439328467683266,
        -0.0006911800351638743,
        0.00024223214158099768,
        0.0004289374496391765,
        0.0003706246979079447,
        -0.0006393948820358959,
        -0.0013350793048089176,
        -0.002364118602647509,
        -0.001903049366439046,
        0.003824437649306432
      ]
    ],
    "final_state_imag": [
      [
        0.0,
        0.0,
        0.0,
        0.0,
        0.0,
        0.0,
        0.0,
        0.0,
        0.0,
        0.0,
        0.0,
        0.0,
        0.0,
        0.0,
        0.0,
        0.0
      ],
      [
        0.0,
        0.0,
        0.0,
        0.0,
        0.0,
        0.0,
        0.0,
        0.0,
        0.0,
        0.0,
        0.0,
        0.0,
        0.0,
        0.0,
        0.0,
        0.0
      ],
      [
        0.0,
        0.0,
        0.0,
        0.0,
        0.0,
        0.0,
        0.0,
        0.0,
        0.0,
        0.0,
        0.0,
        0.0,
        0.0,
        0.0,
        0.0,
        0.0
      ],
      [
        0.0,
        0.0,
        0.0,
        0.0,
        0.0,
        0.0,
        0.0,
        0.0,
        0.0,
        0.0,
        0.0,
        0.0,
        0.0,
        0.0,
        0.0,
        0.0
      ],
      [
        0.0,
        0.0,
        0.0,
        0.0,
        0.0,
        0.0,
        0.0,
        0.0,
        0.0,
        0.0,
        0.0,
        0.0,
        0.0,
        0.0,
        0.0,
        0.0
      ],
      [
        0.0,
        0.0,
        0.0,
        0.0,
        0.0,
        0.0,
        0.0,
        0.0,
        0.0,
        0.0,
        0.0,
        0.0,
        0.0,
        0.0,
        0.0,
        0.0
      ],
      [
        0.0,
        0.0,
        0.0,
        0.0,
        0.0,
        0.0,
        0.0,
        0.0,
        0.0,
        0.0,
        0.0,
        0.0,
        0.0,
        0.0,
        0.0,
        0.0
      ],
      [
        0.0,
        0.0,
        0.0,
        0.0,
        0.0,
        0.0,
        0.0,
        0.0,
        0.0,
        0.0,
        0.0,
        0.0,
        0.0,
        0.0,
        0.0,
        0.0
      ],
      [
        0.0,
        0.0,
        0.0,
        0.0,
        0.0,
        0.0,
        0.0,
        0.0,
        0.0,
        0.0,
        0.0,
        0.0,
        0.0,
        0.0,
        0.0,
        0.0
      ],
      [
        0.0,
        0.0,
        0.0,
        0.0,
        0.0,
        0.0,
        0.0,
        0.0,
        0.0,
        0.0,
        0.0,
        0.0,
        0.0,
        0.0,
        0.0,
        0.0
      ],
      [
        0.0,
        0.0,
        0.0,
        0.0,
        0.0,
        0.0,
        0.0,
        0.0,
        0.0,
        0.0,
        0.0,
        0.0,
        0.0,
        0.0,
        0.0,
        0.0
      ],
      [
        0.0,
        0.0,
        0.0,
        0.0,
        0.0,
        0.0,
        0.0,
        0.0,
        0.0,
        0.0,
        0.0,
        0.0,
        0.0,
        0.0,
        0.0,
        0.0
      ],
      [
        0.0,
        0.0,
        0.0,
        0.0,
        0.0,
        0.0,
        0.0,
        0.0,
        0.0,
        0.0,
        0.0,
        0.0,
        0.0,
        0.0,
        0.0,
        0.0
      ],
      [
        0.0,
        0.0,
        0.0,
        0.0,
        0.0,
        0.0,
        0.0,
        0.0,
        0.0,
        0.0,
        0.0,
        0.0,
        0.0,
        0.0,
        0.0,
        0.0
      ],
      [
        0.0,
        0.0,
        0.0,
        0.0,
        0.0,
        0.0,
        0.0,
        0.0,
        0.0,
        0.0,
        0.0,
        0.0,
        0.0,
        0.0,
        0.0,
        0.0
      ],
      [
        0.0,
        0.0,
        0.0,
        0.0,
        0.0,
        0.0,
        0.0,
        0.0,
        0.0,
        0.0,
        0.0,
        0.0,
        0.0,
        0.0,
        0.0,
        0.0
      ]
    ],
    "num_qubits": 4
  }
}