{
  "config": {
    "symbols": [
      "H",
      "H"
    ],
    "geometry": [
      [
        0.0,
        0.0,
        0.0
      ],
      [
        0.0,
        0.0,
        0.7414
      ]
    ],
    "basis": "sto-3g",
    "ansatz": "RY-CZ",
    "optimizer": {
      "name": "Adam",
      "stepsize": 0.2,
      "iterations_planned": 30
    },
    "optimizer_name": "Adam",
    "seed": 7,
    "noisy": true,
    "depolarizing_prob": 0.1,
    "amplitude_damping_prob": 0.0,
    "mapping": "jordan_wigner",
    "molecule": "H2"
  },
  "result": {
    "energy": -0.8999211628114889,
    "energies": [
      0.49950317189808136,
      0.49950317189808136,
      0.47190955467202655,
      0.41829765721864876,
      0.3322021953250762,
      0.22208809962500886,
      0.10205199603091669,
      -0.009794011598124631,
      -0.10257841460660959,
      -0.1909256746903704,
      -0.2889116369640847,
      -0.39694271441740836,
      -0.5110607970830231,
      -0.6256885209712458,
      -0.733860814324973,
      -0.8275316217733724,
      -0.8986951519377295,
      -0.9414407052776576,
      -0.954346553476041,
      -0.9418494068799569,
      -0.9132051738567161,
      -0.8791750892021368,
      -0.84855548817953,
      -0.8265868522912599,
      -0.8152780919601801,
      -0.8144669778978418,
      -0.8227401478241884,
      -0.83798958499648,
      -0.8577136276225903,
      -0.8792299215973348,
      -0.8999211628114889
    ],
    "steps": 30,
    "final_state_real": [
      [
        0.008521530335139077,
        -0.0002473969226819377,
        5.8895434910581104e-05,
        1.710245430524769e-06,
        -0.004220655070618935,
        0.0001225562434478275,
        -9.880545566865396e-05,
        -2.86917957775152e-06,
        0.004171694403597879,
        -0.00012111256044748123,
        0.00033072855675894366,
        9.603919281686387e-06,
        0.023448394846541938,
        -0.0006808770532513951,
        0.0005489264814931543,
        1.5940098041436535e-05
      ],
      [
        -0.0002473969226819377,
        0.00061697023394202,
        -1.710245430524769e-06,
        4.149517017500115e-06,
        0.0001225562434478275,
        -0.00030558109211563795,
        2.86917957775152e-06,
        -6.961404060287759e-06,
        -0.00012111256044748127,
        0.000302036274107847,
        -9.60391928168639e-06,
        2.3301700319016265e-05,
        -0.0006808770532513951,
        0.0016976952595451537,
        -1.5940098041436538e-05,
        3.867498015373483e-05
      ],
      [
        5.8895434910581104e-05,
        -1.710245430524769e-06,
        0.0006140700064782518,
        -1.751473340980334e-05,
        9.880545566865396e-05,
        -2.86917957775152e-06,
        -0.0002988058524546168,
        8.831525588499757e-06,
        0.00033072855675894366,
        -9.603919281686387e-06,
        0.0003006164748225153,
        -8.574295047087088e-06,
        -0.0005489264814931544,
        1.5940098041436538e-05,
        0.0016600545397769126,
        -4.906468205327973e-05
      ],
      [
        1.710245430524769e-06,
        4.149517017500115e-06,
        -1.751473340980334e-05,
        4.445949267954834e-05,
        2.86917957775152e-06,
        6.961404060287759e-06,
        8.831525588499757e-06,
        -2.1633944777732327e-05,
        9.60391928168639e-06,
        2.3301700319016265e-05,
        -8.574295047087092e-06,
        2.1765036267402505e-05,
        -1.594009804143654e-05,
        -3.867498015373484e-05,
        -4.906468205327973e-05,
        0.00012019017682062368
      ],
      [
        -0.004220655070618935,
        0.0001225562434478275,
        9.880545566865396e-05,
        2.86917957775152e-06,
        0.07747757372239458,
        -0.0022493275928085464,
        0.001803542739743065,
        5.2372492606341913e-05,
        -0.02344839484654194,
        0.000680877053251395,
        0.0005489264814931545,
        1.594009804143654e-05,
        0.12774893615199379,
        -0.003708804925515621,
        0.0030069770487971886,
        8.731863115038008e-05
      ],
      [
        0.0001225562434478275,
        -0.00030558109211563795,
        -2.86917957775152e-06,
        6.961404060287759e-06,
        -0.0022493275928085464,
        0.005609480328627586,
        -5.2372492606341913e-05,
        0.00012706980263776078,
        0.000680877053251395,
        -0.001697695259545154,
        -1.5940098041436545e-05,
        3.8674980153734844e-05,
        -0.003708804925515621,
        0.009249194443224786,
        -8.73186311503801e-05,
        0.00021185856686787977
      ],
      [
        -9.880545566865396e-05,
        2.86917957775152e-06,
        -0.0002988058524546168,
        8.831525588499757e-06,
        0.001803542739743065,
        -5.2372492606341913e-05,
        0.005583111521817237,
        -0.00015924358602473706,
        -0.0005489264814931545,
        1.594009804143654e-05,
        -0.001660054539776913,
        4.906468205327973e-05,
        0.0030069770487971886,
        -8.731863115038008e-05,
        0.009205716222937591,
        -0.0002625688663997042
      ],
      [
        -2.86917957775152e-06,
        -6.961404060287759e-06,
        8.831525588499757e-06,
        -2.1633944777732327e-05,
        5.2372492606341913e-05,
        0.00012706980263776078,
        -0.00015924358602473706,
        0.0004042247678842241,
        -1.5940098041436545e-05,
        -3.8674980153734844e-05,
        4.906468205327973e-05,
        -0.00012019017682062371,
        8.73186311503801e-05,
        0.00021185856686787977,
        -0.00026256886639970423,
        0.0006665062105393488
      ],
      [
        0.004171694403597879,
        -0.00012111256044748123,
        0.00033072855675894366,
        9.603919281686387e-06,
        -0.023448394846541938,
        0.0006808770532513951,
        -0.0005489264814931543,
        -1.5940098041436535e-05,
        0.07766647323447468,
        -0.002254811720206652,
        0.0005367816036813685,
        1.558742687407997e-05,
        -0.12818647605858063,
        0.003722183571909547,
        -0.0030008429889698944,
        -8.714050617675311e-05
      ],
      [
        -0.00012111256044748127,
        0.000302036274107847,
        -9.60391928168639e-06,
        2.3301700319016265e-05,
        0.0006808770532513951,
        -0.0016976952595451537,
        1.5940098041436538e-05,
        -3.867498015373483e-05,
        -0.002254811720206652,
        0.00562315690684488,
        -1.558742687407997e-05,
        3.7819304714170154e-05,
        0.003722183571909547,
        -0.009280872919731842,
        8.714050617675311e-05,
        -0.00021142638760511745
      ],
      [
        0.00033072855675894366,
        -9.603919281686387e-06,
        0.0003006164748225153,
        -8.574295047087088e-06,
        0.0005489264814931544,
        -1.5940098041436538e-05,
        -0.0016600545397769126,
        4.906468205327973e-05,
        0.0005367816036813691,
        -1.558742687407998e-05,
        0.005596723809756696,
        -0.0001596318407706811,
        0.0030008429889698944,
        -8.714050617675311e-05,
        -0.00907510057348056,
        0.00026822427430558867
      ],
      [
        9.60391928168639e-06,
        2.3301700319016265e-05,
        -8.574295047087092e-06,
        2.1765036267402505e-05,
        1.594009804143654e-05,
        3.867498015373484e-05,
        4.906468205327973e-05,
        -0.00012019017682062368,
        1.558742687407998e-05,
        3.781930471417018e-05,
        -0.0001596318407706811,
        0.0004052103158015815,
        8.714050617675311e-05,
        0.00021142638760511745,
        0.00026822427430558867,
        -0.0006570494622051098
      ],
      [
        0.02344839484654194,
        -0.000680877053251395,
        -0.0005489264814931545,
        -1.594009804143654e-05,
        0.12774893615199379,
        -0.003708804925515621,
        0.0030069770487971886,
        8.731863115038008e-05,
        -0.12818647605858063,
        0.003722183571909547,
        0.0030008429889698944,
        8.714050617675311e-05,
        0.7061419333296534,
        -0.0205007005093973,
        0.016437752189401748,
        0.0004773305539335136
      ],
      [
        -0.000680877053251395,
        0.001697695259545154,
        1.5940098041436545e-05,
        -3.8674980153734844e-05,
        -0.003708804925515621,
        0.009249194443224786,
        -8.73186311503801e-05,
        0.00021185856686787977,
        0.003722183571909547,
        -0.009280872919731842,
        -8.714050617675311e-05,
        0.00021142638760511745,
        -0.0205007005093973,
        0.051125623763393684,
        -0.0004773305539335136,
        0.0011581327575376813
      ],
      [
        0.0005489264814931545,
        -1.594009804143654e-05,
        0.001660054539776913,
        -4.906468205327973e-05,
        0.0030069770487971886,
        -8.731863115038008e-05,
        0.009205716222937591,
        -0.0002625688663997042,
        -0.0030008429889698944,
        8.714050617675311e-05,
        -0.00907510057348056,
        0.00026822427430558867,
        0.01643775218940175,
        -0.00047733055393351374,
        0.050885294603276024,
        -0.0014513693228025276
      ],
      [
        1.5940098041436545e-05,
        3.8674980153734844e-05,
        -4.906468205327973e-05,
        0.00012019017682062371,
        8.73186311503801e-05,
        0.00021185856686787977,
        -0.00026256886639970423,
        0.0006665062105393488,
        -8.714050617675311e-05,
        -0.00021142638760511745,
        0.00026822427430558867,
        -0.0006570494622051098,
        0.00047733055393351374,
        0.0011581327575376815,
        -0.0014513693228025276,
        0.003684163627996923
      ]
    ],
    "final_state_imag": [
      [
        0.0,
        0.0,
        0.0,
        0.0,
        0.0,
        0.0,
        0.0,
        0.0,
        0.0,
        0.0,
        0.0,
        0.0,
        0.0,
        0.0,
        0.0,
        0.0
      ],
      [
        0.0,
        0.0,
        0.0,
        0.0,
        0.0,
        0.0,
        0.0,
        0.0,
        0.0,
        0.0,
        0.0,
        0.0,
        0.0,
        0.0,
        0.0,
        0.0
      ],
      [
        0.0,
        0.0,
        0.0,
        0.0,
        0.0,
        0.0,
        0.0,
        0.0,
        0.0,
        0.0,
        0.0,
        0.0,
        0.0,
        0.0,
        0.0,
        0.0
      ],
      [
        0.0,
        0.0,
        0.0,
        0.0,
        0.0,
        0.0,
        0.0,
        0.0,
        0.0,
        0.0,
        0.0,
        0.0,
        0.0,
        0.0,
        0.0,
        0.0
      ],
      [
        0.0,
        0.0,
        0.0,
        0.0,
        0.0,
        0.0,
        0.0,
        0.0,
        0.0,
        0.0,
        0.0,
        0.0,
        0.0,
        0.0,
        0.0,
        0.0
      ],
      [
        0.0,
        0.0,
        0.0,
        0.0,
        0.0,
        0.0,
        0.0,
        0.0,
        0.0,
        0.0,
        0.0,
        0.0,
        0.0,
        0.0,
        0.0,
        0.0
      ],
      [
        0.0,
        0.0,
        0.0,
        0.0,
        0.0,
        0.0,
        0.0,
        0.0,
        0.0,
        0.0,
        0.0,
        0.0,
        0.0,
        0.0,
        0.0,
        0.0
      ],
      [
        0.0,
        0.0,
        0.0,
        0.0,
        0.0,
        0.0,
        0.0,
        0.0,
        0.0,
        0.0,
        0.0,
        0.0,
        0.0,
        0.0,
        0.0,
        0.0
      ],
      [
        0.0,
        0.0,
        0.0,
        0.0,
        0.0,
        0.0,
        0.0,
        0.0,
        0.0,
        0.0,
        0.0,
        0.0,
        0.0,
        0.0,
        0.0,
        0.0
      ],
      [
        0.0,
        0.0,
        0.0,
        0.0,
        0.0,
        0.0,
        0.0,
        0.0,
        0.0,
        0.0,
        0.0,
        0.0,
        0.0,
        0.0,
        0.0,
        0.0
      ],
      [
        0.0,
        0.0,
        0.0,
        0.0,
        0.0,
        0.0,
        0.0,
        0.0,
        0.0,
        0.0,
        0.0,
        0.0,
        0.0,
        0.0,
        0.0,
        0.0
      ],
      [
        0.0,
        0.0,
        0.0,
        0.0,
        0.0,
        0.0,
        0.0,
        0.0,
        0.0,
        0.0,
        0.0,
        0.0,
        0.0,
        0.0,
        0.0,
        0.0
      ],
      [
        0.0,
        0.0,
        0.0,
        0.0,
        0.0,
        0.0,
        0.0,
        0.0,
        0.0,
        0.0,
        0.0,
        0.0,
        0.0,
        0.0,
        0.0,
        0.0
      ],
      [
        0.0,
        0.0,
        0.0,
        0.0,
        0.0,
        0.0,
        0.0,
        0.0,
        0.0,
        0.0,
        0.0,
        0.0,
        0.0,
        0.0,
        0.0,
        0.0
      ],
      [
        0.0,
        0.0,
        0.0,
        0.0,
        0.0,
        0.0,
        0.0,
        0.0,
        0.0,
        0.0,
        0.0,
        0.0,
        0.0,
        0.0,
        0.0,
        0.0
      ],
      [
        0.0,
        0.0,
        0.0,
        0.0,
        0.0,
        0.0,
        0.0,
        0.0,
        0.0,
        0.0,
        0.0,
        0.0,
        0.0,
        0.0,
        0.0,
        0.0
      ]
    ],
    "num_qubits": 4
  }
}