{
  "config": {
    "symbols": [
      "H",
      "H"
    ],
    "geometry": [
      [
        0.0,
        0.0,
        0.0
      ],
      [
        0.0,
        0.0,
        0.7414
      ]
    ],
    "basis": "sto-3g",
    "ansatz": "RY-CZ",
    "optimizer": {
      "name": "Adam",
      "stepsize": 0.2,
      "iterations_planned": 30
    },
    "optimizer_name": "Adam",
    "seed": 8,
    "noisy": true,
    "depolarizing_prob": 0.06,
    "amplitude_damping_prob": 0.0,
    "mapping": "jordan_wigner",
    "molecule": "H2"
  },
  "result": {
    "energy": -0.9626400838979833,
    "energies": [
      0.5812567139712551,
      0.5812567139712551,
      0.5502004223737337,
      0.4906309510792887,
      0.39685754594766337,
      0.2803888677158124,
      0.15818489456896317,
      0.04859679263855189,
      -0.04352404980696071,
      -0.13802061759577589,
      -0.2488573827088778,
      -0.37598396282890695,
      -0.5133224027584238,
      -0.6515732089960727,
      -0.7797173304868655,
      -0.8868746925175363,
      -0.9644070762184862,
      -1.00778664080988,
      -1.0178046978493889,
      -1.000724802015265,
      -0.9669060798994792,
      -0.9279028957790015,
      -0.8933161879914115,
      -0.8690869946796937,
      -0.8575847361152231,
      -0.8585792625732218,
      -0.8702186816872707,
      -0.8897154447295157,
      -0.9138074762070914,
      -0.9391379363144577,
      -0.9626400838979833
    ],
    "steps": 30,
    "final_state_real": [
      [
        0.0046849331107269715,
        8.52195199519342e-05,
        -1.0829334208112015e-05,
        1.970071279844918e-07,
        0.0009265575866123945,
        1.6856639969948914e-05,
        -2.6177052068420383e-05,
        4.7621264133088945e-07,
        0.0008966429711046273,
        1.6310047925946884e-05,
        -0.00030956718725202195,
        5.631642842186372e-06,
        -0.02563539946111691,
        -0.00046637867461835536,
        0.0007242498428423492,
        -1.3175545120281732e-05
      ],
      [
        8.52195199519342e-05,
        0.00019689076537518003,
        -1.970071279844918e-07,
        -4.473267177147161e-07,
        1.6856639969948914e-05,
        3.893985849543663e-05,
        -4.762126413308893e-07,
        -1.0812940626065673e-06,
        1.6310047925946884e-05,
        3.7682655584739235e-05,
        -5.631642842186372e-06,
        -1.2787274926088563e-05,
        -0.00046637867461835536,
        -0.001077362963633557,
        1.3175545120281736e-05,
        2.991654877188882e-05
      ],
      [
        -1.0829334208112015e-05,
        -1.970071279844918e-07,
        0.00019926989638221985,
        3.4768769395187962e-06,
        2.6177052068420383e-05,
        4.7621264133088945e-07,
        3.780268543927309e-05,
        7.169837478518193e-07,
        -0.0003095671872520219,
        -5.63164284218637e-06,
        3.81379942297916e-05,
        6.654347448584051e-07,
        -0.0007242498428423494,
        -1.3175545120281736e-05,
        -0.001045900390802272,
        -1.9837045261817142e-05
      ],
      [
        1.970071279844918e-07,
        -4.473267177147161e-07,
        3.4768769395187962e-06,
        8.374591800487841e-06,
        -4.762126413308893e-07,
        1.0812940626065673e-06,
        7.169837478518193e-07,
        1.5887099118520188e-06,
        5.63164284218637e-06,
        -1.2787274926088561e-05,
        6.654347448584051e-07,
        1.6028017255112262e-06,
        1.3175545120281736e-05,
        -2.991654877188882e-05,
        -1.9837045261817142e-05,
        -4.395540418277283e-05
      ],
      [
        0.0009265575866123939,
        1.6856639969948904e-05,
        2.617705206842036e-05,
        -4.7621264133088887e-07,
        0.06090890179061841,
        0.001107940550850376,
        -0.0017156068829746894,
        3.121030141558381e-05,
        0.02563539946111691,
        0.00046637867461835536,
        0.0007242498428423492,
        -1.3175545120281732e-05,
        0.14204814656525003,
        0.0025838735739119644,
        -0.004024688711725395,
        7.321709247228551e-05
      ],
      [
        1.6856639969948904e-05,
        3.8939858495436606e-05,
        4.7621264133088887e-07,
        1.0812940626065662e-06,
        0.001107940550850376,
        0.0025597804724805657,
        -3.121030141558381e-05,
        -7.086647997944075e-05,
        0.00046637867461835536,
        0.001077362963633557,
        1.3175545120281736e-05,
        2.991654877188882e-05,
        0.0025838735739119644,
        0.005969768967100148,
        -7.321709247228551e-05,
        -0.00016624759718755265
      ],
      [
        -2.617705206842036e-05,
        -4.7621264133088887e-07,
        3.780268543927305e-05,
        7.169837478518188e-07,
        -0.0017156068829746894,
        -3.121030141558381e-05,
        0.0025907115985884287,
        4.520294122499328e-05,
        -0.0007242498428423494,
        -1.3175545120281736e-05,
        0.001045900390802272,
        1.9837045261817142e-05,
        -0.004024688711725394,
        -7.32170924722855e-05,
        0.00604190471418523,
        0.00010541963213162434
      ],
      [
        4.7621264133088887e-07,
        -1.0812940626065662e-06,
        7.169837478518187e-07,
        1.5887099118520175e-06,
        3.121030141558381e-05,
        -7.086647997944075e-05,
        4.520294122499328e-05,
        0.0001088782224754711,
        1.3175545120281736e-05,
        -2.991654877188882e-05,
        1.9837045261817142e-05,
        4.395540418277283e-05,
        7.321709247228549e-05,
        -0.00016624759718755262,
        0.00010541963213162434,
        0.0002539193656310807
      ],
      [
        0.0008966429711046273,
        1.6310047925946884e-05,
        -0.00030956718725202195,
        5.631642842186372e-06,
        0.02563539946111691,
        0.00046637867461835536,
        -0.0007242498428423492,
        1.3175545120281732e-05,
        0.06106137151869208,
        0.0011107139942969624,
        -0.0001411448111964615,
        2.5677048421775474e-06,
        0.14242811196304211,
        0.002591160484410265,
        -0.004023870892358295,
        7.320221471141614e-05
      ],
      [
        1.6310047925946884e-05,
        3.7682655584739235e-05,
        -5.631642842186372e-06,
        -1.2787274926088563e-05,
        0.00046637867461835536,
        0.001077362963633557,
        -1.3175545120281736e-05,
        -2.991654877188882e-05,
        0.0011107139942969622,
        0.002566188222761618,
        -2.5677048421775474e-06,
        -5.830261020818923e-06,
        0.002591160484410265,
        0.005985737536174503,
        -7.320221471141614e-05,
        -0.00016621381556754364
      ],
      [
        -0.0003095671872520219,
        -5.63164284218637e-06,
        3.81379942297916e-05,
        6.654347448584051e-07,
        0.0007242498428423494,
        1.3175545120281736e-05,
        0.001045900390802272,
        1.9837045261817142e-05,
        -0.0001411448111964615,
        -2.5677048421775474e-06,
        0.002597196776966986,
        4.5316095131139854e-05,
        0.004023870892358295,
        7.320221471141614e-05,
        0.005810934141647474,
        0.00011021294627577178
      ],
      [
        5.63164284218637e-06,
        -1.2787274926088561e-05,
        6.654347448584051e-07,
        1.6028017255112262e-06,
        -1.3175545120281736e-05,
        2.991654877188882e-05,
        1.9837045261817142e-05,
        4.395540418277283e-05,
        2.5677048421775474e-06,
        -5.830261020818923e-06,
        4.531609513113985e-05,
        0.00010915077102725833,
        -7.320221471141614e-05,
        0.00016621381556754364,
        0.00011021294627577178,
        0.00024421250926167455
      ],
      [
        -0.02563539946111691,
        -0.00046637867461835536,
        -0.0007242498428423492,
        1.3175545120281732e-05,
        0.14204814656525003,
        0.0025838735739119644,
        -0.004024688711725395,
        7.321709247228551e-05,
        0.14242811196304211,
        0.002591160484410265,
        0.004023870892358295,
        -7.320221471141614e-05,
        0.7938600174497191,
        0.014440413128033194,
        -0.022360470637559946,
        0.0004067814342074154
      ],
      [
        -0.00046637867461835536,
        -0.001077362963633557,
        -1.3175545120281736e-05,
        -2.991654877188882e-05,
        0.0025838735739119644,
        0.005969768967100148,
        -7.321709247228551e-05,
        -0.00016624759718755265,
        0.002591160484410265,
        0.005985737536174503,
        7.320221471141614e-05,
        0.00016621381556754364,
        0.014440413128033194,
        0.03336306041991174,
        -0.0004067814342074154,
        -0.0009236427415236086
      ],
      [
        0.0007242498428423494,
        1.3175545120281736e-05,
        -0.001045900390802272,
        -1.9837045261817142e-05,
        -0.004024688711725394,
        -7.32170924722855e-05,
        0.00604190471418523,
        0.00010541963213162434,
        -0.004023870892358295,
        -7.320221471141614e-05,
        0.005810934141647474,
        0.00011021294627577178,
        -0.022360470637559946,
        -0.0004067814342074154,
        0.03376620320511807,
        0.0005891553886985205
      ],
      [
        -1.3175545120281736e-05,
        2.991654877188882e-05,
        -1.9837045261817142e-05,
        -4.395540418277283e-05,
        7.321709247228549e-05,
        -0.00016624759718755262,
        0.00010541963213162434,
        0.0002539193656310807,
        7.320221471141614e-05,
        -0.00016621381556754364,
        0.00011021294627577178,
        0.00024421250926167455,
        0.0004067814342074154,
        -0.0009236427415236086,
        0.0005891553886985205,
        0.001419071187515403
      ]
    ],
    "final_state_imag": [
      [
        0.0,
        0.0,
        0.0,
        0.0,
        0.0,
        0.0,
        0.0,
        0.0,
        0.0,
        0.0,
        0.0,
        0.0,
        0.0,
        0.0,
        0.0,
        0.0
      ],
      [
        0.0,
        0.0,
        0.0,
        0.0,
        0.0,
        0.0,
        0.0,
        0.0,
        0.0,
        0.0,
        0.0,
        0.0,
        0.0,
        0.0,
        0.0,
        0.0
      ],
      [
        0.0,
        0.0,
        0.0,
        0.0,
        0.0,
        0.0,
        0.0,
        0.0,
        0.0,
        0.0,
        0.0,
        0.0,
        0.0,
        0.0,
        0.0,
        0.0
      ],
      [
        0.0,
        0.0,
        0.0,
        0.0,
        0.0,
        0.0,
        0.0,
        0.0,
        0.0,
        0.0,
        0.0,
        0.0,
        0.0,
        0.0,
        0.0,
        0.0
      ],
      [
        0.0,
        0.0,
        0.0,
        0.0,
        0.0,
        0.0,
        0.0,
        0.0,
        0.0,
        0.0,
        0.0,
        0.0,
        0.0,
        0.0,
        0.0,
        0.0
      ],
      [
        0.0,
        0.0,
        0.0,
        0.0,
        0.0,
        0.0,
        0.0,
        0.0,
        0.0,
        0.0,
        0.0,
        0.0,
        0.0,
        0.0,
        0.0,
        0.0
      ],
      [
        0.0,
        0.0,
        0.0,
        0.0,
        0.0,
        0.0,
        0.0,
        0.0,
        0.0,
        0.0,
        0.0,
        0.0,
        0.0,
        0.0,
        0.0,
        0.0
      ],
      [
        0.0,
        0.0,
        0.0,
        0.0,
        0.0,
        0.0,
        0.0,
        0.0,
        0.0,
        0.0,
        0.0,
        0.0,
        0.0,
        0.0,
        0.0,
        0.0
      ],
      [
        0.0,
        0.0,
        0.0,
        0.0,
        0.0,
        0.0,
        0.0,
        0.0,
        0.0,
        0.0,
        0.0,
        0.0,
        0.0,
        0.0,
        0.0,
        0.0
      ],
      [
        0.0,
        0.0,
        0.0,
        0.0,
        0.0,
        0.0,
        0.0,
        0.0,
        0.0,
        0.0,
        0.0,
        0.0,
        0.0,
        0.0,
        0.0,
        0.0
      ],
      [
        0.0,
        0.0,
        0.0,
        0.0,
        0.0,
        0.0,
        0.0,
        0.0,
        0.0,
        0.0,
        0.0,
        0.0,
        0.0,
        0.0,
        0.0,
        0.0
      ],
      [
        0.0,
        0.0,
        0.0,
        0.0,
        0.0,
        0.0,
        0.0,
        0.0,
        0.0,
        0.0,
        0.0,
        0.0,
        0.0,
        0.0,
        0.0,
        0.0
      ],
      [
        0.0,
        0.0,
        0.0,
        0.0,
        0.0,
        0.0,
        0.0,
        0.0,
        0.0,
        0.0,
        0.0,
        0.0,
        0.0,
        0.0,
        0.0,
        0.0
      ],
      [
        0.0,
        0.0,
        0.0,
        0.0,
        0.0,
        0.0,
        0.0,
        0.0,
        0.0,
        0.0,
        0.0,
        0.0,
        0.0,
        0.0,
        0.0,
        0.0
      ],
      [
        0.0,
        0.0,
        0.0,
        0.0,
        0.0,
        0.0,
        0.0,
        0.0,
        0.0,
        0.0,
        0.0,
        0.0,
        0.0,
        0.0,
        0.0,
        0.0
      ],
      [
        0.0,
        0.0,
        0.0,
        0.0,
        0.0,
        0.0,
        0.0,
        0.0,
        0.0,
        0.0,
        0.0,
        0.0,
        0.0,
        0.0,
        0.0,
        0.0
      ]
    ],
    "num_qubits": 4
  }
}