{
  "config": {
    "symbols": [
      "H",
      "H"
    ],
    "geometry": [
      [
        0.0,
        0.0,
        0.0
      ],
      [
        0.0,
        0.0,
        0.7414
      ]
    ],
    "basis": "sto-3g",
    "ansatz": "RY-CZ",
    "optimizer": {
      "name": "Adam",
      "stepsize": 0.2,
      "iterations_planned": 30
    },
    "optimizer_name": "Adam",
    "seed": 7,
    "noisy": true,
    "depolarizing_prob": 0.06,
    "amplitude_damping_prob": 0.0,
    "mapping": "jordan_wigner",
    "molecule": "H2"
  },
  "result": {
    "energy": -0.9495391777294939,
    "energies": [
      0.5812571189799605,
      0.5812571189799605,
      0.5500687650066899,
      0.48942612173862554,
      0.39187674358628005,
      0.26683511346524846,
      0.1300843032357601,
      0.0024403969737012733,
      -0.09979366368575483,
      -0.18746243590574466,
      -0.28176119742668965,
      -0.38761691596174763,
      -0.5024566595894163,
      -0.6213363172734028,
      -0.7375919346771331,
      -0.8430288529608772,
      -0.9288136062258426,
      -0.9873608273281181,
      -1.0148246510429975,
      -1.0130266511337895,
      -0.989393597336639,
      -0.9545043150792829,
      -0.9186261720798201,
      -0.8892474961247445,
      -0.8704277455475135,
      -0.8633902044154887,
      -0.8674502384101642,
      -0.8807689391387217,
      -0.9008340876888543,
      -0.9247608718813053,
      -0.9495391777294939
    ],
    "steps": 30,
    "final_state_real": [
      [
        0.004938403858267962,
        -0.0004051483120164786,
        1.6687715922856556e-05,
        1.3706320435913765e-06,
        -0.000553064883696662,
        4.54218969228618e-05,
        -4.23185313403931e-05,
        -3.4757983274046575e-06,
        0.0005116455227236003,
        -4.197557061583827e-05,
        0.000885535826810815,
        7.273276855777883e-05,
        0.027140601970214326,
        -0.0022289927664104485,
        0.002076701032610841,
        0.00017056815884294366
      ],
      [
        -0.0004051483120164786,
        0.00024194513172113183,
        -1.3706320435913765e-06,
        5.729939748705251e-07,
        4.542189692286196e-05,
        -2.709607394953981e-05,
        3.4757983274046575e-06,
        -1.4530606582415964e-06,
        -4.197557061583827e-05,
        2.5066832714103987e-05,
        -7.273276855777883e-05,
        3.040600017642972e-05,
        -0.0022289927664104485,
        0.0013296880342583777,
        -0.00017056815884294366,
        7.13061742418323e-05
      ],
      [
        1.6687715922856556e-05,
        -1.3706320435913765e-06,
        0.0002372075706512422,
        -1.4300398917889634e-05,
        4.231853134039327e-05,
        -3.4757983274046655e-06,
        -1.952136595355435e-05,
        2.1817611788481934e-06,
        0.000885535826810815,
        -7.273276855777885e-05,
        2.4575995597576865e-05,
        -1.4815991744477987e-06,
        -0.002076701032610841,
        0.00017056815884294366,
        0.0009579737185970069,
        -0.00010706575936153919
      ],
      [
        1.3706320435913765e-06,
        5.729939748705251e-07,
        -1.4300398917889634e-05,
        1.1621410191144878e-05,
        3.4757983274046655e-06,
        1.453060658241602e-06,
        2.181761178848202e-06,
        -9.564020263554654e-07,
        7.273276855777885e-05,
        3.040600017642972e-05,
        -1.481599174447798e-06,
        1.2040413588448657e-06,
        -0.00017056815884294364,
        -7.13061742418323e-05,
        -0.00010706575936153919,
        4.693360125727467e-05
      ],
      [
        -0.0005530648836966635,
        4.542189692286196e-05,
        4.231853134039337e-05,
        3.4757983274046655e-06,
        0.06197769537830991,
        -0.005084670955607227,
        0.004724748600567854,
        0.0003880634030318087,
        -0.027140601970214326,
        0.0022289927664104485,
        0.002076701032610841,
        0.00017056815884294366,
        0.14486083527848828,
        -0.01188443160478191,
        0.011113604981652859,
        0.0009128069520171137
      ],
      [
        4.5421896922862056e-05,
        -2.7096073949539878e-05,
        -3.4757983274046655e-06,
        1.453060658241606e-06,
        -0.005084670955607227,
        0.0030364470185993697,
        -0.0003880634030318087,
        0.0001622302592768432,
        0.0022289927664104485,
        -0.0013296880342583777,
        -0.00017056815884294366,
        7.13061742418323e-05,
        -0.01188443160478191,
        0.007097105639509095,
        -0.0009128069520171137,
        0.00038159977812518255
      ],
      [
        -4.2318531340393366e-05,
        3.4757983274046655e-06,
        -1.95213659535544e-05,
        2.181761178848202e-06,
        0.004724748600567854,
        -0.0003880634030318087,
        0.0029769899297802413,
        -0.00017947211150773102,
        -0.002076701032610841,
        0.00017056815884294366,
        -0.0009579737185970069,
        0.00010706575936153919,
        0.011113604981652859,
        -0.0009128069520171137,
        0.006958136232902532,
        -0.0004194812314899737
      ],
      [
        -3.4757983274046655e-06,
        -1.453060658241606e-06,
        2.1817611788482052e-06,
        -9.564020263554678e-07,
        0.0003880634030318087,
        0.0001622302592768432,
        -0.00017947211150773102,
        0.00014585040862692466,
        -0.00017056815884294364,
        -7.13061742418323e-05,
        0.00010706575936153919,
        -4.693360125727467e-05,
        0.0009128069520171137,
        0.00038159977812518255,
        -0.0004194812314899737,
        0.0003408970257838793
      ],
      [
        0.0005116455227236003,
        -4.197557061583827e-05,
        0.000885535826810815,
        7.273276855777883e-05,
        -0.027140601970214326,
        0.0022289927664104485,
        -0.002076701032610841,
        -0.00017056815884294366,
        0.06219033863510032,
        -0.005102116279850215,
        0.00021015184947891153,
        1.7260652101661725e-05,
        -0.1453079753840906,
        0.011933796692805183,
        -0.011118442503887787,
        -0.0009132042779913475
      ],
      [
        -4.197557061583827e-05,
        2.5066832714103987e-05,
        -7.273276855777883e-05,
        3.040600017642972e-05,
        0.0022289927664104485,
        -0.0013296880342583777,
        0.00017056815884294366,
        -7.13061742418323e-05,
        -0.005102116279850215,
        0.0030468649597500575,
        -1.7260652101661753e-05,
        7.215831340608146e-06,
        0.011933796692805183,
        -0.007119012185602248,
        0.0009132042779913475,
        -0.000381765880610791
      ],
      [
        0.000885535826810815,
        -7.273276855777885e-05,
        2.4575995597576865e-05,
        -1.4815991744477987e-06,
        0.002076701032610841,
        -0.00017056815884294366,
        -0.0009579737185970069,
        0.00010706575936153919,
        0.00021015184947891153,
        -1.7260652101661725e-05,
        0.002987203875785117,
        -0.00018008787390517254,
        0.011118442503887788,
        -0.0009132042779913477,
        -0.005128892191605294,
        0.0005732190001850076
      ],
      [
        7.273276855777885e-05,
        3.040600017642972e-05,
        -1.481599174447798e-06,
        1.2040413588448657e-06,
        0.00017056815884294364,
        7.13061742418323e-05,
        0.00010706575936153919,
        -4.693360125727467e-05,
        1.7260652101661753e-05,
        7.215831340608146e-06,
        -0.00018008787390517254,
        0.00014635081616394793,
        0.0009132042779913477,
        0.0003817658806107911,
        0.0005732190001850076,
        -0.00025127764607665154
      ],
      [
        0.027140601970214326,
        -0.0022289927664104485,
        -0.002076701032610841,
        -0.00017056815884294366,
        0.14486083527848828,
        -0.01188443160478191,
        0.011113604981652859,
        0.0009128069520171137,
        -0.14530797538409063,
        0.011933796692805183,
        0.01111844250388779,
        0.0009132042779913477,
        0.7804979045905813,
        -0.06403231036843125,
        0.059499733895414304,
        0.004886962496198518
      ],
      [
        -0.0022289927664104485,
        0.0013296880342583777,
        0.00017056815884294366,
        -7.13061742418323e-05,
        -0.01188443160478191,
        0.007097105639509095,
        -0.0009128069520171137,
        0.00038159977812518255,
        0.011933796692805183,
        -0.007119012185602249,
        -0.0009132042779913477,
        0.00038176588061079116,
        -0.06403231036843125,
        0.03823860375819209,
        -0.004886962496198519,
        0.0020429991249896595
      ],
      [
        0.002076701032610841,
        -0.00017056815884294366,
        0.0009579737185970069,
        -0.00010706575936153919,
        0.011113604981652859,
        -0.0009128069520171137,
        0.006958136232902532,
        -0.0004194812314899737,
        -0.01111844250388779,
        0.0009132042779913477,
        -0.0051288921916052945,
        0.0005732190001850076,
        0.059499733895414304,
        -0.004886962496198518,
        0.0374898483720306,
        -0.002260129327320124
      ],
      [
        0.00017056815884294364,
        7.13061742418323e-05,
        -0.00010706575936153919,
        4.693360125727467e-05,
        0.0009128069520171137,
        0.00038159977812518255,
        -0.0004194812314899737,
        0.0003408970257838793,
        -0.0009132042779913477,
        -0.00038176588061079116,
        0.0005732190001850076,
        -0.0002512776460766516,
        0.004886962496198519,
        0.0020429991249896595,
        -0.002260129327320124,
        0.0018367242864089043
      ]
    ],
    "final_state_imag": [
      [
        0.0,
        0.0,
        0.0,
        0.0,
        0.0,
        0.0,
        0.0,
        0.0,
        0.0,
        0.0,
        0.0,
        0.0,
        0.0,
        0.0,
        0.0,
        0.0
      ],
      [
        0.0,
        0.0,
        0.0,
        0.0,
        0.0,
        0.0,
        0.0,
        0.0,
        0.0,
        0.0,
        0.0,
        0.0,
        0.0,
        0.0,
        0.0,
        0.0
      ],
      [
        0.0,
        0.0,
        0.0,
        0.0,
        0.0,
        0.0,
        0.0,
        0.0,
        0.0,
        0.0,
        0.0,
        0.0,
        0.0,
        0.0,
        0.0,
        0.0
      ],
      [
        0.0,
        0.0,
        0.0,
        0.0,
        0.0,
        0.0,
        0.0,
        0.0,
        0.0,
        0.0,
        0.0,
        0.0,
        0.0,
        0.0,
        0.0,
        0.0
      ],
      [
        0.0,
        0.0,
        0.0,
        0.0,
        0.0,
        0.0,
        0.0,
        0.0,
        0.0,
        0.0,
        0.0,
        0.0,
        0.0,
        0.0,
        0.0,
        0.0
      ],
      [
        0.0,
        0.0,
        0.0,
        0.0,
        0.0,
        0.0,
        0.0,
        0.0,
        0.0,
        0.0,
        0.0,
        0.0,
        0.0,
        0.0,
        0.0,
        0.0
      ],
      [
        0.0,
        0.0,
        0.0,
        0.0,
        0.0,
        0.0,
        0.0,
        0.0,
        0.0,
        0.0,
        0.0,
        0.0,
        0.0,
        0.0,
        0.0,
        0.0
      ],
      [
        0.0,
        0.0,
        0.0,
        0.0,
        0.0,
        0.0,
        0.0,
        0.0,
        0.0,
        0.0,
        0.0,
        0.0,
        0.0,
        0.0,
        0.0,
        0.0
      ],
      [
        0.0,
        0.0,
        0.0,
        0.0,
        0.0,
        0.0,
        0.0,
        0.0,
        0.0,
        0.0,
        0.0,
        0.0,
        0.0,
        0.0,
        0.0,
        0.0
      ],
      [
        0.0,
        0.0,
        0.0,
        0.0,
        0.0,
        0.0,
        0.0,
        0.0,
        0.0,
        0.0,
        0.0,
        0.0,
        0.0,
        0.0,
        0.0,
        0.0
      ],
      [
        0.0,
        0.0,
        0.0,
        0.0,
        0.0,
        0.0,
        0.0,
        0.0,
        0.0,
        0.0,
        0.0,
        0.0,
        0.0,
        0.0,
        0.0,
        0.0
      ],
      [
        0.0,
        0.0,
        0.0,
        0.0,
        0.0,
        0.0,
        0.0,
        0.0,
        0.0,
        0.0,
        0.0,
        0.0,
        0.0,
        0.0,
        0.0,
        0.0
      ],
      [
        0.0,
        0.0,
        0.0,
        0.0,
        0.0,
        0.0,
        0.0,
        0.0,
        0.0,
        0.0,
        0.0,
        0.0,
        0.0,
        0.0,
        0.0,
        0.0
      ],
      [
        0.0,
        0.0,
        0.0,
        0.0,
        0.0,
        0.0,
        0.0,
        0.0,
        0.0,
        0.0,
        0.0,
        0.0,
        0.0,
        0.0,
        0.0,
        0.0
      ],
      [
        0.0,
        0.0,
        0.0,
        0.0,
        0.0,
        0.0,
        0.0,
        0.0,
        0.0,
        0.0,
        0.0,
        0.0,
        0.0,
        0.0,
        0.0,
        0.0
      ],
      [
        0.0,
        0.0,
        0.0,
        0.0,
        0.0,
        0.0,
        0.0,
        0.0,
        0.0,
        0.0,
        0.0,
        0.0,
        0.0,
        0.0,
        0.0,
        0.0
      ]
    ],
    "num_qubits": 4
  }
}