{
  "config": {
    "symbols": [
      "H",
      "H"
    ],
    "geometry": [
      [
        0.0,
        0.0,
        0.0
      ],
      [
        0.0,
        0.0,
        0.7414
      ]
    ],
    "basis": "sto-3g",
    "ansatz": "RY-CZ",
    "optimizer": {
      "name": "Adam",
      "stepsize": 0.2,
      "iterations_planned": 30
    },
    "optimizer_name": "Adam",
    "seed": 5,
    "noisy": true,
    "depolarizing_prob": 0.08,
    "amplitude_damping_prob": 0.0,
    "mapping": "jordan_wigner",
    "molecule": "H2"
  },
  "result": {
    "energy": -0.9335178488505826,
    "energies": [
      0.5397515034638741,
      0.5397515034638741,
      0.5111637870911765,
      0.45615884968565495,
      0.368706996826474,
      0.25942315803023697,
      0.14412250043498998,
      0.03986138607766672,
      -0.050179534219863445,
      -0.14510529044760515,
      -0.25600565282107296,
      -0.38161550349716666,
      -0.5155486778174304,
      -0.6486115984919568,
      -0.7702096058959035,
      -0.8701322205339843,
      -0.9405585867317796,
      -0.9778353153686482,
      -0.9835897295007889,
      -0.964696321738367,
      -0.9316114399525763,
      -0.8953156926745112,
      -0.8643799838994481,
      -0.8437022044417742,
      -0.8349135697369887,
      -0.8374144363263794,
      -0.8492709287575387,
      -0.8678025648778261,
      -0.889979939065758,
      -0.9127735989614977,
      -0.9335178488505826
    ],
    "steps": 30,
    "final_state_real": [
      [
        0.006422560030902808,
        -0.00012727728575236577,
        3.5063368743632775e-05,
        6.949463315152708e-07,
        -0.0025955364797708167,
        5.144420844067953e-05,
        -6.390208892537946e-05,
        -1.2665218393460627e-06,
        0.0027690636795930598,
        -5.4875144415664024e-05,
        0.000307394925281006,
        6.092482933181882e-06,
        0.024201581276004167,
        -0.0004796816386363179,
        0.0005958427519271751,
        1.1809439578932263e-05
      ],
      [
        -0.00012727728575236577,
        0.0003646583212380117,
        -6.949463315152708e-07,
        1.9599831794868423e-06,
        5.144420844067955e-05,
        -0.00014736864597156572,
        1.2665218393460617e-06,
        -3.572019002040698e-06,
        -5.487514441566401e-05,
        0.0001572211249008156,
        -6.092482933181882e-06,
        1.7182857911215205e-05,
        -0.0004796816386363179,
        0.001374110628308509,
        -1.1809439578932263e-05,
        3.330660496243633e-05
      ],
      [
        3.5063368743632775e-05,
        -6.949463315152708e-07,
        0.00036619213161814563,
        -7.084185924193884e-06,
        6.390208892537948e-05,
        -1.2665218393460636e-06,
        -0.0001444661778182396,
        2.933170613845168e-06,
        0.000307394925281006,
        -6.092482933181882e-06,
        0.00015788242173487798,
        -3.0543213061119825e-06,
        -0.0005958427519271751,
        1.1809439578932263e-05,
        0.0013470471216072127,
        -2.7349785896143134e-05
      ],
      [
        6.949463315152708e-07,
        1.9599831794868423e-06,
        -7.084185924193884e-06,
        2.0791554664172005e-05,
        1.266521839346062e-06,
        3.5720190020407e-06,
        2.9331706138451696e-06,
        -8.202460331299709e-06,
        6.092482933181882e-06,
        1.7182857911215205e-05,
        -3.054321306111981e-06,
        8.964204084634989e-06,
        -1.1809439578932263e-05,
        -3.330660496243633e-05,
        -2.7349785896143134e-05,
        7.648226558105569e-05
      ],
      [
        -0.0025955364797708167,
        5.144420844067953e-05,
        6.390208892537946e-05,
        1.2665218393460627e-06,
        0.06978160792706734,
        -0.0013828774833801638,
        0.0017109586316463293,
        3.391072983119799e-05,
        -0.024201581276004167,
        0.0004796816386363179,
        0.0005958427519271751,
        1.1809439578932263e-05,
        0.13511974387909972,
        -0.0026776977046128435,
        0.00333986946817437,
        6.61952949135589e-05
      ],
      [
        5.144420844067955e-05,
        -0.00014736864597156572,
        -1.2665218393460617e-06,
        3.572019002040698e-06,
        -0.0013828774833801638,
        0.0039620406625294775,
        -3.391072983119799e-05,
        9.563970203044419e-05,
        0.0004796816386363179,
        -0.001374110628308509,
        -1.1809439578932263e-05,
        3.330660496243633e-05,
        -0.0026776977046128435,
        0.0076717911131982735,
        -6.619529491355889e-05,
        0.00018669307068483395
      ],
      [
        -6.390208892537948e-05,
        1.2665218393460636e-06,
        -0.0001444661778182396,
        2.933170613845168e-06,
        0.0017109586316463293,
        -3.391072983119799e-05,
        0.003978705630091628,
        -7.69702240642284e-05,
        -0.0005958427519271751,
        1.1809439578932263e-05,
        -0.0013470471216072127,
        2.7349785896143134e-05,
        0.003339869468174371,
        -6.619529491355889e-05,
        0.007704059875923043,
        -0.00014903922782555083
      ],
      [
        -1.266521839346062e-06,
        -3.5720190020407e-06,
        2.9331706138451696e-06,
        -8.202460331299709e-06,
        3.391072983119799e-05,
        9.563970203044419e-05,
        -7.69702240642284e-05,
        0.0002259018380191757,
        -1.1809439578932263e-05,
        -3.330660496243633e-05,
        2.7349785896143134e-05,
        -7.648226558105569e-05,
        6.619529491355889e-05,
        0.00018669307068483397,
        -0.00014903922782555083,
        0.00043741896183978774
      ],
      [
        0.0027690636795930598,
        -5.4875144415664024e-05,
        0.000307394925281006,
        6.092482933181882e-06,
        -0.024201581276004167,
        0.0004796816386363179,
        -0.0005958427519271751,
        -1.1809439578932263e-05,
        0.06902826898123277,
        -0.0013679483996789565,
        0.000376853410069786,
        7.469131011394197e-06,
        -0.13323645130317413,
        0.002640781135675721,
        -0.003280280445154522,
        -6.501425685503687e-05
      ],
      [
        -5.487514441566401e-05,
        0.0001572211249008156,
        -6.092482933181882e-06,
        1.7182857911215205e-05,
        0.0004796816386363179,
        -0.001374110628308509,
        1.1809439578932263e-05,
        -3.330660496243633e-05,
        -0.0013679483996789565,
        0.00391926779407991,
        -7.469131011394197e-06,
        2.1065470071330967e-05,
        0.002640781135675721,
        -0.007564862052849656,
        6.501425685503686e-05,
        -0.00018336214479306077
      ],
      [
        0.000307394925281006,
        -6.092482933181882e-06,
        0.00015788242173487798,
        -3.0543213061119825e-06,
        0.0005958427519271751,
        -1.1809439578932263e-05,
        -0.0013470471216072127,
        2.7349785896143134e-05,
        0.000376853410069786,
        -7.469131011394201e-06,
        0.003935752852215086,
        -7.613927921816234e-05,
        0.003280280445154522,
        -6.501425685503687e-05,
        -0.007415869904296303,
        0.0001505681953235313
      ],
      [
        6.092482933181882e-06,
        1.7182857911215205e-05,
        -3.054321306111981e-06,
        8.964204084634989e-06,
        1.1809439578932263e-05,
        3.330660496243633e-05,
        2.7349785896143134e-05,
        -7.648226558105569e-05,
        7.469131011394201e-06,
        2.1065470071330967e-05,
        -7.613927921816234e-05,
        0.0002234630771827484,
        6.501425685503686e-05,
        0.00018336214479306077,
        0.0001505681953235313,
        -0.0004210561920493331
      ],
      [
        0.024201581276004167,
        -0.0004796816386363179,
        -0.0005958427519271751,
        -1.1809439578932263e-05,
        0.13511974387909972,
        -0.0026776977046128435,
        0.00333986946817437,
        6.61952949135589e-05,
        -0.13323645130317413,
        0.002640781135675721,
        0.003280280445154522,
        6.501425685503687e-05,
        0.7499974431932908,
        -0.014862864407892171,
        0.01838900875550757,
        0.0003644650994112711
      ],
      [
        -0.0004796816386363179,
        0.001374110628308509,
        1.1809439578932263e-05,
        -3.330660496243633e-05,
        -0.0026776977046128435,
        0.0076717911131982735,
        -6.619529491355889e-05,
        0.00018669307068483395,
        0.002640781135675721,
        -0.007564862052849656,
        -6.501425685503686e-05,
        0.00018336214479306077,
        -0.014862864407892171,
        0.042583145545036186,
        -0.0003644650994112711,
        0.0010279145769408159
      ],
      [
        0.0005958427519271751,
        -1.1809439578932263e-05,
        0.0013470471216072127,
        -2.7349785896143134e-05,
        0.003339869468174371,
        -6.619529491355889e-05,
        0.007704059875923043,
        -0.00014903922782555083,
        -0.003280280445154522,
        6.501425685503687e-05,
        -0.007415869904296303,
        0.0001505681953235313,
        0.01838900875550757,
        -0.0003644650994112711,
        0.04276225696756998,
        -0.0008272591154752437
      ],
      [
        1.1809439578932263e-05,
        3.330660496243633e-05,
        -2.7349785896143134e-05,
        7.648226558105569e-05,
        6.619529491355889e-05,
        0.00018669307068483397,
        -0.00014903922782555083,
        0.00043741896183978774,
        -6.501425685503686e-05,
        -0.00018336214479306077,
        0.0001505681953235313,
        -0.0004210561920493331,
        0.0003644650994112711,
        0.0010279145769408159,
        -0.0008272591154752437,
        0.002427943493421979
      ]
    ],
    "final_state_imag": [
      [
        0.0,
        0.0,
        0.0,
        0.0,
        0.0,
        0.0,
        0.0,
        0.0,
        0.0,
        0.0,
        0.0,
        0.0,
        0.0,
        0.0,
        0.0,
        0.0
      ],
      [
        0.0,
        0.0,
        0.0,
        0.0,
        0.0,
        0.0,
        0.0,
        0.0,
        0.0,
        0.0,
        0.0,
        0.0,
        0.0,
        0.0,
        0.0,
        0.0
      ],
      [
        0.0,
        0.0,
        0.0,
        0.0,
        0.0,
        0.0,
        0.0,
        0.0,
        0.0,
        0.0,
        0.0,
        0.0,
        0.0,
        0.0,
        0.0,
        0.0
      ],
      [
        0.0,
        0.0,
        0.0,
        0.0,
        0.0,
        0.0,
        0.0,
        0.0,
        0.0,
        0.0,
        0.0,
        0.0,
        0.0,
        0.0,
        0.0,
        0.0
      ],
      [
        0.0,
        0.0,
        0.0,
        0.0,
        0.0,
        0.0,
        0.0,
        0.0,
        0.0,
        0.0,
        0.0,
        0.0,
        0.0,
        0.0,
        0.0,
        0.0
      ],
      [
        0.0,
        0.0,
        0.0,
        0.0,
        0.0,
        0.0,
        0.0,
        0.0,
        0.0,
        0.0,
        0.0,
        0.0,
        0.0,
        0.0,
        0.0,
        0.0
      ],
      [
        0.0,
        0.0,
        0.0,
        0.0,
        0.0,
        0.0,
        0.0,
        0.0,
        0.0,
        0.0,
        0.0,
        0.0,
        0.0,
        0.0,
        0.0,
        0.0
      ],
      [
        0.0,
        0.0,
        0.0,
        0.0,
        0.0,
        0.0,
        0.0,
        0.0,
        0.0,
        0.0,
        0.0,
        0.0,
        0.0,
        0.0,
        0.0,
        0.0
      ],
      [
        0.0,
        0.0,
        0.0,
        0.0,
        0.0,
        0.0,
        0.0,
        0.0,
        0.0,
        0.0,
        0.0,
        0.0,
        0.0,
        0.0,
        0.0,
        0.0
      ],
      [
        0.0,
        0.0,
        0.0,
        0.0,
        0.0,
        0.0,
        0.0,
        0.0,
        0.0,
        0.0,
        0.0,
        0.0,
        0.0,
        0.0,
        0.0,
        0.0
      ],
      [
        0.0,
        0.0,
        0.0,
        0.0,
        0.0,
        0.0,
        0.0,
        0.0,
        0.0,
        0.0,
        0.0,
        0.0,
        0.0,
        0.0,
        0.0,
        0.0
      ],
      [
        0.0,
        0.0,
        0.0,
        0.0,
        0.0,
        0.0,
        0.0,
        0.0,
        0.0,
        0.0,
        0.0,
        0.0,
        0.0,
        0.0,
        0.0,
        0.0
      ],
      [
        0.0,
        0.0,
        0.0,
        0.0,
        0.0,
        0.0,
        0.0,
        0.0,
        0.0,
        0.0,
        0.0,
        0.0,
        0.0,
        0.0,
        0.0,
        0.0
      ],
      [
        0.0,
        0.0,
        0.0,
        0.0,
        0.0,
        0.0,
        0.0,
        0.0,
        0.0,
        0.0,
        0.0,
        0.0,
        0.0,
        0.0,
        0.0,
        0.0
      ],
      [
        0.0,
        0.0,
        0.0,
        0.0,
        0.0,
        0.0,
        0.0,
        0.0,
        0.0,
        0.0,
        0.0,
        0.0,
        0.0,
        0.0,
        0.0,
        0.0
      ],
      [
        0.0,
        0.0,
        0.0,
        0.0,
        0.0,
        0.0,
        0.0,
        0.0,
        0.0,
        0.0,
        0.0,
        0.0,
        0.0,
        0.0,
        0.0,
        0.0
      ]
    ],
    "num_qubits": 4
  }
}