{
  "config": {
    "symbols": [
      "H",
      "H"
    ],
    "geometry": [
      [
        0.0,
        0.0,
        0.0
      ],
      [
        0.0,
        0.0,
        0.7414
      ]
    ],
    "basis": "STO-3G",
    "ansatz": "RY-CZ",
    "optimizer": {
      "name": "Adam",
      "stepsize": 0.2,
      "iterations_planned": 30
    },
    "optimizer_name": "Adam",
    "seed": 1,
    "noisy": true,
    "depolarizing_prob": 0.1,
    "amplitude_damping_prob": 0.0,
    "mapping": "jordan_wigner",
    "molecule": "H2"
  },
  "result": {
    "energy": -0.9177956672061638,
    "energies": [
      0.4994950354286716,
      0.4714757798381145,
      0.41716930139860176,
      0.330574622796021,
      0.2203592216066347,
      0.10082520045654061,
      -0.009879315036602412,
      -0.10158132106529595,
      -0.189563888663513,
      -0.2874614194520894,
      -0.39549094885741465,
      -0.5096702936657521,
      -0.6244207780343353,
      -0.7327754341248196,
      -0.826681783189772,
      -0.8981206088773329,
      -0.9411571541769893,
      -0.9543304523176916,
      -0.9420227258170124,
      -0.9134374889028738,
      -0.8793205004075216,
      -0.848507715814882,
      -0.8263119203392926,
      -0.8148097166161545,
      -0.8138812423674586,
      -0.8221291707021836,
      -0.8374429366733321,
      -0.857307490417166,
      -0.87902038676484,
      -0.8999379925675735,
      -0.9177956672061638
    ],
    "steps": 30,
    "final_state_real": [
      [
        0.008452498723933324,
        0.0002810494952642473,
        -6.297197993943047e-05,
        2.09444423100625e-06,
        -0.004260331017189328,
        -0.00014168679859267544,
        0.00010554573353336662,
        -3.510444691732871e-06,
        0.004206777736136072,
        0.00013987730705976756,
        -0.0003464923588293823,
        1.1524314825990376e-05,
        0.023171730842218657,
        0.0007706275281518146,
        -0.0005740580530273419,
        1.9093136004017305e-05
      ],
      [
        0.0002810494952642473,
        0.0006145358128271009,
        -2.09444423100625e-06,
        -4.417627753121304e-06,
        -0.00014168679859267544,
        -0.000309745800629074,
        3.510444691732871e-06,
        7.404273490035085e-06,
        0.0001398773070597676,
        0.00030585222901474945,
        -1.1524314825990373e-05,
        -2.4307227787365453e-05,
        0.0007706275281518146,
        0.0016846921736188329,
        -1.9093136004017305e-05,
        -4.0271479305487784e-05
      ],
      [
        -6.297197993943047e-05,
        -2.09444423100625e-06,
        0.0006097370652338957,
        1.9875867976464915e-05,
        -0.00010554573353336662,
        -3.510444691732871e-06,
        -0.00030129133216936805,
        -1.0220846589620314e-05,
        -0.0003464923588293823,
        -1.1524314825990376e-05,
        0.00030346390986845116,
        9.892146881137113e-06,
        0.0005740580530273419,
        1.909313600401731e-05,
        0.0016387087355310625,
        5.559068185047681e-05
      ],
      [
        2.09444423100625e-06,
        -4.417627753121304e-06,
        1.9875867976464915e-05,
        4.433070920594663e-05,
        3.510444691732871e-06,
        -7.404273490035085e-06,
        -1.0220846589620314e-05,
        -2.190527555930847e-05,
        1.1524314825990373e-05,
        -2.4307227787365453e-05,
        9.892146881137118e-06,
        2.206323202234296e-05,
        -1.909313600401731e-05,
        4.0271479305487784e-05,
        5.559068185047681e-05,
        0.00011914171627438345
      ],
      [
        -0.004260331017189328,
        -0.00014168679859267544,
        -0.00010554573353336662,
        3.510444691732871e-06,
        0.07717334004887307,
        0.0025660492804545233,
        -0.001901245353450192,
        6.323530506887865e-05,
        -0.023171730842218657,
        -0.0007706275281518146,
        -0.0005740580530273419,
        1.9093136004017305e-05,
        0.12701072177688244,
        0.004223165292822364,
        -0.0031635583163782785,
        0.00010521975760589775
      ],
      [
        -0.00014168679859267544,
        -0.000309745800629074,
        -3.510444691732871e-06,
        -7.404273490035085e-06,
        0.0025660492804545233,
        0.005610859321543576,
        -6.323530506887865e-05,
        -0.00013337668987020983,
        -0.0007706275281518146,
        -0.0016846921736188329,
        -1.9093136004017305e-05,
        -4.0271479305487784e-05,
        0.004223165292822364,
        0.0092342678412842,
        -0.00010521975760589772,
        -0.00022193081796844616
      ],
      [
        0.00010554573353336662,
        3.510444691732871e-06,
        -0.00030129133216936805,
        -1.0220846589620314e-05,
        -0.001901245353450192,
        -6.323530506887865e-05,
        0.0055670456053970654,
        0.00018147144036484948,
        0.0005740580530273419,
        1.909313600401731e-05,
        -0.0016387087355310625,
        -5.559068185047681e-05,
        -0.0031635583163782785,
        -0.00010521975760589775,
        0.009162159886542686,
        0.0002986629658381176
      ],
      [
        -3.510444691732871e-06,
        7.404273490035085e-06,
        -1.0220846589620314e-05,
        -2.190527555930847e-05,
        6.323530506887865e-05,
        -0.00013337668987020983,
        0.00018147144036484948,
        0.0004047500044538561,
        -1.909313600401731e-05,
        4.0271479305487784e-05,
        -5.559068185047681e-05,
        -0.00011914171627438345,
        0.00010521975760589772,
        -0.00022193081796844616,
        0.0002986629658381176,
        0.0006661314668034943
      ],
      [
        0.004206777736136072,
        0.00013987730705976756,
        -0.0003464923588293823,
        1.1524314825990376e-05,
        -0.023171730842218657,
        -0.0007706275281518146,
        0.0005740580530273419,
        -1.9093136004017305e-05,
        0.07737962830269272,
        0.0025729084603856364,
        -0.0005764861445527961,
        1.9173894180792664e-05,
        -0.12749132358508056,
        -0.004240007974551747,
        0.0031584788159969256,
        -0.00010505081373148953
      ],
      [
        0.0001398773070597676,
        0.00030585222901474945,
        -1.1524314825990373e-05,
        -2.4307227787365453e-05,
        -0.0007706275281518146,
        -0.0016846921736188329,
        1.9093136004017305e-05,
        4.0271479305487784e-05,
        0.0025729084603856364,
        0.0056258574332118776,
        -1.9173894180792664e-05,
        -4.044181545372836e-05,
        -0.004240007974551747,
        -0.009269209819093781,
        0.00010505081373148953,
        0.0002215744794528359
      ],
      [
        -0.0003464923588293823,
        -1.1524314825990376e-05,
        0.00030346390986845116,
        9.892146881137113e-06,
        -0.0005740580530273419,
        -1.909313600401731e-05,
        -0.0016387087355310625,
        -5.559068185047681e-05,
        -0.0005764861445527961,
        -1.9173894180792664e-05,
        0.005581926600778949,
        0.0001819565227330261,
        -0.0031584788159969256,
        -0.00010505081373148953,
        -0.00901620802890722,
        -0.00030586103629347207
      ],
      [
        1.1524314825990373e-05,
        -2.4307227787365453e-05,
        9.892146881137118e-06,
        2.206323202234296e-05,
        1.909313600401731e-05,
        -4.0271479305487784e-05,
        -5.559068185047681e-05,
        -0.00011914171627438345,
        1.9173894180792664e-05,
        -4.044181545372836e-05,
        0.0001819565227330261,
        0.0004058319217532682,
        0.00010505081373148953,
        -0.0002215744794528359,
        -0.00030586103629347207,
        -0.000655520090641831
      ],
      [
        0.023171730842218657,
        0.0007706275281518146,
        0.0005740580530273419,
        -1.9093136004017305e-05,
        0.12701072177688244,
        0.004223165292822364,
        -0.0031635583163782785,
        0.00010521975760589775,
        -0.12749132358508056,
        -0.004240007974551747,
        -0.0031584788159969256,
        0.00010505081373148953,
        0.7064945601175119,
        0.023491271162897533,
        -0.017405226971005924,
        0.0005788967927297386
      ],
      [
        0.0007706275281518146,
        0.0016846921736188329,
        1.9093136004017305e-05,
        4.0271479305487784e-05,
        0.004223165292822364,
        0.0092342678412842,
        -0.00010521975760589772,
        -0.00022193081796844616,
        -0.004240007974551747,
        -0.009269209819093781,
        -0.00010505081373148953,
        -0.0002215744794528359,
        0.023491271162897533,
        0.05136542730617573,
        -0.0005788967927297386,
        -0.0012210162963026986
      ],
      [
        -0.0005740580530273419,
        -1.909313600401731e-05,
        0.0016387087355310625,
        5.559068185047681e-05,
        -0.0031635583163782785,
        -0.00010521975760589775,
        0.009162159886542686,
        0.0002986629658381176,
        0.0031584788159969256,
        0.00010505081373148953,
        -0.00901620802890722,
        -0.00030586103629347207,
        -0.017405226971005924,
        -0.0005788967927297386,
        0.05096432827254005,
        0.0016613066812096317
      ],
      [
        1.909313600401731e-05,
        -4.0271479305487784e-05,
        5.559068185047681e-05,
        0.00011914171627438345,
        0.00010521975760589772,
        -0.00022193081796844616,
        0.0002986629658381176,
        0.0006661314668034943,
        -0.00010505081373148953,
        0.0002215744794528359,
        -0.00030586103629347207,
        -0.000655520090641831,
        0.0005788967927297386,
        -0.0012210162963026986,
        0.0016613066812096317,
        0.003705342754027448
      ]
    ],
    "final_state_imag": [
      [
        0.0,
        0.0,
        0.0,
        0.0,
        0.0,
        0.0,
        0.0,
        0.0,
        0.0,
        0.0,
        0.0,
        0.0,
        0.0,
        0.0,
        0.0,
        0.0
      ],
      [
        0.0,
        0.0,
        0.0,
        0.0,
        0.0,
        0.0,
        0.0,
        0.0,
        0.0,
        0.0,
        0.0,
        0.0,
        0.0,
        0.0,
        0.0,
        0.0
      ],
      [
        0.0,
        0.0,
        0.0,
        0.0,
        0.0,
        0.0,
        0.0,
        0.0,
        0.0,
        0.0,
        0.0,
        0.0,
        0.0,
        0.0,
        0.0,
        0.0
      ],
      [
        0.0,
        0.0,
        0.0,
        0.0,
        0.0,
        0.0,
        0.0,
        0.0,
        0.0,
        0.0,
        0.0,
        0.0,
        0.0,
        0.0,
        0.0,
        0.0
      ],
      [
        0.0,
        0.0,
        0.0,
        0.0,
        0.0,
        0.0,
        0.0,
        0.0,
        0.0,
        0.0,
        0.0,
        0.0,
        0.0,
        0.0,
        0.0,
        0.0
      ],
      [
        0.0,
        0.0,
        0.0,
        0.0,
        0.0,
        0.0,
        0.0,
        0.0,
        0.0,
        0.0,
        0.0,
        0.0,
        0.0,
        0.0,
        0.0,
        0.0
      ],
      [
        0.0,
        0.0,
        0.0,
        0.0,
        0.0,
        0.0,
        0.0,
        0.0,
        0.0,
        0.0,
        0.0,
        0.0,
        0.0,
        0.0,
        0.0,
        0.0
      ],
      [
        0.0,
        0.0,
        0.0,
        0.0,
        0.0,
        0.0,
        0.0,
        0.0,
        0.0,
        0.0,
        0.0,
        0.0,
        0.0,
        0.0,
        0.0,
        0.0
      ],
      [
        0.0,
        0.0,
        0.0,
        0.0,
        0.0,
        0.0,
        0.0,
        0.0,
        0.0,
        0.0,
        0.0,
        0.0,
        0.0,
        0.0,
        0.0,
        0.0
      ],
      [
        0.0,
        0.0,
        0.0,
        0.0,
        0.0,
        0.0,
        0.0,
        0.0,
        0.0,
        0.0,
        0.0,
        0.0,
        0.0,
        0.0,
        0.0,
        0.0
      ],
      [
        0.0,
        0.0,
        0.0,
        0.0,
        0.0,
        0.0,
        0.0,
        0.0,
        0.0,
        0.0,
        0.0,
        0.0,
        0.0,
        0.0,
        0.0,
        0.0
      ],
      [
        0.0,
        0.0,
        0.0,
        0.0,
        0.0,
        0.0,
        0.0,
        0.0,
        0.0,
        0.0,
        0.0,
        0.0,
        0.0,
        0.0,
        0.0,
        0.0
      ],
      [
        0.0,
        0.0,
        0.0,
        0.0,
        0.0,
        0.0,
        0.0,
        0.0,
        0.0,
        0.0,
        0.0,
        0.0,
        0.0,
        0.0,
        0.0,
        0.0
      ],
      [
        0.0,
        0.0,
        0.0,
        0.0,
        0.0,
        0.0,
        0.0,
        0.0,
        0.0,
        0.0,
        0.0,
        0.0,
        0.0,
        0.0,
        0.0,
        0.0
      ],
      [
        0.0,
        0.0,
        0.0,
        0.0,
        0.0,
        0.0,
        0.0,
        0.0,
        0.0,
        0.0,
        0.0,
        0.0,
        0.0,
        0.0,
        0.0,
        0.0
      ],
      [
        0.0,
        0.0,
        0.0,
        0.0,
        0.0,
        0.0,
        0.0,
        0.0,
        0.0,
        0.0,
        0.0,
        0.0,
        0.0,
        0.0,
        0.0,
        0.0
      ]
    ],
    "num_qubits": 4
  }
}