{
  "config": {
    "symbols": [
      "H",
      "H"
    ],
    "geometry": [
      [
        0.0,
        0.0,
        0.0
      ],
      [
        0.0,
        0.0,
        0.7414
      ]
    ],
    "basis": "sto-3g",
    "ansatz": "RY-CZ",
    "optimizer": {
      "name": "Adam",
      "stepsize": 0.2,
      "iterations_planned": 30
    },
    "optimizer_name": "Adam",
    "seed": 4,
    "noisy": true,
    "depolarizing_prob": 0.02,
    "amplitude_damping_prob": 0.0,
    "mapping": "jordan_wigner",
    "molecule": "H2"
  },
  "result": {
    "energy": -0.9921698398001483,
    "energies": [
      0.6682905069308391,
      0.6682905069308391,
      0.634637165695785,
      0.5689137560361387,
      0.46156142776770415,
      0.32283562202165506,
      0.1701277385989598,
      0.026829169518377008,
      -0.08587258908475778,
      -0.17275079859349055,
      -0.2604847187591864,
      -0.3607407127681894,
      -0.4733618583325931,
      -0.5944341032171007,
      -0.7178845125304739,
      -0.835672035830298,
      -0.9384068383629872,
      -1.0169255815276745,
      -1.0647164893235705,
      -1.0803310475687469,
      -1.0683645460451863,
      -1.0380729331441514,
      -1.0002786987911982,
      -0.964379390576444,
      -0.9367751615770672,
      -0.9207378374663336,
      -0.9170386230478323,
      -0.9247169356093706,
      -0.9416997508450677,
      -0.9652293195185876,
      -0.9921698398001483
    ],
    "steps": 30,
    "final_state_real": [
      [
        0.0021857255482815013,
        -0.00029875886128647073,
        0.00014405873415120586,
        1.971202194385738e-05,
        -0.0038425450063328246,
        0.0005258059886786768,
        0.0005426887238612002,
        7.425785112208269e-05,
        -0.0038250314526891687,
        0.0005228296123860716,
        -0.0011563074299152085,
        -0.0001582212808312612,
        -0.030719561268627245,
        0.004203601846694068,
        0.004338572345924859,
        0.0005936608688933684
      ],
      [
        -0.00029875886128647073,
        7.154933953702461e-05,
        -1.971202194385738e-05,
        -8.236973920438321e-07,
        0.0005258059886786768,
        -0.0001257850316845897,
        -7.425785112208269e-05,
        -3.102979414402435e-06,
        0.0005228296123860716,
        -0.00012521172860125644,
        0.0001582212808312612,
        6.611521474445013e-06,
        0.004203601846694067,
        -0.0010055994090225845,
        -0.0005936608688933683,
        -2.480703962580168e-05
      ],
      [
        0.0001440587341512059,
        -1.971202194385738e-05,
        7.433786838914043e-05,
        2.0898034304511287e-06,
        -0.0005426887238612002,
        7.425785112208269e-05,
        2.687841191159618e-05,
        1.788298462968017e-05,
        -0.0011563074299152085,
        0.00015822128083126116,
        -0.00013009166907432292,
        -3.6571672311274883e-06,
        -0.004338572345924859,
        0.0005936608688933684,
        0.00021488180884306392,
        0.00014296708069573517
      ],
      [
        1.971202194385738e-05,
        -8.236973920438316e-07,
        2.0898034304511287e-06,
        2.4334369838954018e-06,
        -7.425785112208269e-05,
        3.102979414402435e-06,
        1.788298462968017e-05,
        8.798600636712332e-07,
        -0.0001582212808312612,
        6.611521474445013e-06,
        -3.6571672311274883e-06,
        -4.258527795886931e-06,
        -0.0005936608688933683,
        2.480703962580168e-05,
        0.00014296708069573517,
        7.034118036150753e-06
      ],
      [
        -0.0038425450063328238,
        0.0005258059886786766,
        -0.0005426887238612003,
        -7.425785112208271e-05,
        0.04313192734308608,
        -0.005895545993065179,
        -0.006082099315959039,
        -0.0008322332962822374,
        0.030719561268627245,
        -0.004203601846694068,
        0.004338572345924859,
        0.0005936608688933684,
        0.16149122313891906,
        -0.022073646881547553,
        -0.022817946238760864,
        -0.003122253292189206
      ],
      [
        0.0005258059886786766,
        -0.00012578503168458966,
        7.425785112208271e-05,
        3.102979414402433e-06,
        -0.005895545993065179,
        0.0014119160188172384,
        0.0008322332962822374,
        3.4776158309489724e-05,
        -0.004203601846694067,
        0.0010055994090225845,
        -0.0005936608688933683,
        -2.480703962580168e-05,
        -0.022073646881547556,
        0.005286386648909592,
        0.003122253292189206,
        0.0001304681935420598
      ],
      [
        0.0005426887238612003,
        -7.425785112208271e-05,
        2.6878411911596184e-05,
        1.7882984629680167e-05,
        -0.006082099315959039,
        0.0008322332962822374,
        0.0014669433409520438,
        4.123905208246269e-05,
        -0.004338572345924859,
        0.0005936608688933684,
        -0.00021488180884306392,
        -0.00014296708069573517,
        -0.022817946238760867,
        0.0031222532921892066,
        0.0054924156883012975,
        0.00015440406613209274
      ],
      [
        7.425785112208271e-05,
        -3.102979414402433e-06,
        1.7882984629680167e-05,
        8.798600636712336e-07,
        -0.0008322332962822374,
        3.4776158309489724e-05,
        4.123905208246269e-05,
        4.8020131011360314e-05,
        -0.0005936608688933683,
        2.480703962580168e-05,
        -0.00014296708069573517,
        -7.034118036150753e-06,
        -0.0031222532921892066,
        0.00013046819354205983,
        0.00015440406613209272,
        0.00017979325687514838
      ],
      [
        -0.0038250314526891687,
        0.0005228296123860716,
        -0.0011563074299152085,
        -0.0001582212808312612,
        0.030719561268627245,
        -0.004203601846694068,
        -0.004338572345924859,
        -0.0005936608688933684,
        0.04298056268563866,
        -0.005874856509550848,
        0.002832800970125379,
        0.00038762130748060933,
        0.16101499942900477,
        -0.022032962744049464,
        -0.02274040366960632,
        -0.003111642891967636
      ],
      [
        0.0005228296123860716,
        -0.00012521172860125644,
        0.0001582212808312612,
        6.611521474445013e-06,
        -0.004203601846694067,
        0.0010055994090225845,
        0.0005936608688933683,
        2.480703962580168e-05,
        -0.005874856509550849,
        0.0014069611235065593,
        -0.0003876213074806093,
        -1.6197357175319673e-05,
        -0.022032962744049464,
        0.005270797549929153,
        0.003111642891967636,
        0.00013002482152188143
      ],
      [
        -0.0011563074299152085,
        0.00015822128083126116,
        -0.00013009166907432292,
        -3.6571672311274883e-06,
        0.004338572345924859,
        -0.0005936608688933684,
        -0.00021488180884306392,
        -0.00014296708069573517,
        0.002832800970125378,
        -0.0003876213074806093,
        0.0014617953359827365,
        4.1094330170495514e-05,
        0.02274040366960632,
        -0.003111642891967636,
        -0.0011262919423105275,
        -0.000749354595766952
      ],
      [
        -0.0001582212808312612,
        6.611521474445013e-06,
        -3.6571672311274883e-06,
        -4.258527795886931e-06,
        0.0005936608688933683,
        -2.480703962580168e-05,
        -0.00014296708069573517,
        -7.034118036150753e-06,
        0.00038762130748060916,
        -1.619735717531967e-05,
        4.1094330170495514e-05,
        4.7851611978503314e-05,
        0.003111642891967636,
        -0.00013002482152188143,
        -0.000749354595766952,
        -3.6868967680571876e-05
      ],
      [
        -0.030719561268627245,
        0.004203601846694068,
        -0.004338572345924859,
        -0.0005936608688933684,
        0.16149122313891906,
        -0.022073646881547553,
        -0.022817946238760864,
        -0.003122253292189206,
        0.16101499942900474,
        -0.02203296274404946,
        0.022740403669606318,
        0.0031116428919676356,
        0.8481552079489016,
        -0.115931245036794,
        -0.1195996684558084,
        -0.016365208975142365
      ],
      [
        0.004203601846694067,
        -0.0010055994090225845,
        0.0005936608688933683,
        2.480703962580168e-05,
        -0.022073646881547556,
        0.005286386648909592,
        0.003122253292189206,
        0.0001304681935420598,
        -0.02203296274404946,
        0.005270797549929152,
        -0.0031116428919676356,
        -0.00013002482152188146,
        -0.115931245036794,
        0.02776421083669195,
        0.016365208975142365,
        0.0006838456243337158
      ],
      [
        0.004338572345924859,
        -0.0005936608688933684,
        0.00021488180884306392,
        0.00014296708069573517,
        -0.022817946238760867,
        0.0031222532921892066,
        0.0054924156883012975,
        0.00015440406613209274,
        -0.022740403669606318,
        0.0031116428919676356,
        -0.001126291942310528,
        -0.0007493545957669519,
        -0.1195996684558084,
        0.016365208975142365,
        0.028846279566820184,
        0.0008109333143496407
      ],
      [
        0.0005936608688933683,
        -2.480703962580168e-05,
        0.00014296708069573517,
        7.034118036150753e-06,
        -0.0031222532921892066,
        0.00013046819354205983,
        0.00015440406613209272,
        0.00017979325687514838,
        -0.0031116428919676356,
        0.00013002482152188146,
        -0.0007493545957669519,
        -3.6868967680571876e-05,
        -0.016365208975142365,
        0.0006838456243337158,
        0.0008109333143496407,
        0.0009442778635813144
      ]
    ],
    "final_state_imag": [
      [
        0.0,
        0.0,
        0.0,
        0.0,
        0.0,
        0.0,
        0.0,
        0.0,
        0.0,
        0.0,
        0.0,
        0.0,
        0.0,
        0.0,
        0.0,
        0.0
      ],
      [
        0.0,
        0.0,
        0.0,
        0.0,
        0.0,
        0.0,
        0.0,
        0.0,
        0.0,
        0.0,
        0.0,
        0.0,
        0.0,
        0.0,
        0.0,
        0.0
      ],
      [
        0.0,
        0.0,
        0.0,
        0.0,
        0.0,
        0.0,
        0.0,
        0.0,
        0.0,
        0.0,
        0.0,
        0.0,
        0.0,
        0.0,
        0.0,
        0.0
      ],
      [
        0.0,
        0.0,
        0.0,
        0.0,
        0.0,
        0.0,
        0.0,
        0.0,
        0.0,
        0.0,
        0.0,
        0.0,
        0.0,
        0.0,
        0.0,
        0.0
      ],
      [
        0.0,
        0.0,
        0.0,
        0.0,
        0.0,
        0.0,
        0.0,
        0.0,
        0.0,
        0.0,
        0.0,
        0.0,
        0.0,
        0.0,
        0.0,
        0.0
      ],
      [
        0.0,
        0.0,
        0.0,
        0.0,
        0.0,
        0.0,
        0.0,
        0.0,
        0.0,
        0.0,
        0.0,
        0.0,
        0.0,
        0.0,
        0.0,
        0.0
      ],
      [
        0.0,
        0.0,
        0.0,
        0.0,
        0.0,
        0.0,
        0.0,
        0.0,
        0.0,
        0.0,
        0.0,
        0.0,
        0.0,
        0.0,
        0.0,
        0.0
      ],
      [
        0.0,
        0.0,
        0.0,
        0.0,
        0.0,
        0.0,
        0.0,
        0.0,
        0.0,
        0.0,
        0.0,
        0.0,
        0.0,
        0.0,
        0.0,
        0.0
      ],
      [
        0.0,
        0.0,
        0.0,
        0.0,
        0.0,
        0.0,
        0.0,
        0.0,
        0.0,
        0.0,
        0.0,
        0.0,
        0.0,
        0.0,
        0.0,
        0.0
      ],
      [
        0.0,
        0.0,
        0.0,
        0.0,
        0.0,
        0.0,
        0.0,
        0.0,
        0.0,
        0.0,
        0.0,
        0.0,
        0.0,
        0.0,
        0.0,
        0.0
      ],
      [
        0.0,
        0.0,
        0.0,
        0.0,
        0.0,
        0.0,
        0.0,
        0.0,
        0.0,
        0.0,
        0.0,
        0.0,
        0.0,
        0.0,
        0.0,
        0.0
      ],
      [
        0.0,
        0.0,
        0.0,
        0.0,
        0.0,
        0.0,
        0.0,
        0.0,
        0.0,
        0.0,
        0.0,
        0.0,
        0.0,
        0.0,
        0.0,
        0.0
      ],
      [
        0.0,
        0.0,
        0.0,
        0.0,
        0.0,
        0.0,
        0.0,
        0.0,
        0.0,
        0.0,
        0.0,
        0.0,
        0.0,
        0.0,
        0.0,
        0.0
      ],
      [
        0.0,
        0.0,
        0.0,
        0.0,
        0.0,
        0.0,
        0.0,
        0.0,
        0.0,
        0.0,
        0.0,
        0.0,
        0.0,
        0.0,
        0.0,
        0.0
      ],
      [
        0.0,
        0.0,
        0.0,
        0.0,
        0.0,
        0.0,
        0.0,
        0.0,
        0.0,
        0.0,
        0.0,
        0.0,
        0.0,
        0.0,
        0.0,
        0.0
      ],
      [
        0.0,
        0.0,
        0.0,
        0.0,
        0.0,
        0.0,
        0.0,
        0.0,
        0.0,
        0.0,
        0.0,
        0.0,
        0.0,
        0.0,
        0.0,
        0.0
      ]
    ],
    "num_qubits": 4
  }
}