{
  "config": {
    "symbols": [
      "H",
      "H"
    ],
    "geometry": [
      [
        0.0,
        0.0,
        0.0
      ],
      [
        0.0,
        0.0,
        0.7414
      ]
    ],
    "basis": "sto-3g",
    "ansatz": "RY-CZ",
    "optimizer": {
      "name": "Adam",
      "stepsize": 0.2,
      "iterations_planned": 30
    },
    "optimizer_name": "Adam",
    "seed": 6,
    "noisy": true,
    "depolarizing_prob": 0.08,
    "amplitude_damping_prob": 0.0,
    "mapping": "jordan_wigner",
    "molecule": "H2"
  },
  "result": {
    "energy": -0.9341216534379528,
    "energies": [
      0.5397862802653323,
      0.5397862802653323,
      0.5114230124544341,
      0.45667879574082104,
      0.3692133291400279,
      0.2594601542234358,
      0.14310891649327528,
      0.0373418714485316,
      -0.054035877507413815,
      -0.15008037711834316,
      -0.2620456263216671,
      -0.3885097275519122,
      -0.5229158838433347,
      -0.6559495290026767,
      -0.7769637565228941,
      -0.8757702047857069,
      -0.9446371776170228,
      -0.9800701844182736,
      -0.9839616842499221,
      -0.9635764041753,
      -0.9297504209514055,
      -0.8935759164288763,
      -0.8633922995186082,
      -0.8437180032110547,
      -0.8358672454785993,
      -0.8390569431030558,
      -0.8512795521489653,
      -0.8698471634841107,
      -0.8917599669524247,
      -0.9140449291570192,
      -0.9341216534379528
    ],
    "steps": 30,
    "final_state_real": [
      [
        0.006507907094484946,
        1.3258021292605431e-05,
        -1.7379349232249538e-05,
        3.540629919496396e-08,
        0.0026592023925315787,
        5.417608505560163e-06,
        -3.483319485246746e-05,
        7.096436709922223e-08,
        -0.0025786712587548785,
        -5.253313847115941e-06,
        0.00016567950518786464,
        -3.3753266896034597e-07,
        0.02461467039548696,
        5.014761120502654e-05,
        -0.0003224303695436291,
        6.56875351375103e-07
      ],
      [
        1.3258021292605431e-05,
        0.0003666728890139155,
        -3.5406299194963974e-08,
        -9.790375219280801e-07,
        5.417608505560161e-06,
        0.00014982657397930155,
        -7.096436709922223e-08,
        -1.962271677348846e-06,
        -5.253313847115941e-06,
        -0.00014528923454762888,
        3.3753266896034597e-07,
        9.333286881214358e-06,
        5.014761120502654e-05,
        0.001386856354124522,
        -6.56875351375103e-07,
        -1.8163593226297697e-05
      ],
      [
        -1.7379349232249538e-05,
        -3.540629919496396e-08,
        0.0003678926184927284,
        7.44384270793772e-07,
        3.4833194852467484e-05,
        7.096436709922228e-08,
        0.00014930345865123233,
        3.062579336401458e-07,
        0.00016567950518786464,
        3.375326689603459e-07,
        -0.00014577253606143446,
        -2.9495232441037565e-07,
        0.0003224303695436291,
        6.56875351375103e-07,
        0.0013820141836242941,
        2.8348493193774767e-06
      ],
      [
        3.5406299194963974e-08,
        -9.790375219280801e-07,
        7.44384270793772e-07,
        2.072805393671635e-05,
        -7.096436709922231e-08,
        1.962271677348848e-06,
        3.062579336401458e-07,
        8.412156124633451e-06,
        -3.375326689603459e-07,
        9.333286881214358e-06,
        -2.9495232441037565e-07,
        -8.213214503604036e-06,
        -6.56875351375103e-07,
        1.8163593226297697e-05,
        2.8348493193774767e-06,
        7.786637485915635e-05
      ],
      [
        0.0026592023925315787,
        5.417608505560163e-06,
        3.483319485246746e-05,
        -7.096436709922223e-08,
        0.06967885213902737,
        0.0001419509670146333,
        -0.0009088879289999547,
        1.8516434372093134e-06,
        -0.02461467039548696,
        -5.014761120502654e-05,
        -0.0003224303695436291,
        6.56875351375103e-07,
        -0.13485678598323794,
        -0.0002747325851552595,
        0.001773897134185517,
        -3.613894388951872e-06
      ],
      [
        5.417608505560161e-06,
        0.00014982657397930155,
        7.096436709922223e-08,
        1.962271677348846e-06,
        0.0001419509670146333,
        0.00392589286325893,
        -1.8516434372093134e-06,
        -5.120073104160083e-05,
        -5.014761120502654e-05,
        -0.001386856354124522,
        -6.56875351375103e-07,
        -1.8163593226297697e-05,
        -0.0002747325851552595,
        -0.007598191953525211,
        3.613894388951872e-06,
        9.992962516603482e-05
      ],
      [
        -3.4833194852467484e-05,
        -7.096436709922228e-08,
        0.00014930345865123233,
        3.062579336401458e-07,
        -0.0009088879289999547,
        -1.8516434372093134e-06,
        0.0039389522614294795,
        7.9699726480748e-06,
        0.0003224303695436291,
        6.56875351375103e-07,
        -0.0013820141836242941,
        -2.8348493193774767e-06,
        0.001773897134185517,
        3.613894388951872e-06,
        -0.007623467175634809,
        -1.5425123444186035e-05
      ],
      [
        7.096436709922231e-08,
        -1.962271677348848e-06,
        3.062579336401458e-07,
        8.412156124633451e-06,
        1.8516434372093134e-06,
        -5.120073104160083e-05,
        7.9699726480748e-06,
        0.00022193110387365629,
        -6.56875351375103e-07,
        1.8163593226297697e-05,
        -2.8348493193774767e-06,
        -7.786637485915635e-05,
        -3.613894388951872e-06,
        9.992962516603482e-05,
        -1.5425123444186035e-05,
        -0.0004295265271936091
      ],
      [
        -0.0025786712587548785,
        -5.253313847115941e-06,
        0.00016567950518786464,
        -3.3753266896034597e-07,
        -0.02461467039548696,
        -5.014761120502654e-05,
        0.0003224303695436291,
        -6.56875351375103e-07,
        0.0700297468897419,
        0.00014266581589137575,
        -0.00018701425975706693,
        3.8099716774184133e-07,
        0.13571886222999466,
        0.0002765008276343281,
        -0.0017777968260294626,
        3.6218390855196026e-06
      ],
      [
        -5.253313847115941e-06,
        -0.00014528923454762888,
        3.3753266896034597e-07,
        9.333286881214358e-06,
        -5.014761120502654e-05,
        -0.001386856354124522,
        6.56875351375103e-07,
        1.8163593226297697e-05,
        0.00014266581589137572,
        0.003945663211869676,
        -3.8099716774184133e-07,
        -1.0535145763572063e-05,
        0.00027650082763432804,
        0.0076467636346139655,
        -3.6218390855196026e-06,
        -0.0001001493079969716
      ],
      [
        0.00016567950518786464,
        3.375326689603459e-07,
        -0.00014577253606143446,
        -2.9495232441037565e-07,
        -0.0003224303695436291,
        -6.56875351375103e-07,
        -0.0013820141836242941,
        -2.8348493193774767e-06,
        -0.00018701425975706693,
        -3.8099716774184133e-07,
        0.003958788375679654,
        8.010108521151007e-06,
        0.001777796826029463,
        3.621839085519603e-06,
        0.0076200651714432,
        1.563061857167617e-05
      ],
      [
        -3.375326689603459e-07,
        9.333286881214358e-06,
        -2.9495232441037565e-07,
        -8.213214503604036e-06,
        6.56875351375103e-07,
        -1.8163593226297697e-05,
        -2.8348493193774767e-06,
        -7.786637485915635e-05,
        3.8099716774184133e-07,
        -1.0535145763572063e-05,
        8.010108521151007e-06,
        0.00022304872359583779,
        -3.621839085519604e-06,
        0.00010014930799697163,
        1.5630618571676168e-05,
        0.00042933484917988463
      ],
      [
        0.02461467039548696,
        5.014761120502654e-05,
        0.0003224303695436291,
        -6.56875351375103e-07,
        -0.13485678598323794,
        -0.0002747325851552595,
        0.001773897134185517,
        -3.613894388951872e-06,
        0.13571886222999466,
        0.0002765008276343281,
        0.0017777968260294626,
        -3.6218390855196026e-06,
        0.7497944128610865,
        0.0015274941922900358,
        -0.009780285842271372,
        1.9925011121887018e-05
      ],
      [
        5.014761120502654e-05,
        0.001386856354124522,
        6.56875351375103e-07,
        1.8163593226297697e-05,
        -0.0002747325851552595,
        -0.007598191953525211,
        3.613894388951872e-06,
        9.992962516603482e-05,
        0.00027650082763432804,
        0.0076467636346139655,
        3.6218390855196026e-06,
        0.0001001493079969716,
        0.0015274941922900358,
        0.04224542230531424,
        -1.9925011121887018e-05,
        -0.0005509565799505056
      ],
      [
        -0.0003224303695436291,
        -6.56875351375103e-07,
        0.0013820141836242941,
        2.8348493193774767e-06,
        0.001773897134185517,
        3.613894388951872e-06,
        -0.007623467175634809,
        -1.5425123444186035e-05,
        -0.001777796826029463,
        -3.621839085519603e-06,
        0.0076200651714432,
        1.563061857167617e-05,
        -0.009780285842271372,
        -1.9925011121887018e-05,
        0.042385950793987805,
        8.576262063357201e-05
      ],
      [
        6.56875351375103e-07,
        -1.8163593226297697e-05,
        2.8348493193774767e-06,
        7.786637485915635e-05,
        -3.613894388951872e-06,
        9.992962516603482e-05,
        -1.5425123444186035e-05,
        -0.0004295265271936091,
        3.621839085519604e-06,
        -0.00010014930799697163,
        1.5630618571676168e-05,
        0.00042933484917988463,
        1.9925011121887018e-05,
        -0.0005509565799505056,
        8.576262063357201e-05,
        0.0023881378153667683
      ]
    ],
    "final_state_imag": [
      [
        0.0,
        0.0,
        0.0,
        0.0,
        0.0,
        0.0,
        0.0,
        0.0,
        0.0,
        0.0,
        0.0,
        0.0,
        0.0,
        0.0,
        0.0,
        0.0
      ],
      [
        0.0,
        0.0,
        0.0,
        0.0,
        0.0,
        0.0,
        0.0,
        0.0,
        0.0,
        0.0,
        0.0,
        0.0,
        0.0,
        0.0,
        0.0,
        0.0
      ],
      [
        0.0,
        0.0,
        0.0,
        0.0,
        0.0,
        0.0,
        0.0,
        0.0,
        0.0,
        0.0,
        0.0,
        0.0,
        0.0,
        0.0,
        0.0,
        0.0
      ],
      [
        0.0,
        0.0,
        0.0,
        0.0,
        0.0,
        0.0,
        0.0,
        0.0,
        0.0,
        0.0,
        0.0,
        0.0,
        0.0,
        0.0,
        0.0,
        0.0
      ],
      [
        0.0,
        0.0,
        0.0,
        0.0,
        0.0,
        0.0,
        0.0,
        0.0,
        0.0,
        0.0,
        0.0,
        0.0,
        0.0,
        0.0,
        0.0,
        0.0
      ],
      [
        0.0,
        0.0,
        0.0,
        0.0,
        0.0,
        0.0,
        0.0,
        0.0,
        0.0,
        0.0,
        0.0,
        0.0,
        0.0,
        0.0,
        0.0,
        0.0
      ],
      [
        0.0,
        0.0,
        0.0,
        0.0,
        0.0,
        0.0,
        0.0,
        0.0,
        0.0,
        0.0,
        0.0,
        0.0,
        0.0,
        0.0,
        0.0,
        0.0
      ],
      [
        0.0,
        0.0,
        0.0,
        0.0,
        0.0,
        0.0,
        0.0,
        0.0,
        0.0,
        0.0,
        0.0,
        0.0,
        0.0,
        0.0,
        0.0,
        0.0
      ],
      [
        0.0,
        0.0,
        0.0,
        0.0,
        0.0,
        0.0,
        0.0,
        0.0,
        0.0,
        0.0,
        0.0,
        0.0,
        0.0,
        0.0,
        0.0,
        0.0
      ],
      [
        0.0,
        0.0,
        0.0,
        0.0,
        0.0,
        0.0,
        0.0,
        0.0,
        0.0,
        0.0,
        0.0,
        0.0,
        0.0,
        0.0,
        0.0,
        0.0
      ],
      [
        0.0,
        0.0,
        0.0,
        0.0,
        0.0,
        0.0,
        0.0,
        0.0,
        0.0,
        0.0,
        0.0,
        0.0,
        0.0,
        0.0,
        0.0,
        0.0
      ],
      [
        0.0,
        0.0,
        0.0,
        0.0,
        0.0,
        0.0,
        0.0,
        0.0,
        0.0,
        0.0,
        0.0,
        0.0,
        0.0,
        0.0,
        0.0,
        0.0
      ],
      [
        0.0,
        0.0,
        0.0,
        0.0,
        0.0,
        0.0,
        0.0,
        0.0,
        0.0,
        0.0,
        0.0,
        0.0,
        0.0,
        0.0,
        0.0,
        0.0
      ],
      [
        0.0,
        0.0,
        0.0,
        0.0,
        0.0,
        0.0,
        0.0,
        0.0,
        0.0,
        0.0,
        0.0,
        0.0,
        0.0,
        0.0,
        0.0,
        0.0
      ],
      [
        0.0,
        0.0,
        0.0,
        0.0,
        0.0,
        0.0,
        0.0,
        0.0,
        0.0,
        0.0,
        0.0,
        0.0,
        0.0,
        0.0,
        0.0,
        0.0
      ],
      [
        0.0,
        0.0,
        0.0,
        0.0,
        0.0,
        0.0,
        0.0,
        0.0,
        0.0,
        0.0,
        0.0,
        0.0,
        0.0,
        0.0,
        0.0,
        0.0
      ]
    ],
    "num_qubits": 4
  }
}