{
  "config": {
    "symbols": [
      "H",
      "H"
    ],
    "geometry": [
      [
        0.0,
        0.0,
        0.0
      ],
      [
        0.0,
        0.0,
        0.7414
      ]
    ],
    "basis": "sto-3g",
    "ansatz": "RY-CZ",
    "optimizer": {
      "name": "Adam",
      "stepsize": 0.2,
      "iterations_planned": 30
    },
    "optimizer_name": "Adam",
    "seed": 9,
    "noisy": true,
    "depolarizing_prob": 0.0,
    "amplitude_damping_prob": 0.08,
    "mapping": "jordan_wigner",
    "molecule": "H2"
  },
  "result": {
    "energy": -0.9133121274848617,
    "energies": [
      0.7137379415603539,
      0.7137379415603539,
      0.6818605451843276,
      0.6188635685881418,
      0.5145957426933888,
      0.3779527818538071,
      0.22432474432635802,
      0.07489673042059411,
      -0.04820797118322004,
      -0.13827594295717865,
      -0.2160446680701286,
      -0.30065385102217557,
      -0.39674511272421786,
      -0.5026764250522062,
      -0.6141086027462226,
      -0.7246522008026683,
      -0.8263171782889046,
      -0.9106086206636347,
      -0.9703961502494994,
      -1.0020888462563478,
      -1.007064969730095,
      -0.991325719455853,
      -0.9633927427432212,
      -0.9317238213073664,
      -0.9029920028218741,
      -0.8815629817109998,
      -0.8697093981918321,
      -0.8680444489132998,
      -0.8759237950225619,
      -0.8917652383542554,
      -0.9133121274848617
    ],
    "steps": 30,
    "final_state_real": [
      [
        0.010610736525066678,
        0.0021364884383519374,
        -0.00101629903749362,
        0.00020781260981482205,
        -0.007025051534496376,
        -0.0014378867315897343,
        0.0015204351132190822,
        -0.0003108982467516462,
        0.007209110338679164,
        0.0014515656715257729,
        -0.0034683450433368665,
        0.0007092064526319707,
        0.024317361626297284,
        0.004977274751370048,
        -0.005263017686904311,
        0.0010761807309337527
      ],
      [
        0.002136488438351937,
        0.0004388746801488939,
        -0.00020781260981482205,
        4.234009252637739e-05,
        -0.0014378867315897343,
        -0.00029056580925820494,
        0.0003108982467516464,
        -6.334293450952244e-05,
        0.0014515656715257729,
        0.00029817873496072137,
        -0.0007092064526319707,
        0.000144494921898622,
        0.004977274751370048,
        0.00100579957673948,
        -0.0010761807309337527,
        0.00021926288189846695
      ],
      [
        -0.0010162990374936196,
        -0.00020781260981482205,
        0.000498091479558172,
        -0.00010111700592073481,
        -0.0015204351132190822,
        -0.0003108982467516462,
        0.00033248585148211446,
        -6.749758868129979e-05,
        -0.003468345043336866,
        -0.0007092064526319707,
        0.00033841161039179185,
        -6.870057050963018e-05,
        0.005263017686904311,
        0.0010761807309337527,
        -0.001150906672558321,
        0.00023364430350529902
      ],
      [
        0.00020781260981482205,
        4.234009252637738e-05,
        -0.00010111700592073481,
        2.0601749771051673e-05,
        0.0003108982467516464,
        6.334293450952244e-05,
        -6.749758868129979e-05,
        1.3752072853616416e-05,
        0.0007092064526319707,
        0.000144494921898622,
        -6.870057050963018e-05,
        1.3997170405514001e-05,
        -0.0010761807309337527,
        -0.00021926288189846695,
        0.00023364430350529902,
        -4.7603085479222846e-05
      ],
      [
        -0.007025051534496376,
        -0.0014378867315897343,
        -0.0015204351132190822,
        0.0003108982467516462,
        0.08823442613555443,
        0.017766140065573394,
        -0.01894071498435129,
        0.0038729933488512803,
        -0.02431736162629728,
        -0.004977274751370048,
        -0.00526301768690431,
        0.0010761807309337525,
        0.13435583344879382,
        0.027052757752523943,
        -0.028841299924464957,
        0.005897462839811771
      ],
      [
        -0.0014378867315897343,
        -0.00029056580925820494,
        -0.0003108982467516464,
        6.334293450952244e-05,
        0.01776614006557339,
        0.0036494974177223127,
        -0.0038729933488512803,
        0.0007890902139698334,
        -0.004977274751370048,
        -0.0010057995767394799,
        -0.0010761807309337525,
        0.00021926288189846692,
        0.027052757752523943,
        0.005557142361576726,
        -0.005897462839811771,
        0.0012015590513540296
      ],
      [
        0.0015204351132190822,
        0.0003108982467516462,
        0.00033248585148211446,
        -6.749758868129979e-05,
        -0.018940714984351285,
        -0.0038729933488512803,
        0.00414191943773181,
        -0.0008408465301993191,
        0.00526301768690431,
        0.0010761807309337525,
        0.0011509066725583208,
        -0.00023364430350529897,
        -0.028841299924464957,
        -0.005897462839811771,
        0.006306960474580299,
        -0.0012803691406560085
      ],
      [
        -0.0003108982467516464,
        -6.334293450952244e-05,
        -6.749758868129979e-05,
        1.3752072853616416e-05,
        0.0038729933488512803,
        0.0007890902139698333,
        -0.0008408465301993189,
        0.0001713154939002325,
        -0.0010761807309337525,
        -0.00021926288189846692,
        -0.00023364430350529897,
        4.760308547922283e-05,
        0.005897462839811771,
        0.0012015590513540296,
        -0.0012803691406560085,
        0.0002608645737696094
      ],
      [
        0.007209110338679164,
        0.0014515656715257729,
        -0.0034683450433368665,
        0.0007092064526319707,
        -0.024317361626297284,
        -0.004977274751370048,
        0.005263017686904311,
        -0.0010761807309337527,
        0.08785064653415912,
        0.017688865441015573,
        -0.008414357222511194,
        0.0017205659651480542,
        -0.13222008216128311,
        -0.027062791049410142,
        0.028616452790924455,
        -0.005851486146037006
      ],
      [
        0.0014515656715257729,
        0.00029817873496072137,
        -0.0007092064526319707,
        0.000144494921898622,
        -0.004977274751370048,
        -0.00100579957673948,
        0.0010761807309337527,
        -0.00021926288189846695,
        0.017688865441015573,
        0.0036336237647094285,
        -0.0017205659651480542,
        0.0003505510191466182,
        -0.027062791049410142,
        -0.005468804746089853,
        0.005851486146037006,
        -0.0011921916820196322
      ],
      [
        -0.003468345043336866,
        -0.0007092064526319707,
        0.00033841161039179185,
        -6.870057050963018e-05,
        -0.005263017686904311,
        -0.0010761807309337527,
        0.001150906672558321,
        -0.00023364430350529902,
        -0.008414357222511194,
        -0.0017205659651480542,
        0.004123903973015326,
        -0.0008371892304317798,
        -0.028616452790924455,
        -0.005851486146037006,
        0.006257791332143009,
        -0.0012703873668835296
      ],
      [
        0.0007092064526319707,
        0.000144494921898622,
        -6.870057050963018e-05,
        1.3997170405514001e-05,
        0.0010761807309337527,
        0.00021926288189846695,
        -0.00023364430350529902,
        4.7603085479222846e-05,
        0.0017205659651480542,
        0.0003505510191466182,
        -0.0008371892304317797,
        0.00017057034946124823,
        0.005851486146037006,
        0.0011921916820196322,
        -0.0012703873668835296,
        0.00025883087030242945
      ],
      [
        0.02431736162629728,
        0.004977274751370048,
        0.00526301768690431,
        -0.0010761807309337525,
        0.13435583344879382,
        0.027052757752523943,
        -0.028841299924464957,
        0.005897462839811771,
        -0.13222008216128311,
        -0.027062791049410142,
        -0.028616452790924455,
        0.005851486146037006,
        0.7305290602840837,
        0.14709317185380236,
        -0.1568179601164906,
        0.032066102943494296
      ],
      [
        0.004977274751370048,
        0.0010057995767394799,
        0.0010761807309337525,
        -0.00021926288189846692,
        0.027052757752523943,
        0.005557142361576726,
        -0.005897462839811771,
        0.0012015590513540296,
        -0.027062791049410142,
        -0.005468804746089853,
        -0.005851486146037006,
        0.0011921916820196322,
        0.14709317185380233,
        0.030215688318548133,
        -0.032066102943494296,
        0.006533202036188734
      ],
      [
        -0.00526301768690431,
        -0.0010761807309337525,
        -0.0011509066725583208,
        0.00023364430350529897,
        -0.028841299924464957,
        -0.005897462839811771,
        0.006306960474580299,
        -0.0012803691406560085,
        0.028616452790924455,
        0.005851486146037006,
        0.006257791332143009,
        -0.0012703873668835296,
        -0.1568179601164906,
        -0.032066102943494296,
        0.03429265250697136,
        -0.006961713839515995
      ],
      [
        0.0010761807309337525,
        0.00021926288189846692,
        0.00023364430350529897,
        -4.760308547922283e-05,
        0.005897462839811771,
        0.0012015590513540296,
        -0.0012803691406560085,
        0.0002608645737696094,
        -0.005851486146037006,
        -0.0011921916820196322,
        -0.0012703873668835296,
        0.00025883087030242945,
        0.032066102943494296,
        0.006533202036188734,
        -0.006961713839515995,
        0.0014183913496391
      ]
    ],
    "final_state_imag": [
      [
        0.0,
        0.0,
        0.0,
        0.0,
        0.0,
        0.0,
        0.0,
        0.0,
        0.0,
        0.0,
        0.0,
        0.0,
        0.0,
        0.0,
        0.0,
        0.0
      ],
      [
        0.0,
        0.0,
        0.0,
        0.0,
        0.0,
        0.0,
        0.0,
        0.0,
        0.0,
        0.0,
        0.0,
        0.0,
        0.0,
        0.0,
        0.0,
        0.0
      ],
      [
        0.0,
        0.0,
        0.0,
        0.0,
        0.0,
        0.0,
        0.0,
        0.0,
        0.0,
        0.0,
        0.0,
        0.0,
        0.0,
        0.0,
        0.0,
        0.0
      ],
      [
        0.0,
        0.0,
        0.0,
        0.0,
        0.0,
        0.0,
        0.0,
        0.0,
        0.0,
        0.0,
        0.0,
        0.0,
        0.0,
        0.0,
        0.0,
        0.0
      ],
      [
        0.0,
        0.0,
        0.0,
        0.0,
        0.0,
        0.0,
        0.0,
        0.0,
        0.0,
        0.0,
        0.0,
        0.0,
        0.0,
        0.0,
        0.0,
        0.0
      ],
      [
        0.0,
        0.0,
        0.0,
        0.0,
        0.0,
        0.0,
        0.0,
        0.0,
        0.0,
        0.0,
        0.0,
        0.0,
        0.0,
        0.0,
        0.0,
        0.0
      ],
      [
        0.0,
        0.0,
        0.0,
        0.0,
        0.0,
        0.0,
        0.0,
        0.0,
        0.0,
        0.0,
        0.0,
        0.0,
        0.0,
        0.0,
        0.0,
        0.0
      ],
      [
        0.0,
        0.0,
        0.0,
        0.0,
        0.0,
        0.0,
        0.0,
        0.0,
        0.0,
        0.0,
        0.0,
        0.0,
        0.0,
        0.0,
        0.0,
        0.0
      ],
      [
        0.0,
        0.0,
        0.0,
        0.0,
        0.0,
        0.0,
        0.0,
        0.0,
        0.0,
        0.0,
        0.0,
        0.0,
        0.0,
        0.0,
        0.0,
        0.0
      ],
      [
        0.0,
        0.0,
        0.0,
        0.0,
        0.0,
        0.0,
        0.0,
        0.0,
        0.0,
        0.0,
        0.0,
        0.0,
        0.0,
        0.0,
        0.0,
        0.0
      ],
      [
        0.0,
        0.0,
        0.0,
        0.0,
        0.0,
        0.0,
        0.0,
        0.0,
        0.0,
        0.0,
        0.0,
        0.0,
        0.0,
        0.0,
        0.0,
        0.0
      ],
      [
        0.0,
        0.0,
        0.0,
        0.0,
        0.0,
        0.0,
        0.0,
        0.0,
        0.0,
        0.0,
        0.0,
        0.0,
        0.0,
        0.0,
        0.0,
        0.0
      ],
      [
        0.0,
        0.0,
        0.0,
        0.0,
        0.0,
        0.0,
        0.0,
        0.0,
        0.0,
        0.0,
        0.0,
        0.0,
        0.0,
        0.0,
        0.0,
        0.0
      ],
      [
        0.0,
        0.0,
        0.0,
        0.0,
        0.0,
        0.0,
        0.0,
        0.0,
        0.0,
        0.0,
        0.0,
        0.0,
        0.0,
        0.0,
        0.0,
        0.0
      ],
      [
        0.0,
        0.0,
        0.0,
        0.0,
        0.0,
        0.0,
        0.0,
        0.0,
        0.0,
        0.0,
        0.0,
        0.0,
        0.0,
        0.0,
        0.0,
        0.0
      ],
      [
        0.0,
        0.0,
        0.0,
        0.0,
        0.0,
        0.0,
        0.0,
        0.0,
        0.0,
        0.0,
        0.0,
        0.0,
        0.0,
        0.0,
        0.0,
        0.0
      ]
    ],
    "num_qubits": 4
  }
}