{
  "config": {
    "symbols": [
      "H",
      "H"
    ],
    "geometry": [
      [
        0.0,
        0.0,
        0.0
      ],
      [
        0.0,
        0.0,
        0.7414
      ]
    ],
    "basis": "STO-3G",
    "ansatz": "RY-CZ",
    "optimizer": {
      "name": "Adam",
      "stepsize": 0.1,
      "iterations_planned": 10
    },
    "optimizer_name": "Adam",
    "seed": 0,
    "noisy": true,
    "depolarizing_prob": 0.02,
    "amplitude_damping_prob": 0.04,
    "mapping": "jordan_wigner",
    "molecule": "H2"
  },
  "result": {
    "energy": 0.17149837804783322,
    "energies": [
      0.669949691473749,
      0.6602207495497989,
      0.6411886306468384,
      0.6104298523431319,
      0.568360835658098,
      0.5159853412876432,
      0.454864591547221,
      0.3871033865321645,
      0.3152964120067655,
      0.24240342546164348,
      0.17149837804783322
    ],
    "steps": 10,
    "final_state_real": [
      [
        0.39142794880369497,
        0.19115844538057353,
        0.1802019769402175,
        -0.09323684095786115,
        0.177006444565608,
        0.09141897560365188,
        -0.08609325156779993,
        0.04454480988649249,
        0.18895020834894447,
        0.09227605793789127,
        0.09181087062706775,
        -0.04750311671496552,
        -0.09036616410633265,
        -0.04667164617709945,
        0.04395273244833713,
        -0.02274122623143341
      ],
      [
        0.19115844538057353,
        0.10801847014750411,
        0.09323684095786115,
        -0.04648814665566826,
        0.09141897560365188,
        0.04884670449992529,
        -0.04454480988649249,
        0.022210165353929504,
        0.09227605793789127,
        0.05214270596232007,
        0.04750311671496552,
        -0.023685185316871783,
        -0.04667164617709945,
        -0.0249374497393381,
        0.022741226231433414,
        -0.011338838267315509
      ],
      [
        0.1802019769402175,
        0.09323684095786115,
        0.10189090960973607,
        -0.04614426321616174,
        0.08609325156779993,
        0.04454480988649249,
        -0.04272807279182033,
        0.023796876560078763,
        0.09181087062706775,
        0.04750311671496552,
        0.049184808234729094,
        -0.0222747715778848,
        -0.04395273244833713,
        -0.02274122623143341,
        0.02181373704968018,
        -0.01214889354861401
      ],
      [
        -0.09323684095786115,
        -0.04648814665566826,
        -0.04614426321616174,
        0.028117818902862725,
        -0.04454480988649249,
        -0.022210165353929504,
        0.023796876560078763,
        -0.011791240429891492,
        -0.04750311671496552,
        -0.023685185316871783,
        -0.0222747715778848,
        0.013573041363682122,
        0.022741226231433414,
        0.011338838267315509,
        -0.01214889354861401,
        0.006019719622749995
      ],
      [
        0.177006444565608,
        0.09141897560365188,
        0.08609325156779993,
        -0.04454480988649249,
        0.09848537697249522,
        0.048096492885395636,
        -0.04184305169253867,
        0.021649673450269993,
        0.09036616410633264,
        0.046671646177099436,
        0.04395273244833712,
        -0.022741226231433407,
        -0.043874398436171184,
        -0.021426578819164734,
        0.02310010879783759,
        -0.011952039631661726
      ],
      [
        0.09141897560365188,
        0.04884670449992529,
        0.04454480988649249,
        -0.022210165353929504,
        0.04809649288539564,
        0.027178027999743955,
        -0.021649673450269993,
        0.010794587033020026,
        0.04667164617709944,
        0.0249374497393381,
        0.022741226231433407,
        -0.011338838267315507,
        -0.021426578819164738,
        -0.012107580493936666,
        0.011952039631661724,
        -0.005959320001866733
      ],
      [
        -0.08609325156779993,
        -0.04454480988649249,
        -0.04272807279182033,
        0.023796876560078763,
        -0.04184305169253867,
        -0.021649673450269993,
        0.025636300815141413,
        -0.011610144783608351,
        -0.04395273244833712,
        -0.022741226231433407,
        -0.02181373704968018,
        0.012148893548614008,
        0.023100108797837582,
        0.011952039631661724,
        -0.01142075413598893,
        0.005172220829087427
      ],
      [
        0.04454480988649249,
        0.022210165353929504,
        0.023796876560078763,
        -0.011791240429891492,
        0.021649673450269993,
        0.010794587033020026,
        -0.011610144783608351,
        0.0070745944502843,
        0.022741226231433407,
        0.011338838267315507,
        0.012148893548614006,
        -0.006019719622749994,
        -0.011952039631661724,
        -0.005959320001866733,
        0.005172220829087427,
        -0.0031516717022140738
      ],
      [
        0.18895020834894447,
        0.09227605793789127,
        0.09181087062706775,
        -0.04750311671496552,
        0.09036616410633265,
        0.04667164617709945,
        -0.04395273244833713,
        0.02274122623143341,
        0.1054155621183424,
        0.051480930360360076,
        0.04853024101126805,
        -0.025109637750064116,
        -0.044415434077319994,
        -0.022939353955754534,
        0.021602993884747592,
        -0.011177429566791448
      ],
      [
        0.09227605793789127,
        0.05214270596232007,
        0.04750311671496552,
        -0.023685185316871783,
        0.04667164617709945,
        0.0249374497393381,
        -0.022741226231433414,
        0.011338838267315509,
        0.051480930360360076,
        0.029090482129760075,
        0.025109637750064116,
        -0.01251973479799955,
        -0.022939353955754534,
        -0.012256884707983674,
        0.01117742956679145,
        -0.005573097282105976
      ],
      [
        0.09181087062706775,
        0.04750311671496552,
        0.049184808234729094,
        -0.0222747715778848,
        0.04395273244833713,
        0.02274122623143341,
        -0.02181373704968018,
        0.01214889354861401,
        0.04853024101126805,
        0.025109637750064116,
        0.027440267216703534,
        -0.012427123459975379,
        -0.021602993884747592,
        -0.011177429566791451,
        0.010721563867312222,
        -0.005971243615983365
      ],
      [
        -0.04750311671496552,
        -0.023685185316871783,
        -0.0222747715778848,
        0.013573041363682122,
        -0.022741226231433414,
        -0.011338838267315509,
        0.01214889354861401,
        -0.006019719622749995,
        -0.025109637750064116,
        -0.01251973479799955,
        -0.012427123459975379,
        0.007572417080195594,
        0.011177429566791451,
        0.0055730972821059765,
        -0.005971243615983365,
        0.0029587231317420204
      ],
      [
        -0.09036616410633264,
        -0.046671646177099436,
        -0.04395273244833712,
        0.022741226231433407,
        -0.043874398436171184,
        -0.021426578819164734,
        0.02310010879783759,
        -0.011952039631661726,
        -0.04441543407732,
        -0.022939353955754534,
        -0.021602993884747592,
        0.011177429566791451,
        0.026523122341473523,
        0.01295287893705708,
        -0.01126876307222492,
        0.005830479155649963
      ],
      [
        -0.04667164617709944,
        -0.0249374497393381,
        -0.022741226231433407,
        0.011338838267315507,
        -0.021426578819164738,
        -0.012107580493936666,
        0.011952039631661724,
        -0.005959320001866733,
        -0.022939353955754534,
        -0.012256884707983678,
        -0.011177429566791451,
        0.0055730972821059765,
        0.01295287893705708,
        0.007319321749040148,
        -0.005830479155649963,
        0.0029070930254187144
      ],
      [
        0.04395273244833712,
        0.022741226231433407,
        0.02181373704968018,
        -0.012148893548614008,
        0.023100108797837582,
        0.011952039631661724,
        -0.01142075413598893,
        0.005172220829087427,
        0.021602993884747592,
        0.011177429566791453,
        0.010721563867312224,
        -0.005971243615983366,
        -0.01126876307222492,
        -0.005830479155649963,
        0.006904118802253345,
        -0.0031267310941386238
      ],
      [
        -0.022741226231433407,
        -0.011338838267315507,
        -0.012148893548614006,
        0.006019719622749994,
        -0.011952039631661724,
        -0.005959320001866733,
        0.005172220829087427,
        -0.0031516717022140738,
        -0.011177429566791455,
        -0.005573097282105978,
        -0.005971243615983366,
        0.0029587231317420213,
        0.005830479155649963,
        0.0029070930254187144,
        -0.003126731094138624,
        0.0019052608609459235
      ]
    ],
    "final_state_imag": [
      [
        0.0,
        0.0,
        0.0,
        0.0,
        0.0,
        0.0,
        0.0,
        0.0,
        0.0,
        0.0,
        0.0,
        0.0,
        0.0,
        0.0,
        0.0,
        0.0
      ],
      [
        0.0,
        0.0,
        0.0,
        0.0,
        0.0,
        0.0,
        0.0,
        0.0,
        0.0,
        0.0,
        0.0,
        0.0,
        0.0,
        0.0,
        0.0,
        0.0
      ],
      [
        0.0,
        0.0,
        0.0,
        0.0,
        0.0,
        0.0,
        0.0,
        0.0,
        0.0,
        0.0,
        0.0,
        0.0,
        0.0,
        0.0,
        0.0,
        0.0
      ],
      [
        0.0,
        0.0,
        0.0,
        0.0,
        0.0,
        0.0,
        0.0,
        0.0,
        0.0,
        0.0,
        0.0,
        0.0,
        0.0,
        0.0,
        0.0,
        0.0
      ],
      [
        0.0,
        0.0,
        0.0,
        0.0,
        0.0,
        0.0,
        0.0,
        0.0,
        0.0,
        0.0,
        0.0,
        0.0,
        0.0,
        0.0,
        0.0,
        0.0
      ],
      [
        0.0,
        0.0,
        0.0,
        0.0,
        0.0,
        0.0,
        0.0,
        0.0,
        0.0,
        0.0,
        0.0,
        0.0,
        0.0,
        0.0,
        0.0,
        0.0
      ],
      [
        0.0,
        0.0,
        0.0,
        0.0,
        0.0,
        0.0,
        0.0,
        0.0,
        0.0,
        0.0,
        0.0,
        0.0,
        0.0,
        0.0,
        0.0,
        0.0
      ],
      [
        0.0,
        0.0,
        0.0,
        0.0,
        0.0,
        0.0,
        0.0,
        0.0,
        0.0,
        0.0,
        0.0,
        0.0,
        0.0,
        0.0,
        0.0,
        0.0
      ],
      [
        0.0,
        0.0,
        0.0,
        0.0,
        0.0,
        0.0,
        0.0,
        0.0,
        0.0,
        0.0,
        0.0,
        0.0,
        0.0,
        0.0,
        0.0,
        0.0
      ],
      [
        0.0,
        0.0,
        0.0,
        0.0,
        0.0,
        0.0,
        0.0,
        0.0,
        0.0,
        0.0,
        0.0,
        0.0,
        0.0,
        0.0,
        0.0,
        0.0
      ],
      [
        0.0,
        0.0,
        0.0,
        0.0,
        0.0,
        0.0,
        0.0,
        0.0,
        0.0,
        0.0,
        0.0,
        0.0,
        0.0,
        0.0,
        0.0,
        0.0
      ],
      [
        0.0,
        0.0,
        0.0,
        0.0,
        0.0,
        0.0,
        0.0,
        0.0,
        0.0,
        0.0,
        0.0,
        0.0,
        0.0,
        0.0,
        0.0,
        0.0
      ],
      [
        0.0,
        0.0,
        0.0,
        0.0,
        0.0,
        0.0,
        0.0,
        0.0,
        0.0,
        0.0,
        0.0,
        0.0,
        0.0,
        0.0,
        0.0,
        0.0
      ],
      [
        0.0,
        0.0,
        0.0,
        0.0,
        0.0,
        0.0,
        0.0,
        0.0,
        0.0,
        0.0,
        0.0,
        0.0,
        0.0,
        0.0,
        0.0,
        0.0
      ],
      [
        0.0,
        0.0,
        0.0,
        0.0,
        0.0,
        0.0,
        0.0,
        0.0,
        0.0,
        0.0,
        0.0,
        0.0,
        0.0,
        0.0,
        0.0,
        0.0
      ],
      [
        0.0,
        0.0,
        0.0,
        0.0,
        0.0,
        0.0,
        0.0,
        0.0,
        0.0,
        0.0,
        0.0,
        0.0,
        0.0,
        0.0,
        0.0,
        0.0
      ]
    ],
    "num_qubits": 4
  }
}