{
  "config": {
    "symbols": [
      "H",
      "H"
    ],
    "geometry": [
      [
        0.0,
        0.0,
        0.0
      ],
      [
        0.0,
        0.0,
        0.7414
      ]
    ],
    "basis": "sto-3g",
    "ansatz": "RY-CZ",
    "optimizer": {
      "name": "Adam",
      "stepsize": 0.2,
      "iterations_planned": 30
    },
    "optimizer_name": "Adam",
    "seed": 5,
    "noisy": true,
    "depolarizing_prob": 0.0,
    "amplitude_damping_prob": 0.0,
    "mapping": "jordan_wigner",
    "molecule": "H2"
  },
  "result": {
    "energy": -1.0417252211326251,
    "energies": [
      0.7136734128316856,
      0.7136734128316856,
      0.6775111983713487,
      0.6080221109277286,
      0.4978056687362038,
      0.36035973791393683,
      0.21557509110126044,
      0.08579050692208876,
      -0.017345235732105436,
      -0.11135443764957705,
      -0.21937246386505121,
      -0.347379927080426,
      -0.4914026435816794,
      -0.6424829239861651,
      -0.7887539315140554,
      -0.9175835437527504,
      -1.0180531776653479,
      -1.0831894263191213,
      -1.111371812067266,
      -1.1066453633407756,
      -1.0778457731903819,
      -1.0365240163733989,
      -0.9941167996841817,
      -0.9594795110800216,
      -0.9377769146758024,
      -0.930731674658628,
      -0.9375122071592646,
      -0.9556310958505176,
      -0.98163432694659,
      -1.0116254281892179,
      -1.0417252211326251
    ],
    "steps": 30,
    "final_state_real": [
      [
        0.0010457169981114038,
        6.452722988201986e-05,
        -0.00011221203186523058,
        6.924178901914427e-06,
        0.005754738658542441,
        0.00035510309672823627,
        0.0006175197676758474,
        -3.810480280752392e-05,
        -0.005641496265258626,
        -0.0003481153381310136,
        0.0006053681443718293,
        -3.7354972220668956e-05,
        0.03104600643227565,
        0.0019157313093238046,
        0.0033314323754499533,
        -0.0002055700568273266
      ],
      [
        6.452722988201986e-05,
        3.981730624793245e-06,
        -6.924178901914427e-06,
        4.272648188324325e-07,
        0.0003551030967282363,
        2.1912065306180432e-05,
        3.810480280752392e-05,
        -2.3513028618744784e-06,
        -0.0003481153381310136,
        -2.1480877225488058e-05,
        3.735497222066895e-05,
        -2.3050336602281967e-06,
        0.0019157313093238046,
        0.00011821251333981922,
        0.0002055700568273266,
        -1.2684948545078196e-05
      ],
      [
        -0.00011221203186523056,
        -6.924178901914426e-06,
        1.2041059022722418e-05,
        -7.430080843913038e-07,
        -0.0006175197676758474,
        -3.810480280752392e-05,
        -6.626376732232285e-05,
        4.088885764101049e-06,
        0.0006053681443718294,
        3.735497222066896e-05,
        -6.4959821470943e-05,
        4.008424211063608e-06,
        -0.0033314323754499533,
        -0.0002055700568273266,
        -0.0003574837136108463,
        2.2058964145084863e-05
      ],
      [
        6.924178901914426e-06,
        4.2726481883243246e-07,
        -7.430080843913039e-07,
        4.5848210894826836e-08,
        3.810480280752392e-05,
        2.3513028618744784e-06,
        4.088885764101049e-06,
        -2.52309632661588e-07,
        -3.7354972220668956e-05,
        -2.305033660228197e-06,
        4.008424211063608e-06,
        -2.473446553886852e-07,
        0.0002055700568273266,
        1.2684948545078196e-05,
        2.2058964145084863e-05,
        -1.3611750147696124e-06
      ],
      [
        0.005754738658542441,
        0.00035510309672823627,
        -0.0006175197676758474,
        3.810480280752392e-05,
        0.03166919643453552,
        0.0019541860008021154,
        0.003398304594719577,
        -0.00020969648785343115,
        -0.03104600643227565,
        -0.0019157313093238046,
        0.0033314323754499533,
        -0.0002055700568273266,
        0.17085086474815103,
        0.010542558880707173,
        0.018333375773699832,
        -0.0011312830863412565
      ],
      [
        0.0003551030967282363,
        2.1912065306180432e-05,
        -3.810480280752392e-05,
        2.3513028618744784e-06,
        0.0019541860008021154,
        0.00012058540650455171,
        0.00020969648785343115,
        -1.2939574953460804e-05,
        -0.0019157313093238046,
        -0.00011821251333981922,
        0.0002055700568273266,
        -1.2684948545078196e-05,
        0.010542558880707171,
        0.0006505413239611974,
        0.0011312830863412565,
        -6.98071886617706e-05
      ],
      [
        0.0006175197676758474,
        3.810480280752392e-05,
        -6.626376732232285e-05,
        4.088885764101049e-06,
        0.003398304594719577,
        0.00020969648785343115,
        0.00036465952466979804,
        -2.250175622996746e-05,
        -0.0033314323754499533,
        -0.0002055700568273266,
        0.0003574837136108463,
        -2.2058964145084863e-05,
        0.018333375773699832,
        0.0011312830863412565,
        0.0019672868952413155,
        -0.00012139381301287574
      ],
      [
        -3.810480280752392e-05,
        -2.3513028618744784e-06,
        4.088885764101049e-06,
        -2.52309632661588e-07,
        -0.00020969648785343115,
        -1.2939574953460804e-05,
        -2.250175622996746e-05,
        1.3884980349584017e-06,
        0.0002055700568273266,
        1.2684948545078196e-05,
        -2.2058964145084863e-05,
        1.3611750147696124e-06,
        -0.0011312830863412565,
        -6.98071886617706e-05,
        -0.00012139381301287574,
        7.490751792964801e-06
      ],
      [
        -0.005641496265258626,
        -0.0003481153381310136,
        0.0006053681443718293,
        -3.7354972220668956e-05,
        -0.03104600643227565,
        -0.0019157313093238046,
        -0.0033314323754499533,
        0.0002055700568273266,
        0.0304350796328324,
        0.0018780333335808863,
        -0.003265876075217426,
        0.0002015248261741395,
        -0.16748884225387664,
        -0.010335101223665766,
        -0.017972609547330286,
        0.0011090215707833576
      ],
      [
        -0.0003481153381310136,
        -2.1480877225488058e-05,
        3.735497222066895e-05,
        -2.3050336602281967e-06,
        -0.0019157313093238046,
        -0.00011821251333981922,
        -0.0002055700568273266,
        1.2684948545078196e-05,
        0.0018780333335808863,
        0.00011588631423313612,
        -0.0002015248261741395,
        1.243533270374118e-05,
        -0.010335101223665764,
        -0.0006377398987659746,
        -0.0011090215707833574,
        6.84335149675292e-05
      ],
      [
        0.0006053681443718294,
        3.735497222066896e-05,
        -6.4959821470943e-05,
        4.008424211063608e-06,
        0.0033314323754499533,
        0.0002055700568273266,
        0.0003574837136108463,
        -2.2058964145084863e-05,
        -0.003265876075217426,
        -0.0002015248261741395,
        0.00035044910896738684,
        -2.1624885372551344e-05,
        0.01797260954733029,
        0.0011090215707833578,
        0.0019285744028916735,
        -0.00011900501193413
      ],
      [
        -3.7354972220668956e-05,
        -2.305033660228197e-06,
        4.008424211063608e-06,
        -2.473446553886852e-07,
        -0.0002055700568273266,
        -1.2684948545078196e-05,
        -2.2058964145084863e-05,
        1.3611750147696124e-06,
        0.0002015248261741395,
        1.243533270374118e-05,
        -2.1624885372551347e-05,
        1.3343896600390667e-06,
        -0.0011090215707833576,
        -6.843351496752922e-05,
        -0.00011900501193413,
        7.343347938356881e-06
      ],
      [
        0.03104600643227565,
        0.0019157313093238046,
        -0.0033314323754499533,
        0.0002055700568273266,
        0.17085086474815103,
        0.010542558880707173,
        0.018333375773699832,
        -0.0011312830863412565,
        -0.16748884225387664,
        -0.010335101223665766,
        0.017972609547330286,
        -0.0011090215707833576,
        0.9217164081043447,
        0.05687562376741869,
        0.0989059861737966,
        -0.006103113287888375
      ],
      [
        0.0019157313093238046,
        0.00011821251333981922,
        -0.0002055700568273266,
        1.2684948545078196e-05,
        0.010542558880707171,
        0.0006505413239611974,
        0.0011312830863412565,
        -6.98071886617706e-05,
        -0.010335101223665764,
        -0.0006377398987659746,
        0.0011090215707833574,
        -6.84335149675292e-05,
        0.05687562376741869,
        0.003509579031565592,
        0.006103113287888375,
        -0.00037659997383118814
      ],
      [
        0.0033314323754499533,
        0.0002055700568273266,
        -0.0003574837136108463,
        2.2058964145084863e-05,
        0.018333375773699832,
        0.0011312830863412565,
        0.0019672868952413155,
        -0.00012139381301287574,
        -0.01797260954733029,
        -0.0011090215707833578,
        0.0019285744028916735,
        -0.00011900501193413,
        0.0989059861737966,
        0.006103113287888375,
        0.0106132363653266,
        -0.0006549025634798794
      ],
      [
        -0.0002055700568273266,
        -1.2684948545078196e-05,
        2.2058964145084863e-05,
        -1.3611750147696124e-06,
        -0.0011312830863412565,
        -6.98071886617706e-05,
        -0.00012139381301287574,
        7.490751792964801e-06,
        0.0011090215707833576,
        6.843351496752922e-05,
        -0.00011900501193413,
        7.343347938356881e-06,
        -0.006103113287888375,
        -0.00037659997383118814,
        -0.0006549025634798795,
        4.041155335555546e-05
      ]
    ],
    "final_state_imag": [
      [
        0.0,
        0.0,
        0.0,
        0.0,
        0.0,
        0.0,
        0.0,
        0.0,
        0.0,
        0.0,
        0.0,
        0.0,
        0.0,
        0.0,
        0.0,
        0.0
      ],
      [
        0.0,
        0.0,
        0.0,
        0.0,
        0.0,
        0.0,
        0.0,
        0.0,
        0.0,
        0.0,
        0.0,
        0.0,
        0.0,
        0.0,
        0.0,
        0.0
      ],
      [
        0.0,
        0.0,
        0.0,
        0.0,
        0.0,
        0.0,
        0.0,
        0.0,
        0.0,
        0.0,
        0.0,
        0.0,
        0.0,
        0.0,
        0.0,
        0.0
      ],
      [
        0.0,
        0.0,
        0.0,
        0.0,
        0.0,
        0.0,
        0.0,
        0.0,
        0.0,
        0.0,
        0.0,
        0.0,
        0.0,
        0.0,
        0.0,
        0.0
      ],
      [
        0.0,
        0.0,
        0.0,
        0.0,
        0.0,
        0.0,
        0.0,
        0.0,
        0.0,
        0.0,
        0.0,
        0.0,
        0.0,
        0.0,
        0.0,
        0.0
      ],
      [
        0.0,
        0.0,
        0.0,
        0.0,
        0.0,
        0.0,
        0.0,
        0.0,
        0.0,
        0.0,
        0.0,
        0.0,
        0.0,
        0.0,
        0.0,
        0.0
      ],
      [
        0.0,
        0.0,
        0.0,
        0.0,
        0.0,
        0.0,
        0.0,
        0.0,
        0.0,
        0.0,
        0.0,
        0.0,
        0.0,
        0.0,
        0.0,
        0.0
      ],
      [
        0.0,
        0.0,
        0.0,
        0.0,
        0.0,
        0.0,
        0.0,
        0.0,
        0.0,
        0.0,
        0.0,
        0.0,
        0.0,
        0.0,
        0.0,
        0.0
      ],
      [
        0.0,
        0.0,
        0.0,
        0.0,
        0.0,
        0.0,
        0.0,
        0.0,
        0.0,
        0.0,
        0.0,
        0.0,
        0.0,
        0.0,
        0.0,
        0.0
      ],
      [
        0.0,
        0.0,
        0.0,
        0.0,
        0.0,
        0.0,
        0.0,
        0.0,
        0.0,
        0.0,
        0.0,
        0.0,
        0.0,
        0.0,
        0.0,
        0.0
      ],
      [
        0.0,
        0.0,
        0.0,
        0.0,
        0.0,
        0.0,
        0.0,
        0.0,
        0.0,
        0.0,
        0.0,
        0.0,
        0.0,
        0.0,
        0.0,
        0.0
      ],
      [
        0.0,
        0.0,
        0.0,
        0.0,
        0.0,
        0.0,
        0.0,
        0.0,
        0.0,
        0.0,
        0.0,
        0.0,
        0.0,
        0.0,
        0.0,
        0.0
      ],
      [
        0.0,
        0.0,
        0.0,
        0.0,
        0.0,
        0.0,
        0.0,
        0.0,
        0.0,
        0.0,
        0.0,
        0.0,
        0.0,
        0.0,
        0.0,
        0.0
      ],
      [
        0.0,
        0.0,
        0.0,
        0.0,
        0.0,
        0.0,
        0.0,
        0.0,
        0.0,
        0.0,
        0.0,
        0.0,
        0.0,
        0.0,
        0.0,
        0.0
      ],
      [
        0.0,
        0.0,
        0.0,
        0.0,
        0.0,
        0.0,
        0.0,
        0.0,
        0.0,
        0.0,
        0.0,
        0.0,
        0.0,
        0.0,
        0.0,
        0.0
      ],
      [
        0.0,
        0.0,
        0.0,
        0.0,
        0.0,
        0.0,
        0.0,
        0.0,
        0.0,
        0.0,
        0.0,
        0.0,
        0.0,
        0.0,
        0.0,
        0.0
      ]
    ],
    "num_qubits": 4
  }
}