{
  "config": {
    "symbols": [
      "H",
      "H"
    ],
    "geometry": [
      [
        0.0,
        0.0,
        0.0
      ],
      [
        0.0,
        0.0,
        0.7414
      ]
    ],
    "basis": "sto-3g",
    "ansatz": "RY-CZ",
    "optimizer": {
      "name": "Adam",
      "stepsize": 0.2,
      "iterations_planned": 30
    },
    "optimizer_name": "Adam",
    "seed": 7,
    "noisy": true,
    "depolarizing_prob": 0.08,
    "amplitude_damping_prob": 0.0,
    "mapping": "jordan_wigner",
    "molecule": "H2"
  },
  "result": {
    "energy": -0.9252132789824272,
    "energies": [
      0.5397289664060532,
      0.5397289664060532,
      0.5103655944112307,
      0.4532934252447926,
      0.3615637731213598,
      0.2441116258311765,
      0.1158658594864719,
      -0.003708767214533469,
      -0.10092921265459996,
      -0.18878968188101963,
      -0.2850655485275335,
      -0.39222504207280623,
      -0.5069335192460007,
      -0.6239130620661992,
      -0.7363389827214817,
      -0.8360722721842473,
      -0.9146601265301255,
      -0.9653090242295137,
      -0.9853389820208518,
      -0.9778568245221532,
      -0.951242397722053,
      -0.9162804811579985,
      -0.8826426438596284,
      -0.8567785901677387,
      -0.8417271811098265,
      -0.8379728176055943,
      -0.8444077883394101,
      -0.8590077854009973,
      -0.8792260641198416,
      -0.9022445206201396,
      -0.9252132789824272
    ],
    "steps": 30,
    "final_state_real": [
      [
        0.006642254836524991,
        -0.0003726593280319627,
        6.297624173973186e-05,
        3.5357895532600266e-06,
        -0.0024801353179536153,
        0.00013923613083479167,
        -0.00012517784409637708,
        -7.028087120294807e-06,
        0.0024353109754140703,
        -0.0001366315165531149,
        0.0006539089700706875,
        3.671359930804286e-05,
        0.02529558445411761,
        -0.0014201077179539245,
        0.0012767233723912036,
        7.168139980724973e-05
      ],
      [
        -0.0003726593280319627,
        0.00039763556894372473,
        -3.5357895532600266e-06,
        3.325781890247212e-06,
        0.00013923613083479167,
        -0.00014847217435696186,
        7.028087120294807e-06,
        -6.6106549939334665e-06,
        -0.00013663151655311497,
        0.00014578878544959422,
        -3.671359930804286e-05,
        3.4533000865931915e-05,
        -0.001420107717953924,
        0.0015143086743476003,
        -7.168139980724973e-05,
        6.742389436801106e-05
      ],
      [
        6.297624173973183e-05,
        -3.5357895532600266e-06,
        0.00039315862473592364,
        -1.993153516763371e-05,
        0.00012517784409637708,
        -7.028087120294807e-06,
        -0.00013264904590297295,
        8.241461229632225e-06,
        0.0006539089700706875,
        -3.671359930804286e-05,
        0.00014414736222300844,
        -7.3076820364790784e-06,
        -0.0012767233723912036,
        7.168139980724973e-05,
        0.0013529242211531337,
        -8.405693715595753e-05
      ],
      [
        3.5357895532600266e-06,
        3.32578189024721e-06,
        -1.993153516763371e-05,
        2.353626250115242e-05,
        7.028087120294807e-06,
        6.6106549939334665e-06,
        8.241461229632225e-06,
        -7.9409748851289e-06,
        3.6713599308042855e-05,
        3.4533000865931915e-05,
        -7.30768203647908e-06,
        8.629316369209057e-06,
        -7.168139980724973e-05,
        -6.742389436801106e-05,
        -8.405693715595751e-05,
        8.099219401485969e-05
      ],
      [
        -0.0024801353179536153,
        0.00013923613083479167,
        0.00012517784409637708,
        7.028087120294807e-06,
        0.07017923668249983,
        -0.003937359801386184,
        0.003525623974746862,
        0.00019794551205757805,
        -0.02529558445411761,
        0.0014201077179539245,
        0.0012767233723912036,
        7.168139980724973e-05,
        0.13633698238723416,
        -0.007649096503035242,
        0.0069089237779695065,
        0.00038790025958316887
      ],
      [
        0.00013923613083479167,
        -0.00014847217435696186,
        -7.028087120294807e-06,
        6.6106549939334665e-06,
        -0.003937359801386184,
        0.004201248129299644,
        -0.00019794551205757805,
        0.0001861885695798339,
        0.001420107717953924,
        -0.0015143086743476003,
        -7.168139980724973e-05,
        6.742389436801106e-05,
        -0.007649096503035242,
        0.008161751527735813,
        -0.00038790025958316887,
        0.0003648609848271197
      ],
      [
        -0.00012517784409637708,
        7.028087120294807e-06,
        -0.00013264904590297295,
        8.241461229632225e-06,
        0.003525623974746862,
        -0.00019794551205757805,
        0.004153946642845689,
        -0.00021058811478945458,
        -0.0012767233723912036,
        7.168139980724973e-05,
        -0.0013529242211531337,
        8.405693715595753e-05,
        0.0069089237779695065,
        -0.00038790025958316887,
        0.008069859078766345,
        -0.00040910886829537434
      ],
      [
        -7.028087120294807e-06,
        -6.6106549939334665e-06,
        8.241461229632225e-06,
        -7.9409748851289e-06,
        0.00019794551205757805,
        0.0001861885695798339,
        -0.00021058811478945463,
        0.0002486741290934821,
        -7.168139980724973e-05,
        -6.742389436801106e-05,
        8.405693715595751e-05,
        -8.099219401485969e-05,
        0.00038790025958316887,
        0.0003648609848271197,
        -0.00040910886829537434,
        0.00048309844850212184
      ],
      [
        0.0024353109754140703,
        -0.0001366315165531149,
        0.0006539089700706875,
        3.671359930804286e-05,
        -0.02529558445411761,
        0.0014201077179539245,
        -0.0012767233723912036,
        -7.168139980724973e-05,
        0.0703786014423131,
        -0.003948545029784339,
        0.0006672703662863559,
        3.746377245034588e-05,
        -0.13677559884775378,
        0.0076786556920153464,
        -0.006903363080559512,
        -0.00038758805524597833
      ],
      [
        -0.00013663151655311497,
        0.00014578878544959422,
        -3.671359930804286e-05,
        3.4533000865931915e-05,
        0.001420107717953924,
        -0.0015143086743476003,
        7.168139980724973e-05,
        -6.742389436801106e-05,
        -0.003948545029784339,
        0.004213183010096416,
        -3.746377245034588e-05,
        3.523861759273085e-05,
        0.007678655692015347,
        -0.008188009102929668,
        0.00038758805524597833,
        -0.0003645673238173102
      ],
      [
        0.0006539089700706875,
        -3.671359930804286e-05,
        0.00014414736222300844,
        -7.3076820364790784e-06,
        0.0012767233723912036,
        -7.168139980724973e-05,
        -0.0013529242211531337,
        8.405693715595753e-05,
        0.0006672703662863558,
        -3.746377245034588e-05,
        0.004165747149859965,
        -0.00021118635225838694,
        0.006903363080559512,
        -0.00038758805524597833,
        -0.007315388220402586,
        0.0004545037469945721
      ],
      [
        3.6713599308042855e-05,
        3.4533000865931915e-05,
        -7.30768203647908e-06,
        8.629316369209057e-06,
        7.168139980724973e-05,
        6.742389436801106e-05,
        8.405693715595751e-05,
        -8.099219401485969e-05,
        3.746377245034588e-05,
        3.523861759273084e-05,
        -0.00021118635225838688,
        0.00024938056108622094,
        0.00038758805524597833,
        0.0003645673238173102,
        0.0004545037469945721,
        -0.00043793239323919477
      ],
      [
        0.02529558445411761,
        -0.0014201077179539245,
        -0.0012767233723912036,
        -7.168139980724973e-05,
        0.13633698238723416,
        -0.007649096503035242,
        0.0069089237779695065,
        0.00038790025958316887,
        -0.13677559884775378,
        0.0076786556920153464,
        0.006903363080559512,
        0.00038758805524597833,
        0.7435903393594278,
        -0.04171864570340939,
        0.03735606215975686,
        0.002097349265160561
      ],
      [
        -0.001420107717953924,
        0.0015143086743476003,
        7.168139980724973e-05,
        -6.742389436801106e-05,
        -0.007649096503035242,
        0.008161751527735813,
        -0.00038790025958316887,
        0.0003648609848271197,
        0.007678655692015347,
        -0.008188009102929668,
        -0.00038758805524597833,
        0.0003645673238173102,
        -0.04171864570340939,
        0.04451469793455448,
        -0.002097349265160561,
        0.0019727775362543805
      ],
      [
        0.0012767233723912036,
        -7.168139980724973e-05,
        0.0013529242211531337,
        -8.405693715595753e-05,
        0.0069089237779695065,
        -0.00038790025958316887,
        0.008069859078766345,
        -0.00040910886829537434,
        -0.006903363080559512,
        0.00038758805524597833,
        -0.007315388220402586,
        0.0004545037469945721,
        0.03735606215975686,
        -0.002097349265160561,
        0.04401351083097239,
        -0.0022313050860013266
      ],
      [
        7.168139980724973e-05,
        6.742389436801106e-05,
        -8.405693715595751e-05,
        8.099219401485969e-05,
        0.00038790025958316887,
        0.0003648609848271197,
        -0.00040910886829537434,
        0.00048309844850212184,
        -0.00038758805524597833,
        -0.0003645673238173102,
        0.0004545037469945721,
        -0.00043793239323919477,
        0.002097349265160561,
        0.0019727775362543805,
        -0.0022313050860013266,
        0.0026348488354055125
      ]
    ],
    "final_state_imag": [
      [
        0.0,
        0.0,
        0.0,
        0.0,
        0.0,
        0.0,
        0.0,
        0.0,
        0.0,
        0.0,
        0.0,
        0.0,
        0.0,
        0.0,
        0.0,
        0.0
      ],
      [
        0.0,
        0.0,
        0.0,
        0.0,
        0.0,
        0.0,
        0.0,
        0.0,
        0.0,
        0.0,
        0.0,
        0.0,
        0.0,
        0.0,
        0.0,
        0.0
      ],
      [
        0.0,
        0.0,
        0.0,
        0.0,
        0.0,
        0.0,
        0.0,
        0.0,
        0.0,
        0.0,
        0.0,
        0.0,
        0.0,
        0.0,
        0.0,
        0.0
      ],
      [
        0.0,
        0.0,
        0.0,
        0.0,
        0.0,
        0.0,
        0.0,
        0.0,
        0.0,
        0.0,
        0.0,
        0.0,
        0.0,
        0.0,
        0.0,
        0.0
      ],
      [
        0.0,
        0.0,
        0.0,
        0.0,
        0.0,
        0.0,
        0.0,
        0.0,
        0.0,
        0.0,
        0.0,
        0.0,
        0.0,
        0.0,
        0.0,
        0.0
      ],
      [
        0.0,
        0.0,
        0.0,
        0.0,
        0.0,
        0.0,
        0.0,
        0.0,
        0.0,
        0.0,
        0.0,
        0.0,
        0.0,
        0.0,
        0.0,
        0.0
      ],
      [
        0.0,
        0.0,
        0.0,
        0.0,
        0.0,
        0.0,
        0.0,
        0.0,
        0.0,
        0.0,
        0.0,
        0.0,
        0.0,
        0.0,
        0.0,
        0.0
      ],
      [
        0.0,
        0.0,
        0.0,
        0.0,
        0.0,
        0.0,
        0.0,
        0.0,
        0.0,
        0.0,
        0.0,
        0.0,
        0.0,
        0.0,
        0.0,
        0.0
      ],
      [
        0.0,
        0.0,
        0.0,
        0.0,
        0.0,
        0.0,
        0.0,
        0.0,
        0.0,
        0.0,
        0.0,
        0.0,
        0.0,
        0.0,
        0.0,
        0.0
      ],
      [
        0.0,
        0.0,
        0.0,
        0.0,
        0.0,
        0.0,
        0.0,
        0.0,
        0.0,
        0.0,
        0.0,
        0.0,
        0.0,
        0.0,
        0.0,
        0.0
      ],
      [
        0.0,
        0.0,
        0.0,
        0.0,
        0.0,
        0.0,
        0.0,
        0.0,
        0.0,
        0.0,
        0.0,
        0.0,
        0.0,
        0.0,
        0.0,
        0.0
      ],
      [
        0.0,
        0.0,
        0.0,
        0.0,
        0.0,
        0.0,
        0.0,
        0.0,
        0.0,
        0.0,
        0.0,
        0.0,
        0.0,
        0.0,
        0.0,
        0.0
      ],
      [
        0.0,
        0.0,
        0.0,
        0.0,
        0.0,
        0.0,
        0.0,
        0.0,
        0.0,
        0.0,
        0.0,
        0.0,
        0.0,
        0.0,
        0.0,
        0.0
      ],
      [
        0.0,
        0.0,
        0.0,
        0.0,
        0.0,
        0.0,
        0.0,
        0.0,
        0.0,
        0.0,
        0.0,
        0.0,
        0.0,
        0.0,
        0.0,
        0.0
      ],
      [
        0.0,
        0.0,
        0.0,
        0.0,
        0.0,
        0.0,
        0.0,
        0.0,
        0.0,
        0.0,
        0.0,
        0.0,
        0.0,
        0.0,
        0.0,
        0.0
      ],
      [
        0.0,
        0.0,
        0.0,
        0.0,
        0.0,
        0.0,
        0.0,
        0.0,
        0.0,
        0.0,
        0.0,
        0.0,
        0.0,
        0.0,
        0.0,
        0.0
      ]
    ],
    "num_qubits": 4
  }
}