{
  "config": {
    "symbols": [
      "H",
      "H"
    ],
    "geometry": [
      [
        0.0,
        0.0,
        0.0
      ],
      [
        0.0,
        0.0,
        0.7414
      ]
    ],
    "basis": "STO-3G",
    "ansatz": "RY-CZ",
    "optimizer": {
      "name": "Adam",
      "stepsize": 0.2,
      "iterations_planned": 30
    },
    "optimizer_name": "Adam",
    "seed": 2,
    "noisy": true,
    "depolarizing_prob": 0.0,
    "amplitude_damping_prob": 0.06,
    "mapping": "jordan_wigner",
    "molecule": "H2"
  },
  "result": {
    "energy": -0.9640446765534558,
    "energies": [
      0.7136676635630753,
      0.6793803082129163,
      0.6125874102196271,
      0.5042321648572861,
      0.36417261654083805,
      0.20904088885916544,
      0.06124035429548188,
      -0.05724008480021127,
      -0.14375903441334634,
      -0.2221969969253177,
      -0.3098138083795747,
      -0.40982443260842316,
      -0.5200025146638833,
      -0.6355948163845969,
      -0.7497921760376188,
      -0.8541894248249727,
      -0.9399593786641498,
      -0.9998294922219552,
      -1.0303395235076322,
      -1.0332604911779053,
      -1.0151243529231655,
      -0.9849580996955143,
      -0.9515927212013547,
      -0.9219112949811074,
      -0.9003342563494561,
      -0.8890580223889415,
      -0.8885261533873194,
      -0.8978748884657536,
      -0.9152909955196238,
      -0.9383022314442621,
      -0.9640446765534558
    ],
    "steps": 30,
    "final_state_real": [
      [
        0.007222509885659579,
        -0.0014298700873307513,
        -0.0004662861294907436,
        -9.328659557200315e-05,
        -0.00424377915350687,
        0.0008493021345629576,
        0.0008717315492025595,
        0.00017440121705234908,
        -0.0042874155701526865,
        0.0008487973533812059,
        0.0027719807001589042,
        0.0005545707370526772,
        -0.025338141709932167,
        0.005070890133931959,
        0.005204808433176965,
        0.0010412895186606003
      ],
      [
        -0.0014298700873307513,
        0.0002868854502036824,
        9.328659557200315e-05,
        1.861575625492519e-05,
        0.0008493021345629576,
        -0.0001685672311001118,
        -0.00017440121705234902,
        -3.480254078629055e-05,
        0.0008487973533812059,
        -0.00017030051402154705,
        -0.0005545707370526772,
        -0.00011066706426346616,
        0.005070890133931958,
        -0.0010064568005938776,
        -0.0010412895186606003,
        -0.00020779396816161328
      ],
      [
        -0.0004662861294907436,
        9.328659557200315e-05,
        0.0003053770513454307,
        6.07848480719381e-05,
        -0.0008717315492025591,
        0.00017440121705234897,
        0.00018040622947663876,
        3.590959177074646e-05,
        0.0027719807001589042,
        -0.0005545707370526772,
        -0.0001812774707730495,
        -3.608301105553881e-05,
        -0.005204808433176965,
        0.0010412895186606003,
        0.0010771433768074893,
        0.00021440378778455095
      ],
      [
        -9.328659557200315e-05,
        1.861575625492519e-05,
        6.07848480719381e-05,
        1.2129887565962994e-05,
        -0.00017440121705234897,
        3.480254078629055e-05,
        3.590959177074646e-05,
        7.165919214000199e-06,
        0.0005545707370526772,
        -0.00011066706426346616,
        -3.608301105553881e-05,
        -7.200525805824066e-06,
        -0.0010412895186606003,
        0.00020779396816161328,
        0.0002144037877845509,
        4.278523220894299e-05
      ],
      [
        -0.00424377915350687,
        0.0008493021345629576,
        -0.0008717315492025595,
        -0.00017440121705234908,
        0.07445435562722343,
        -0.014740036035704306,
        -0.015211414333357657,
        -0.0030432409785465793,
        0.025338141709932163,
        -0.005070890133931958,
        0.005204808433176964,
        0.0010412895186606,
        -0.13986616914405997,
        0.027689882693787554,
        0.02857539001105612,
        0.005716877862494018
      ],
      [
        0.0008493021345629576,
        -0.0001685672311001118,
        0.00017440121705234902,
        3.480254078629055e-05,
        -0.014740036035704306,
        0.002957402851902144,
        0.0030432409785465793,
        0.000607292311765158,
        -0.005070890133931957,
        0.0010064568005938774,
        -0.0010412895186606,
        -0.00020779396816161322,
        0.027689882693787554,
        -0.005555626719574046,
        -0.005716877862494017,
        -0.001140828477819443
      ],
      [
        0.0008717315492025591,
        -0.00017440121705234897,
        0.00018040622947663876,
        3.590959177074646e-05,
        -0.015211414333357657,
        0.0030432409785465793,
        0.0031480263705016996,
        0.0006266099689362386,
        -0.005204808433176964,
        0.0010412895186606,
        -0.001077143376807489,
        -0.0002144037877845509,
        0.02857539001105612,
        -0.005716877862494018,
        -0.005913722375236834,
        -0.0011771176469700714
      ],
      [
        0.00017440121705234897,
        -3.480254078629055e-05,
        3.590959177074646e-05,
        7.165919214000199e-06,
        -0.0030432409785465793,
        0.000607292311765158,
        0.0006266099689362386,
        0.00012504281431966065,
        -0.0010412895186606,
        0.00020779396816161322,
        -0.00021440378778455084,
        -4.2785232208942976e-05,
        0.005716877862494017,
        -0.001140828477819443,
        -0.0011771176469700714,
        -0.00023489907703248171
      ],
      [
        -0.0042874155701526865,
        0.0008487973533812059,
        0.0027719807001589042,
        0.0005545707370526772,
        0.025338141709932167,
        -0.005070890133931959,
        -0.005204808433176965,
        -0.0010412895186606003,
        0.07437695597790629,
        -0.01472471290772241,
        -0.004801785456202831,
        -0.0009606595383086821,
        -0.13890006378735884,
        0.027797893433745547,
        0.028532014369699373,
        0.005708200002148176
      ],
      [
        0.0008487973533812059,
        -0.00017030051402154705,
        -0.0005545707370526772,
        -0.00011066706426346616,
        -0.005070890133931958,
        0.0010064568005938776,
        0.0010412895186606003,
        0.00020779396816161328,
        -0.01472471290772241,
        0.002954328458984518,
        0.0009606595383086821,
        0.0001917038959291865,
        0.027797893433745547,
        -0.005517252030637766,
        -0.005708200002148176,
        -0.0011390967720794924
      ],
      [
        0.0027719807001589042,
        -0.0005545707370526772,
        -0.0001812774707730495,
        -3.608301105553881e-05,
        0.005204808433176965,
        -0.0010412895186606003,
        -0.0010771433768074893,
        -0.00021440378778455095,
        -0.004801785456202832,
        0.0009606595383086821,
        0.0031447538133078943,
        0.0006259585712920619,
        -0.028532014369699366,
        0.005708200002148175,
        0.005904745717324819,
        0.0011753308565581146
      ],
      [
        0.0005545707370526772,
        -0.00011066706426346616,
        -3.608301105553881e-05,
        -7.200525805824066e-06,
        0.0010412895186606003,
        -0.00020779396816161328,
        -0.0002144037877845509,
        -4.278523220894299e-05,
        -0.0009606595383086821,
        0.0001917038959291865,
        0.0006259585712920619,
        0.00012491282501418032,
        -0.005708200002148175,
        0.0011390967720794922,
        0.0011753308565581146,
        0.00023454251503572665
      ],
      [
        -0.025338141709932163,
        0.005070890133931958,
        -0.005204808433176964,
        -0.0010412895186606,
        -0.13986616914405997,
        0.027689882693787554,
        0.02857539001105612,
        0.005716877862494018,
        -0.13890006378735884,
        0.027797893433745547,
        -0.028532014369699373,
        -0.005708200002148176,
        0.7667263068541522,
        -0.1517919710317174,
        -0.1566461953178088,
        -0.03133910563984625
      ],
      [
        0.005070890133931957,
        -0.0010064568005938774,
        0.0010412895186606,
        0.00020779396816161322,
        0.027689882693787554,
        -0.005555626719574046,
        -0.005716877862494017,
        -0.001140828477819443,
        0.027797893433745547,
        -0.005517252030637766,
        0.005708200002148176,
        0.0011390967720794924,
        -0.1517919710317174,
        0.030455149969624826,
        0.03133910563984625,
        0.006253858319745753
      ],
      [
        0.005204808433176964,
        -0.0010412895186606,
        0.001077143376807489,
        0.0002144037877845509,
        0.02857539001105612,
        -0.005716877862494018,
        -0.005913722375236834,
        -0.0011771176469700714,
        0.028532014369699366,
        -0.005708200002148175,
        0.005904745717324819,
        0.0011753308565581146,
        -0.1566461953178088,
        0.03133910563984625,
        0.03241817906556047,
        0.006452790347497286
      ],
      [
        0.0010412895186606,
        -0.00020779396816161322,
        0.00021440378778455084,
        4.2785232208942976e-05,
        0.005716877862494017,
        -0.001140828477819443,
        -0.0011771176469700714,
        -0.00023489907703248171,
        0.005708200002148175,
        -0.0011390967720794922,
        0.0011753308565581146,
        0.00023454251503572665,
        -0.03133910563984625,
        0.006253858319745753,
        0.006452790347497286,
        0.0012876830967684556
      ]
    ],
    "final_state_imag": [
      [
        0.0,
        0.0,
        0.0,
        0.0,
        0.0,
        0.0,
        0.0,
        0.0,
        0.0,
        0.0,
        0.0,
        0.0,
        0.0,
        0.0,
        0.0,
        0.0
      ],
      [
        0.0,
        0.0,
        0.0,
        0.0,
        0.0,
        0.0,
        0.0,
        0.0,
        0.0,
        0.0,
        0.0,
        0.0,
        0.0,
        0.0,
        0.0,
        0.0
      ],
      [
        0.0,
        0.0,
        0.0,
        0.0,
        0.0,
        0.0,
        0.0,
        0.0,
        0.0,
        0.0,
        0.0,
        0.0,
        0.0,
        0.0,
        0.0,
        0.0
      ],
      [
        0.0,
        0.0,
        0.0,
        0.0,
        0.0,
        0.0,
        0.0,
        0.0,
        0.0,
        0.0,
        0.0,
        0.0,
        0.0,
        0.0,
        0.0,
        0.0
      ],
      [
        0.0,
        0.0,
        0.0,
        0.0,
        0.0,
        0.0,
        0.0,
        0.0,
        0.0,
        0.0,
        0.0,
        0.0,
        0.0,
        0.0,
        0.0,
        0.0
      ],
      [
        0.0,
        0.0,
        0.0,
        0.0,
        0.0,
        0.0,
        0.0,
        0.0,
        0.0,
        0.0,
        0.0,
        0.0,
        0.0,
        0.0,
        0.0,
        0.0
      ],
      [
        0.0,
        0.0,
        0.0,
        0.0,
        0.0,
        0.0,
        0.0,
        0.0,
        0.0,
        0.0,
        0.0,
        0.0,
        0.0,
        0.0,
        0.0,
        0.0
      ],
      [
        0.0,
        0.0,
        0.0,
        0.0,
        0.0,
        0.0,
        0.0,
        0.0,
        0.0,
        0.0,
        0.0,
        0.0,
        0.0,
        0.0,
        0.0,
        0.0
      ],
      [
        0.0,
        0.0,
        0.0,
        0.0,
        0.0,
        0.0,
        0.0,
        0.0,
        0.0,
        0.0,
        0.0,
        0.0,
        0.0,
        0.0,
        0.0,
        0.0
      ],
      [
        0.0,
        0.0,
        0.0,
        0.0,
        0.0,
        0.0,
        0.0,
        0.0,
        0.0,
        0.0,
        0.0,
        0.0,
        0.0,
        0.0,
        0.0,
        0.0
      ],
      [
        0.0,
        0.0,
        0.0,
        0.0,
        0.0,
        0.0,
        0.0,
        0.0,
        0.0,
        0.0,
        0.0,
        0.0,
        0.0,
        0.0,
        0.0,
        0.0
      ],
      [
        0.0,
        0.0,
        0.0,
        0.0,
        0.0,
        0.0,
        0.0,
        0.0,
        0.0,
        0.0,
        0.0,
        0.0,
        0.0,
        0.0,
        0.0,
        0.0
      ],
      [
        0.0,
        0.0,
        0.0,
        0.0,
        0.0,
        0.0,
        0.0,
        0.0,
        0.0,
        0.0,
        0.0,
        0.0,
        0.0,
        0.0,
        0.0,
        0.0
      ],
      [
        0.0,
        0.0,
        0.0,
        0.0,
        0.0,
        0.0,
        0.0,
        0.0,
        0.0,
        0.0,
        0.0,
        0.0,
        0.0,
        0.0,
        0.0,
        0.0
      ],
      [
        0.0,
        0.0,
        0.0,
        0.0,
        0.0,
        0.0,
        0.0,
        0.0,
        0.0,
        0.0,
        0.0,
        0.0,
        0.0,
        0.0,
        0.0,
        0.0
      ],
      [
        0.0,
        0.0,
        0.0,
        0.0,
        0.0,
        0.0,
        0.0,
        0.0,
        0.0,
        0.0,
        0.0,
        0.0,
        0.0,
        0.0,
        0.0,
        0.0
      ]
    ],
    "num_qubits": 4
  }
}