{
  "config": {
    "symbols": [
      "H",
      "H"
    ],
    "geometry": [
      [
        0.0,
        0.0,
        0.0
      ],
      [
        0.0,
        0.0,
        0.7414
      ]
    ],
    "basis": "sto-3g",
    "ansatz": "RY-CZ",
    "optimizer": {
      "name": "Adam",
      "stepsize": 0.2,
      "iterations_planned": 30
    },
    "optimizer_name": "Adam",
    "seed": 0,
    "noisy": true,
    "depolarizing_prob": 0.0,
    "amplitude_damping_prob": 0.0,
    "mapping": "jordan_wigner",
    "molecule": "H2"
  },
  "result": {
    "energy": -1.0451844124606282,
    "energies": [
      0.7135804090124337,
      0.7135804090124337,
      0.6754813932543628,
      0.6027354327817065,
      0.4897342399466593,
      0.3504547112334293,
      0.20518348983198179,
      0.07624247206084186,
      -0.0261136643910701,
      -0.12129310700498469,
      -0.23164056825284482,
      -0.36196060689204773,
      -0.5076089588974892,
      -0.6591965769217359,
      -0.8046292607576062,
      -0.931289758831825,
      -1.0285112579034763,
      -1.0897491987258532,
      -1.1139193073710818,
      -1.10565662517204,
      -1.074349658782594,
      -1.0318866319620097,
      -0.9896719357332987,
      -0.9562026031561153,
      -0.9361650570161218,
      -0.9308653468736212,
      -0.9391836851455342,
      -0.9584608823638285,
      -0.985155808558456,
      -1.015347188601018,
      -1.0451844124606282
    ],
    "steps": 30,
    "final_state_real": [
      [
        0.001008287363239754,
        -8.957101269753358e-05,
        -6.513655973026307e-05,
        -5.7863936724611486e-06,
        -0.0055571052785075145,
        0.000493664371497602,
        -0.00035899559302003697,
        -3.189130400031629e-05,
        -0.005543915246482717,
        0.0004924926375564189,
        0.0003581435013047676,
        3.181560859776496e-05,
        -0.030554901115528242,
        0.002714338724822528,
        -0.0019738828573324495,
        -0.00017534950146501832
      ],
      [
        -8.957101269753358e-05,
        7.957023571021383e-06,
        5.7863936724611486e-06,
        5.140331615816393e-07,
        0.000493664371497602,
        -4.3854578862967783e-05,
        3.189130400031629e-05,
        2.8330578163499173e-06,
        0.0004924926375564189,
        -4.375048810516376e-05,
        -3.181560859776496e-05,
        -2.8263334299197587e-06,
        0.002714338724822528,
        -0.0002411277550928449,
        0.00017534950146501832,
        1.5577139012992524e-05
      ],
      [
        -6.513655973026307e-05,
        5.7863936724611486e-06,
        4.207899025791191e-06,
        3.738078952591812e-07,
        0.00035899559302003697,
        -3.189130400031629e-05,
        2.3191541161952048e-05,
        2.0602160689765926e-06,
        0.00035814350130476767,
        -3.1815608597764964e-05,
        -2.31364950263653e-05,
        -2.0553260561792996e-06,
        0.0019738828573324495,
        -0.00017534950146501832,
        0.00012751517407107003,
        1.1327785800219472e-05
      ],
      [
        -5.7863936724611486e-06,
        5.140331615816393e-07,
        3.7380789525918115e-07,
        3.320715200190094e-08,
        3.189130400031629e-05,
        -2.8330578163499173e-06,
        2.0602160689765926e-06,
        1.8301889560633673e-07,
        3.181560859776496e-05,
        -2.8263334299197587e-06,
        -2.0553260561792996e-06,
        -1.8258449226625118e-07,
        0.00017534950146501832,
        -1.5577139012992524e-05,
        1.1327785800219472e-05,
        1.006301658374681e-06
      ],
      [
        -0.0055571052785075145,
        0.000493664371497602,
        0.00035899559302003697,
        3.189130400031629e-05,
        0.030627597054464915,
        -0.0027207966544832087,
        0.001978579101222169,
        0.00017576669138171544,
        0.030554901115528242,
        -0.002714338724822528,
        -0.0019738828573324495,
        -0.00017534950146501832,
        0.16840120035601622,
        -0.014959888029244231,
        0.010878917306265385,
        0.0009664265126203013
      ],
      [
        0.000493664371497602,
        -4.3854578862967783e-05,
        -3.189130400031629e-05,
        -2.8330578163499173e-06,
        -0.0027207966544832087,
        0.00024170144402392305,
        -0.00017576669138171547,
        -1.5614199998469615e-05,
        -0.002714338724822528,
        0.0002411277550928449,
        0.00017534950146501832,
        1.5577139012992524e-05,
        -0.014959888029244231,
        0.001328958756673907,
        -0.0009664265126203014,
        -8.585231213748999e-05
      ],
      [
        -0.00035899559302003697,
        3.189130400031629e-05,
        2.3191541161952048e-05,
        2.0602160689765926e-06,
        0.001978579101222169,
        -0.00017576669138171544,
        0.00012781855699719113,
        1.1354736763723062e-05,
        0.0019738828573324495,
        -0.00017534950146501832,
        -0.00012751517407107003,
        -1.1327785800219472e-05,
        0.010878917306265385,
        -0.0009664265126203013,
        0.000702790962928741,
        6.243229912347291e-05
      ],
      [
        -3.189130400031629e-05,
        2.8330578163499173e-06,
        2.0602160689765926e-06,
        1.8301889560633673e-07,
        0.00017576669138171547,
        -1.5614199998469615e-05,
        1.1354736763723064e-05,
        1.0086958419995103e-06,
        0.00017534950146501832,
        -1.5577139012992524e-05,
        -1.1327785800219472e-05,
        -1.006301658374681e-06,
        0.0009664265126203014,
        -8.585231213748999e-05,
        6.243229912347291e-05,
        5.54616120503247e-06
      ],
      [
        -0.005543915246482717,
        0.0004924926375564189,
        0.0003581435013047676,
        3.181560859776496e-05,
        0.030554901115528242,
        -0.002714338724822528,
        0.0019738828573324495,
        0.00017534950146501832,
        0.030482377723576842,
        -0.002707896123339877,
        -0.00196919776018266,
        -0.00017493330176680471,
        0.1680014927538765,
        -0.014924380081796073,
        0.010853095721020318,
        0.0009641326570944078
      ],
      [
        0.0004924926375564189,
        -4.375048810516376e-05,
        -3.181560859776496e-05,
        -2.8263334299197587e-06,
        -0.002714338724822528,
        0.0002411277550928449,
        -0.00017534950146501832,
        -1.5577139012992524e-05,
        -0.002707896123339877,
        0.00024055542783749432,
        0.00017493330176680471,
        1.5540165993382702e-05,
        -0.014924380081796073,
        0.0013258044150370914,
        -0.0009641326570944077,
        -8.564853792596366e-05
      ],
      [
        0.00035814350130476767,
        -3.1815608597764964e-05,
        -2.31364950263653e-05,
        -2.0553260561792996e-06,
        -0.0019738828573324495,
        0.00017534950146501832,
        -0.00012751517407107003,
        -1.1327785800219472e-05,
        -0.00196919776018266,
        0.00017493330176680471,
        0.00012721251123757105,
        1.1300898806004548e-05,
        -0.010853095721020318,
        0.0009641326570944078,
        -0.0007011228578914616,
        -6.228411333545025e-05
      ],
      [
        3.181560859776496e-05,
        -2.8263334299197587e-06,
        -2.0553260561792996e-06,
        -1.8258449226625118e-07,
        -0.00017534950146501832,
        1.5577139012992524e-05,
        -1.1327785800219472e-05,
        -1.006301658374681e-06,
        -0.00017493330176680471,
        1.5540165993382702e-05,
        1.1300898806004548e-05,
        1.0039131574492254e-06,
        -0.0009641326570944077,
        8.564853792596366e-05,
        -6.228411333545025e-05,
        -5.532997149243927e-06
      ],
      [
        -0.030554901115528242,
        0.002714338724822528,
        0.0019738828573324495,
        0.00017534950146501832,
        0.16840120035601622,
        -0.014959888029244231,
        0.010878917306265385,
        0.0009664265126203013,
        0.1680014927538765,
        -0.014924380081796073,
        -0.010853095721020318,
        -0.0009641326570944078,
        0.9259284765604207,
        -0.08225467694498961,
        0.05981607795384835,
        0.005313749703958965
      ],
      [
        0.002714338724822528,
        -0.0002411277550928449,
        -0.00017534950146501832,
        -1.5577139012992524e-05,
        -0.014959888029244231,
        0.001328958756673907,
        -0.0009664265126203014,
        -8.585231213748999e-05,
        -0.014924380081796073,
        0.0013258044150370914,
        0.0009641326570944077,
        8.564853792596366e-05,
        -0.08225467694498961,
        0.0073070783009697255,
        -0.005313749703958965,
        -0.00047204592614898106
      ],
      [
        -0.0019738828573324495,
        0.00017534950146501832,
        0.00012751517407107003,
        1.1327785800219472e-05,
        0.010878917306265385,
        -0.0009664265126203013,
        0.000702790962928741,
        6.243229912347291e-05,
        0.010853095721020318,
        -0.0009641326570944078,
        -0.0007011228578914616,
        -6.228411333545025e-05,
        0.05981607795384836,
        -0.005313749703958966,
        0.0038641895916972434,
        0.0003432745342274903
      ],
      [
        -0.00017534950146501832,
        1.5577139012992524e-05,
        1.1327785800219472e-05,
        1.006301658374681e-06,
        0.0009664265126203014,
        -8.585231213748999e-05,
        6.243229912347291e-05,
        5.54616120503247e-06,
        0.0009641326570944077,
        -8.564853792596366e-05,
        -6.228411333545025e-05,
        -5.532997149243927e-06,
        0.005313749703958965,
        -0.00047204592614898106,
        0.0003432745342274903,
        3.04947267862557e-05
      ]
    ],
    "final_state_imag": [
      [
        0.0,
        0.0,
        0.0,
        0.0,
        0.0,
        0.0,
        0.0,
        0.0,
        0.0,
        0.0,
        0.0,
        0.0,
        0.0,
        0.0,
        0.0,
        0.0
      ],
      [
        0.0,
        0.0,
        0.0,
        0.0,
        0.0,
        0.0,
        0.0,
        0.0,
        0.0,
        0.0,
        0.0,
        0.0,
        0.0,
        0.0,
        0.0,
        0.0
      ],
      [
        0.0,
        0.0,
        0.0,
        0.0,
        0.0,
        0.0,
        0.0,
        0.0,
        0.0,
        0.0,
        0.0,
        0.0,
        0.0,
        0.0,
        0.0,
        0.0
      ],
      [
        0.0,
        0.0,
        0.0,
        0.0,
        0.0,
        0.0,
        0.0,
        0.0,
        0.0,
        0.0,
        0.0,
        0.0,
        0.0,
        0.0,
        0.0,
        0.0
      ],
      [
        0.0,
        0.0,
        0.0,
        0.0,
        0.0,
        0.0,
        0.0,
        0.0,
        0.0,
        0.0,
        0.0,
        0.0,
        0.0,
        0.0,
        0.0,
        0.0
      ],
      [
        0.0,
        0.0,
        0.0,
        0.0,
        0.0,
        0.0,
        0.0,
        0.0,
        0.0,
        0.0,
        0.0,
        0.0,
        0.0,
        0.0,
        0.0,
        0.0
      ],
      [
        0.0,
        0.0,
        0.0,
        0.0,
        0.0,
        0.0,
        0.0,
        0.0,
        0.0,
        0.0,
        0.0,
        0.0,
        0.0,
        0.0,
        0.0,
        0.0
      ],
      [
        0.0,
        0.0,
        0.0,
        0.0,
        0.0,
        0.0,
        0.0,
        0.0,
        0.0,
        0.0,
        0.0,
        0.0,
        0.0,
        0.0,
        0.0,
        0.0
      ],
      [
        0.0,
        0.0,
        0.0,
        0.0,
        0.0,
        0.0,
        0.0,
        0.0,
        0.0,
        0.0,
        0.0,
        0.0,
        0.0,
        0.0,
        0.0,
        0.0
      ],
      [
        0.0,
        0.0,
        0.0,
        0.0,
        0.0,
        0.0,
        0.0,
        0.0,
        0.0,
        0.0,
        0.0,
        0.0,
        0.0,
        0.0,
        0.0,
        0.0
      ],
      [
        0.0,
        0.0,
        0.0,
        0.0,
        0.0,
        0.0,
        0.0,
        0.0,
        0.0,
        0.0,
        0.0,
        0.0,
        0.0,
        0.0,
        0.0,
        0.0
      ],
      [
        0.0,
        0.0,
        0.0,
        0.0,
        0.0,
        0.0,
        0.0,
        0.0,
        0.0,
        0.0,
        0.0,
        0.0,
        0.0,
        0.0,
        0.0,
        0.0
      ],
      [
        0.0,
        0.0,
        0.0,
        0.0,
        0.0,
        0.0,
        0.0,
        0.0,
        0.0,
        0.0,
        0.0,
        0.0,
        0.0,
        0.0,
        0.0,
        0.0
      ],
      [
        0.0,
        0.0,
        0.0,
        0.0,
        0.0,
        0.0,
        0.0,
        0.0,
        0.0,
        0.0,
        0.0,
        0.0,
        0.0,
        0.0,
        0.0,
        0.0
      ],
      [
        0.0,
        0.0,
        0.0,
        0.0,
        0.0,
        0.0,
        0.0,
        0.0,
        0.0,
        0.0,
        0.0,
        0.0,
        0.0,
        0.0,
        0.0,
        0.0
      ],
      [
        0.0,
        0.0,
        0.0,
        0.0,
        0.0,
        0.0,
        0.0,
        0.0,
        0.0,
        0.0,
        0.0,
        0.0,
        0.0,
        0.0,
        0.0,
        0.0
      ]
    ],
    "num_qubits": 4
  }
}