{
  "config": {
    "symbols": [
      "H",
      "H"
    ],
    "geometry": [
      [
        0.0,
        0.0,
        0.0
      ],
      [
        0.0,
        0.0,
        0.7414
      ]
    ],
    "basis": "sto-3g",
    "ansatz": "RY-CZ",
    "optimizer": {
      "name": "Adam",
      "stepsize": 0.2,
      "iterations_planned": 30
    },
    "optimizer_name": "Adam",
    "seed": 4,
    "noisy": true,
    "depolarizing_prob": 0.0,
    "amplitude_damping_prob": 0.0,
    "mapping": "jordan_wigner",
    "molecule": "H2"
  },
  "result": {
    "energy": -1.0152196613352924,
    "energies": [
      0.7137285619385882,
      0.7137285619385882,
      0.6781295759268345,
      0.6085822668591836,
      0.4949256603988006,
      0.34791358068534056,
      0.18585063102717483,
      0.03352708540930045,
      -0.08561617548199345,
      -0.17352629395399896,
      -0.2587542403251837,
      -0.35642648411038663,
      -0.4677452882789239,
      -0.5892890692452438,
      -0.7152027400888779,
      -0.8374818778820575,
      -0.9465446463769409,
      -1.0327109012567304,
      -1.0885736269721196,
      -1.1115209376238697,
      -1.1050368910356643,
      -1.0777036518791516,
      -1.0403035813758807,
      -1.0027307276494262,
      -0.972153064402145,
      -0.9526258173664706,
      -0.9455645284540899,
      -0.950463600881315,
      -0.9655305315757711,
      -0.9881501015504155,
      -1.0152196613352924
    ],
    "steps": 30,
    "final_state_real": [
      [
        0.0011964313274208758,
        -0.00018933319302299778,
        0.00019443140718380114,
        3.0768434679338694e-05,
        -0.006246077770395757,
        0.0009884310290405735,
        0.0010150467163839967,
        0.00016062939132058208,
        -0.006230236644920334,
        0.000985924198269262,
        -0.0010124723836605288,
        -0.00016022200760931765,
        -0.0325255129318866,
        0.005147106296004404,
        0.005285703494870967,
        0.0008364534571441356
      ],
      [
        -0.00018933319302299776,
        2.9961651085782378e-05,
        -3.0768434679338694e-05,
        -4.869051694522761e-06,
        0.0009884310290405735,
        -0.00015641750472605845,
        -0.00016062939132058208,
        -2.5419323997162468e-05,
        0.0009859241982692621,
        -0.00015602080308224257,
        0.00016022200760931767,
        2.535485622782921e-05,
        0.005147106296004404,
        -0.0008145206895844487,
        -0.0008364534571441356,
        -0.00013236731622333575
      ],
      [
        0.00019443140718380114,
        -3.0768434679338694e-05,
        3.1596942702065085e-05,
        5.000161659459994e-06,
        -0.0010150467163839967,
        0.00016062939132058208,
        0.00016495469225908337,
        2.6103795407015264e-05,
        -0.0010124723836605286,
        0.00016022200760931762,
        -0.00016453633884212448,
        -2.603759170068499e-05,
        -0.005285703494870968,
        0.0008364534571441357,
        0.0008589768128852877,
        0.00013593159840345715
      ],
      [
        3.0768434679338694e-05,
        -4.869051694522761e-06,
        5.000161659459994e-06,
        7.912669544164375e-07,
        -0.00016062939132058208,
        2.5419323997162468e-05,
        2.610379540701526e-05,
        4.130880578899015e-06,
        -0.00016022200760931765,
        2.5354856227829206e-05,
        -2.603759170068499e-05,
        -4.1204039566122286e-06,
        -0.0008364534571441358,
        0.0001323673162233358,
        0.00013593159840345715,
        2.1510940886114845e-05
      ],
      [
        -0.006246077770395757,
        0.0009884310290405735,
        -0.0010150467163839967,
        -0.00016062939132058208,
        0.03260821295772376,
        -0.00516019343238739,
        -0.0052991430312899265,
        -0.0008385802405914026,
        0.03252551293188661,
        -0.005147106296004405,
        0.005285703494870969,
        0.0008364534571441358,
        0.1698023769843256,
        -0.02687093314970332,
        -0.02759449234030535,
        -0.004366780796271138
      ],
      [
        0.0009884310290405735,
        -0.00015641750472605845,
        0.00016062939132058208,
        2.5419323997162468e-05,
        -0.00516019343238739,
        0.0008165917063341183,
        0.0008385802405914026,
        0.00013270387603392476,
        -0.005147106296004405,
        0.0008145206895844489,
        -0.0008364534571441359,
        -0.0001323673162233358,
        -0.02687093314970332,
        0.004252278802919683,
        0.004366780796271138,
        0.0006910355257679435
      ],
      [
        0.0010150467163839967,
        -0.00016062939132058208,
        0.00016495469225908337,
        2.6103795407015264e-05,
        -0.0052991430312899265,
        0.0008385802405914026,
        0.0008611608646715853,
        0.0001362772208298765,
        -0.005285703494870969,
        0.0008364534571441358,
        -0.0008589768128852878,
        -0.00013593159840345715,
        -0.02759449234030535,
        0.004366780796271138,
        0.004484366008548045,
        0.0007096431827077407
      ],
      [
        0.00016062939132058208,
        -2.5419323997162468e-05,
        2.610379540701526e-05,
        4.130880578899015e-06,
        -0.0008385802405914026,
        0.00013270387603392476,
        0.0001362772208298765,
        2.156563503869558e-05,
        -0.0008364534571441359,
        0.0001323673162233358,
        -0.00013593159840345715,
        -2.1510940886114845e-05,
        -0.004366780796271138,
        0.0006910355257679435,
        0.0007096431827077406,
        0.00011229980911540848
      ],
      [
        -0.006230236644920334,
        0.000985924198269262,
        -0.0010124723836605288,
        -0.00016022200760931765,
        0.0325255129318866,
        -0.005147106296004404,
        -0.005285703494870967,
        -0.0008364534571441356,
        0.03244302264751189,
        -0.005134052350845925,
        0.005272298043423503,
        0.0008343320675847914,
        0.1693717290067127,
        -0.026802783850364834,
        -0.02752450797064777,
        -0.004355705890536653
      ],
      [
        0.0009859241982692621,
        -0.00015602080308224257,
        0.00016022200760931767,
        2.535485622782921e-05,
        -0.005147106296004404,
        0.0008145206895844487,
        0.0008364534571441356,
        0.00013236731622333575,
        -0.005134052350845925,
        0.000812454925288783,
        -0.0008343320675847914,
        -0.00013203160998620294,
        -0.026802783850364834,
        0.0042414942938966286,
        0.004355705890536653,
        0.0006892829410461283
      ],
      [
        -0.0010124723836605286,
        0.00016022200760931762,
        -0.00016453633884212448,
        -2.603759170068499e-05,
        0.005285703494870968,
        -0.0008364534571441357,
        -0.0008589768128852877,
        -0.00013593159840345715,
        0.005272298043423503,
        -0.0008343320675847914,
        0.0008567983002292514,
        0.00013558685253484343,
        0.02752450797064777,
        -0.004355705890536653,
        -0.004472992886529644,
        -0.0007078434057735928
      ],
      [
        -0.00016022200760931765,
        2.5354856227829206e-05,
        -2.603759170068499e-05,
        -4.1204039566122286e-06,
        0.0008364534571441358,
        -0.0001323673162233358,
        -0.00013593159840345715,
        -2.1510940886114845e-05,
        0.0008343320675847914,
        -0.00013203160998620294,
        0.00013558685253484343,
        2.1456385447294277e-05,
        0.004355705890536653,
        -0.0006892829410461283,
        -0.0007078434057735928,
        -0.00011201499752124376
      ],
      [
        -0.03252551293188661,
        0.005147106296004405,
        -0.005285703494870969,
        -0.0008364534571441358,
        0.1698023769843256,
        -0.02687093314970332,
        -0.02759449234030535,
        -0.004366780796271138,
        0.16937172900671268,
        -0.02680278385036483,
        0.027524507970647767,
        0.004355705890536653,
        0.8842204038261327,
        -0.13992635310993876,
        -0.14369417904423235,
        -0.022739355877541646
      ],
      [
        0.005147106296004405,
        -0.0008145206895844489,
        0.0008364534571441359,
        0.0001323673162233358,
        -0.02687093314970332,
        0.004252278802919683,
        0.004366780796271138,
        0.0006910355257679435,
        -0.02680278385036483,
        0.004241494293896628,
        -0.004355705890536652,
        -0.0006892829410461282,
        -0.13992635310993876,
        0.022143103925135424,
        0.022739355877541646,
        0.003598463828978899
      ],
      [
        0.005285703494870969,
        -0.0008364534571441358,
        0.0008589768128852878,
        0.00013593159840345715,
        -0.02759449234030535,
        0.004366780796271138,
        0.004484366008548045,
        0.0007096431827077407,
        -0.027524507970647767,
        0.004355705890536653,
        -0.004472992886529643,
        -0.0007078434057735927,
        -0.14369417904423235,
        0.022739355877541646,
        0.02335166322994735,
        0.003695360410910048
      ],
      [
        0.0008364534571441359,
        -0.0001323673162233358,
        0.00013593159840345715,
        2.1510940886114845e-05,
        -0.004366780796271138,
        0.0006910355257679435,
        0.0007096431827077406,
        0.00011229980911540848,
        -0.004355705890536652,
        0.0006892829410461282,
        -0.0007078434057735927,
        -0.00011201499752124374,
        -0.022739355877541646,
        0.003598463828978899,
        0.003695360410910048,
        0.0005847844083760396
      ]
    ],
    "final_state_imag": [
      [
        0.0,
        0.0,
        0.0,
        0.0,
        0.0,
        0.0,
        0.0,
        0.0,
        0.0,
        0.0,
        0.0,
        0.0,
        0.0,
        0.0,
        0.0,
        0.0
      ],
      [
        0.0,
        0.0,
        0.0,
        0.0,
        0.0,
        0.0,
        0.0,
        0.0,
        0.0,
        0.0,
        0.0,
        0.0,
        0.0,
        0.0,
        0.0,
        0.0
      ],
      [
        0.0,
        0.0,
        0.0,
        0.0,
        0.0,
        0.0,
        0.0,
        0.0,
        0.0,
        0.0,
        0.0,
        0.0,
        0.0,
        0.0,
        0.0,
        0.0
      ],
      [
        0.0,
        0.0,
        0.0,
        0.0,
        0.0,
        0.0,
        0.0,
        0.0,
        0.0,
        0.0,
        0.0,
        0.0,
        0.0,
        0.0,
        0.0,
        0.0
      ],
      [
        0.0,
        0.0,
        0.0,
        0.0,
        0.0,
        0.0,
        0.0,
        0.0,
        0.0,
        0.0,
        0.0,
        0.0,
        0.0,
        0.0,
        0.0,
        0.0
      ],
      [
        0.0,
        0.0,
        0.0,
        0.0,
        0.0,
        0.0,
        0.0,
        0.0,
        0.0,
        0.0,
        0.0,
        0.0,
        0.0,
        0.0,
        0.0,
        0.0
      ],
      [
        0.0,
        0.0,
        0.0,
        0.0,
        0.0,
        0.0,
        0.0,
        0.0,
        0.0,
        0.0,
        0.0,
        0.0,
        0.0,
        0.0,
        0.0,
        0.0
      ],
      [
        0.0,
        0.0,
        0.0,
        0.0,
        0.0,
        0.0,
        0.0,
        0.0,
        0.0,
        0.0,
        0.0,
        0.0,
        0.0,
        0.0,
        0.0,
        0.0
      ],
      [
        0.0,
        0.0,
        0.0,
        0.0,
        0.0,
        0.0,
        0.0,
        0.0,
        0.0,
        0.0,
        0.0,
        0.0,
        0.0,
        0.0,
        0.0,
        0.0
      ],
      [
        0.0,
        0.0,
        0.0,
        0.0,
        0.0,
        0.0,
        0.0,
        0.0,
        0.0,
        0.0,
        0.0,
        0.0,
        0.0,
        0.0,
        0.0,
        0.0
      ],
      [
        0.0,
        0.0,
        0.0,
        0.0,
        0.0,
        0.0,
        0.0,
        0.0,
        0.0,
        0.0,
        0.0,
        0.0,
        0.0,
        0.0,
        0.0,
        0.0
      ],
      [
        0.0,
        0.0,
        0.0,
        0.0,
        0.0,
        0.0,
        0.0,
        0.0,
        0.0,
        0.0,
        0.0,
        0.0,
        0.0,
        0.0,
        0.0,
        0.0
      ],
      [
        0.0,
        0.0,
        0.0,
        0.0,
        0.0,
        0.0,
        0.0,
        0.0,
        0.0,
        0.0,
        0.0,
        0.0,
        0.0,
        0.0,
        0.0,
        0.0
      ],
      [
        0.0,
        0.0,
        0.0,
        0.0,
        0.0,
        0.0,
        0.0,
        0.0,
        0.0,
        0.0,
        0.0,
        0.0,
        0.0,
        0.0,
        0.0,
        0.0
      ],
      [
        0.0,
        0.0,
        0.0,
        0.0,
        0.0,
        0.0,
        0.0,
        0.0,
        0.0,
        0.0,
        0.0,
        0.0,
        0.0,
        0.0,
        0.0,
        0.0
      ],
      [
        0.0,
        0.0,
        0.0,
        0.0,
        0.0,
        0.0,
        0.0,
        0.0,
        0.0,
        0.0,
        0.0,
        0.0,
        0.0,
        0.0,
        0.0,
        0.0
      ]
    ],
    "num_qubits": 4
  }
}