{
  "config": {
    "symbols": [
      "H",
      "H"
    ],
    "geometry": [
      [
        0.0,
        0.0,
        0.0
      ],
      [
        0.0,
        0.0,
        0.7414
      ]
    ],
    "basis": "sto-3g",
    "ansatz": "RY-CZ",
    "optimizer": {
      "name": "Adam",
      "stepsize": 0.2,
      "iterations_planned": 30
    },
    "optimizer_name": "Adam",
    "seed": 5,
    "noisy": true,
    "depolarizing_prob": 0.0,
    "amplitude_damping_prob": 0.04,
    "mapping": "jordan_wigner",
    "molecule": "H2"
  },
  "result": {
    "energy": -0.9895065964274656,
    "energies": [
      0.7136766360329315,
      0.7136766360329315,
      0.6789413120828796,
      0.6120786315642031,
      0.5056782360335976,
      0.3721744886086545,
      0.22995432477089575,
      0.10001760150752112,
      -0.004432934410449067,
      -0.09554046465613067,
      -0.19624198399249615,
      -0.3148581827336359,
      -0.44908285840628986,
      -0.5913703410166296,
      -0.7310870832138373,
      -0.8564612278952324,
      -0.9568879768433902,
      -1.0251151852477567,
      -1.0587124243117954,
      -1.0604944718854226,
      -1.0378359221643307,
      -1.0009491726459867,
      -0.9604867012386866,
      -0.9252858134983444,
      -0.9010934458900632,
      -0.8904614826674098,
      -0.8933585088643817,
      -0.9079485935435112,
      -0.9312568848486698,
      -0.9596938860006125,
      -0.9895065964274656
    ],
    "steps": 30,
    "final_state_real": [
      [
        0.004626878639679125,
        0.000440390810905916,
        8.536650346160643e-05,
        -8.144124124122139e-06,
        -0.0012896807870501066,
        -0.0001231367198467058,
        -0.00017647321840602513,
        1.6835875161835254e-05,
        0.001520379283219054,
        0.00014471117951514486,
        0.0015381209943751866,
        -0.0001467396202041183,
        0.027281786782403665,
        0.0026048226581915283,
        0.0037330979616824154,
        -0.0003561445289969335
      ],
      [
        0.000440390810905916,
        4.206376480988093e-05,
        8.144124124122139e-06,
        -7.766702515888603e-07,
        -0.0001231367198467057,
        -1.1724714117433596e-05,
        -1.6835875161835254e-05,
        1.6055653374598701e-06,
        0.0001447111795151447,
        1.382203458778785e-05,
        0.00014673962020411832,
        -1.3993929366133165e-05,
        0.0026048226581915283,
        0.000248023506163959,
        0.0003561445289969335,
        -3.3963979026149735e-05
      ],
      [
        8.536650346160643e-05,
        8.144124124122139e-06,
        8.656114874862372e-05,
        -8.25183920314104e-06,
        0.00017647321840602513,
        1.6835875161835254e-05,
        2.4165441727146868e-05,
        -2.3036817589422472e-06,
        0.0015381209943751866,
        0.0001467396202041183,
        2.844374956378313e-05,
        -2.7115311098327264e-06,
        -0.0037330979616824154,
        -0.0003561445289969335,
        -0.000511193494795396,
        4.873186853138191e-05
      ],
      [
        -8.144124124122139e-06,
        -7.766702515888603e-07,
        -8.25183920314104e-06,
        7.869425775316504e-07,
        -1.6835875161835254e-05,
        -1.6055653374598701e-06,
        -2.3036817589422456e-06,
        2.1969226696814385e-07,
        -0.00014673962020411832,
        -1.3993929366133165e-05,
        -2.7115311098327247e-06,
        2.5858711350274343e-07,
        0.0003561445289969335,
        3.3963979026149735e-05,
        4.873186853138191e-05,
        -4.647349673927443e-06
      ],
      [
        -0.0012896807870501066,
        -0.0001231367198467058,
        0.00017647321840602513,
        -1.6835875161835254e-05,
        0.06302061847570774,
        0.005998363785965651,
        0.008609969874771408,
        -0.0008214072325994633,
        -0.027281786782403665,
        -0.0026048226581915283,
        0.0037330979616824154,
        -0.0003561445289969335,
        0.15334375072103096,
        0.014595407398036438,
        0.020950049462009915,
        -0.001998673909630644
      ],
      [
        -0.0001231367198467057,
        -1.1724714117433596e-05,
        1.6835875161835254e-05,
        -1.6055653374598701e-06,
        0.005998363785965651,
        0.0005729314901415366,
        0.0008214072325994633,
        -7.83340912143454e-05,
        -0.0026048226581915283,
        -0.000248023506163959,
        0.0003561445289969335,
        -3.3963979026149735e-05,
        0.014595407398036435,
        0.001394074919121237,
        0.0019986739096306445,
        -0.0001906049741603426
      ],
      [
        -0.00017647321840602513,
        -1.6835875161835254e-05,
        2.4165441727146868e-05,
        -2.3036817589422472e-06,
        0.008609969874771408,
        0.0008214072325994633,
        0.0011790102042711704,
        -0.00011239456459573451,
        -0.0037330979616824154,
        -0.0003561445289969335,
        0.000511193494795396,
        -4.873186853138191e-05,
        0.020950049462009915,
        0.001998673909630644,
        0.002868804706050289,
        -0.0002734819891113988
      ],
      [
        1.6835875161835254e-05,
        1.6055653374598701e-06,
        -2.3036817589422456e-06,
        2.1969226696814385e-07,
        -0.0008214072325994633,
        -7.83340912143454e-05,
        -0.00011239456459573449,
        1.0718588448723937e-05,
        0.0003561445289969335,
        3.3963979026149735e-05,
        -4.873186853138191e-05,
        4.647349673927443e-06,
        -0.0019986739096306445,
        -0.0001906049741603426,
        -0.00027348198911139875,
        2.6080806487102416e-05
      ],
      [
        0.001520379283219054,
        0.00014471117951514486,
        0.0015381209943751866,
        -0.0001467396202041183,
        -0.027281786782403665,
        -0.0026048226581915283,
        -0.0037330979616824154,
        0.0003561445289969335,
        0.06190903306195383,
        0.0058925620047051396,
        0.0011422295886184097,
        -0.00010897083950658776,
        -0.1500221213779295,
        -0.014323879301308748,
        -0.020528247654381732,
        0.001958433228124367
      ],
      [
        0.0001447111795151447,
        1.382203458778785e-05,
        0.00014673962020411832,
        -1.3993929366133165e-05,
        -0.0026048226581915283,
        -0.000248023506163959,
        -0.0003561445289969335,
        3.3963979026149735e-05,
        0.0058925620047051396,
        0.0005628258722830399,
        0.00010897083950658776,
        -1.0392082444415552e-05,
        -0.014323879301308748,
        -0.0013638774044780803,
        -0.001958433228124367,
        0.00018676739264104615
      ],
      [
        0.0015381209943751866,
        0.0001467396202041183,
        2.844374956378313e-05,
        -2.7115311098327264e-06,
        0.0037330979616824154,
        0.0003561445289969335,
        0.000511193494795396,
        -4.873186853138191e-05,
        0.0011422295886184097,
        0.00010897083950658776,
        0.0011582143032242771,
        -0.0001104120997832383,
        0.020528247654381732,
        0.001958433228124367,
        0.0028110450805688054,
        -0.0002679757874401273
      ],
      [
        -0.00014673962020411832,
        -1.3993929366133165e-05,
        -2.7115311098327247e-06,
        2.5858711350274343e-07,
        -0.0003561445289969335,
        -3.3963979026149735e-05,
        -4.873186853138191e-05,
        4.647349673927443e-06,
        -0.00010897083950658776,
        -1.0392082444415552e-05,
        -0.00011041209978323828,
        1.0529529266763903e-05,
        -0.001958433228124367,
        -0.00018676739264104615,
        -0.0002679757874401273,
        2.555570360652883e-05
      ],
      [
        0.027281786782403665,
        0.0026048226581915283,
        -0.0037330979616824154,
        0.0003561445289969335,
        0.15334375072103096,
        0.014595407398036438,
        0.020950049462009915,
        -0.001998673909630644,
        -0.1500221213779295,
        -0.014323879301308748,
        0.020528247654381732,
        -0.001958433228124367,
        0.8432349012439067,
        0.08025991837311892,
        0.11520399628995147,
        -0.010990676756513069
      ],
      [
        0.0026048226581915283,
        0.000248023506163959,
        -0.0003561445289969335,
        3.3963979026149735e-05,
        0.014595407398036435,
        0.001394074919121237,
        0.0019986739096306445,
        -0.0001906049741603426,
        -0.014323879301308748,
        -0.0013638774044780803,
        0.001958433228124367,
        -0.00018676739264104615,
        0.08025991837311894,
        0.007665996307149022,
        0.010990676756513069,
        -0.001048133789652053
      ],
      [
        0.0037330979616824154,
        0.0003561445289969335,
        -0.000511193494795396,
        4.873186853138191e-05,
        0.020950049462009915,
        0.001998673909630644,
        0.002868804706050289,
        -0.0002734819891113988,
        -0.020528247654381732,
        -0.001958433228124367,
        0.0028110450805688054,
        -0.0002679757874401273,
        0.11520399628995147,
        0.010990676756513069,
        0.015775512478465786,
        -0.0015038732064136845
      ],
      [
        -0.0003561445289969335,
        -3.3963979026149735e-05,
        4.873186853138191e-05,
        -4.647349673927443e-06,
        -0.0019986739096306445,
        -0.0001906049741603426,
        -0.00027348198911139875,
        2.6080806487102416e-05,
        0.001958433228124367,
        0.00018676739264104615,
        -0.0002679757874401273,
        2.555570360652883e-05,
        -0.010990676756513069,
        -0.001048133789652053,
        -0.0015038732064136843,
        0.00014341794940520543
      ]
    ],
    "final_state_imag": [
      [
        0.0,
        0.0,
        0.0,
        0.0,
        0.0,
        0.0,
        0.0,
        0.0,
        0.0,
        0.0,
        0.0,
        0.0,
        0.0,
        0.0,
        0.0,
        0.0
      ],
      [
        0.0,
        0.0,
        0.0,
        0.0,
        0.0,
        0.0,
        0.0,
        0.0,
        0.0,
        0.0,
        0.0,
        0.0,
        0.0,
        0.0,
        0.0,
        0.0
      ],
      [
        0.0,
        0.0,
        0.0,
        0.0,
        0.0,
        0.0,
        0.0,
        0.0,
        0.0,
        0.0,
        0.0,
        0.0,
        0.0,
        0.0,
        0.0,
        0.0
      ],
      [
        0.0,
        0.0,
        0.0,
        0.0,
        0.0,
        0.0,
        0.0,
        0.0,
        0.0,
        0.0,
        0.0,
        0.0,
        0.0,
        0.0,
        0.0,
        0.0
      ],
      [
        0.0,
        0.0,
        0.0,
        0.0,
        0.0,
        0.0,
        0.0,
        0.0,
        0.0,
        0.0,
        0.0,
        0.0,
        0.0,
        0.0,
        0.0,
        0.0
      ],
      [
        0.0,
        0.0,
        0.0,
        0.0,
        0.0,
        0.0,
        0.0,
        0.0,
        0.0,
        0.0,
        0.0,
        0.0,
        0.0,
        0.0,
        0.0,
        0.0
      ],
      [
        0.0,
        0.0,
        0.0,
        0.0,
        0.0,
        0.0,
        0.0,
        0.0,
        0.0,
        0.0,
        0.0,
        0.0,
        0.0,
        0.0,
        0.0,
        0.0
      ],
      [
        0.0,
        0.0,
        0.0,
        0.0,
        0.0,
        0.0,
        0.0,
        0.0,
        0.0,
        0.0,
        0.0,
        0.0,
        0.0,
        0.0,
        0.0,
        0.0
      ],
      [
        0.0,
        0.0,
        0.0,
        0.0,
        0.0,
        0.0,
        0.0,
        0.0,
        0.0,
        0.0,
        0.0,
        0.0,
        0.0,
        0.0,
        0.0,
        0.0
      ],
      [
        0.0,
        0.0,
        0.0,
        0.0,
        0.0,
        0.0,
        0.0,
        0.0,
        0.0,
        0.0,
        0.0,
        0.0,
        0.0,
        0.0,
        0.0,
        0.0
      ],
      [
        0.0,
        0.0,
        0.0,
        0.0,
        0.0,
        0.0,
        0.0,
        0.0,
        0.0,
        0.0,
        0.0,
        0.0,
        0.0,
        0.0,
        0.0,
        0.0
      ],
      [
        0.0,
        0.0,
        0.0,
        0.0,
        0.0,
        0.0,
        0.0,
        0.0,
        0.0,
        0.0,
        0.0,
        0.0,
        0.0,
        0.0,
        0.0,
        0.0
      ],
      [
        0.0,
        0.0,
        0.0,
        0.0,
        0.0,
        0.0,
        0.0,
        0.0,
        0.0,
        0.0,
        0.0,
        0.0,
        0.0,
        0.0,
        0.0,
        0.0
      ],
      [
        0.0,
        0.0,
        0.0,
        0.0,
        0.0,
        0.0,
        0.0,
        0.0,
        0.0,
        0.0,
        0.0,
        0.0,
        0.0,
        0.0,
        0.0,
        0.0
      ],
      [
        0.0,
        0.0,
        0.0,
        0.0,
        0.0,
        0.0,
        0.0,
        0.0,
        0.0,
        0.0,
        0.0,
        0.0,
        0.0,
        0.0,
        0.0,
        0.0
      ],
      [
        0.0,
        0.0,
        0.0,
        0.0,
        0.0,
        0.0,
        0.0,
        0.0,
        0.0,
        0.0,
        0.0,
        0.0,
        0.0,
        0.0,
        0.0,
        0.0
      ]
    ],
    "num_qubits": 4
  }
}