{
  "config": {
    "symbols": [
      "H",
      "H"
    ],
    "geometry": [
      [
        0.0,
        0.0,
        0.0
      ],
      [
        0.0,
        0.0,
        0.7414
      ]
    ],
    "basis": "sto-3g",
    "ansatz": "RY-CZ",
    "optimizer": {
      "name": "Adam",
      "stepsize": 0.2,
      "iterations_planned": 30
    },
    "optimizer_name": "Adam",
    "seed": 6,
    "noisy": true,
    "depolarizing_prob": 0.1,
    "amplitude_damping_prob": 0.0,
    "mapping": "jordan_wigner",
    "molecule": "H2"
  },
  "result": {
    "energy": -0.9048131335642662,
    "energies": [
      0.4995578552849272,
      0.4995578552849272,
      0.4729169485812001,
      0.42148544228061935,
      0.3392861699748854,
      0.2361100013057194,
      0.12671090582740474,
      0.026895905882911682,
      -0.062020997230720465,
      -0.15846908295282075,
      -0.27054911663203485,
      -0.3955801621047206,
      -0.5266582165425642,
      -0.6545273569022297,
      -0.7689160499960817,
      -0.860263086126054,
      -0.9216368158661111,
      -0.9504650500434026,
      -0.9496347013055861,
      -0.9272505419311314,
      -0.8943528113763886,
      -0.8613063987825329,
      -0.835154720181436,
      -0.8192146934243009,
      -0.8140524055540374,
      -0.8185800456618998,
      -0.8307825033046502,
      -0.8481377975795601,
      -0.8679224177043788,
      -0.8875281796222868,
      -0.9048131335642662
    ],
    "steps": 30,
    "final_state_real": [
      [
        0.008372818464866254,
        -0.00016489624982849664,
        -8.727780822857039e-05,
        -1.7193085011492085e-06,
        0.004319040799362152,
        -8.509270304040662e-05,
        -0.00014665388104397089,
        -2.8889733773457056e-06,
        -0.004243072788542309,
        8.356407027285825e-05,
        0.0004691318560398896,
        9.241551828810183e-06,
        0.022842050370612387,
        -0.0004500285825749968,
        -0.0007756063194278922,
        -1.5278872895674984e-05
      ],
      [
        -0.00016489624982849664,
        0.0006018071356439145,
        1.7193085011492083e-06,
        -6.195050672637423e-06,
        -8.509270304040662e-05,
        0.0003104366329092337,
        2.8889733773457056e-06,
        -1.0409613197744504e-05,
        8.356407027285832e-05,
        -0.00030497633406435885,
        -9.241551828810183e-06,
        3.329936531751933e-05,
        -0.0004500285825749967,
        0.0016418018572186776,
        1.5278872895674987e-05,
        -5.505317500973527e-05
      ],
      [
        -8.727780822857039e-05,
        1.7193085011492085e-06,
        0.0006091953406831532,
        -1.1558929356259618e-05,
        0.0001466538810439709,
        -2.888973377345706e-06,
        0.0003027569610500787,
        -6.1912339836187925e-06,
        0.0004691318560398896,
        -9.241551828810183e-06,
        -0.0003087204367090908,
        5.857690432681742e-06,
        0.0007756063194278922,
        -1.5278872895674984e-05,
        0.0016011864845964742,
        -3.274349215014432e-05
      ],
      [
        -1.7193085011492083e-06,
        -6.195050672637423e-06,
        -1.1558929356259618e-05,
        4.378670152261605e-05,
        2.888973377345706e-06,
        1.0409613197744505e-05,
        -6.1912339836187925e-06,
        2.1761047404807734e-05,
        9.241551828810183e-06,
        3.329936531751933e-05,
        5.857690432681747e-06,
        -2.2189679916057284e-05,
        1.5278872895674987e-05,
        5.505317500973527e-05,
        -3.274349215014432e-05,
        0.00011508734555397351
      ],
      [
        0.0043190407993621525,
        -8.509270304040664e-05,
        0.0001466538810439709,
        2.888973377345706e-06,
        0.07681304883675946,
        -0.0015127741923731208,
        -0.0025936348717396918,
        -5.109269554731269e-05,
        -0.022842050370612387,
        0.0004500285825749968,
        -0.0007756063194278922,
        -1.5278872895674984e-05,
        -0.12609140594906268,
        0.0024832737105013967,
        0.004303861157396692,
        8.478289299267398e-05
      ],
      [
        -8.509270304040664e-05,
        0.0003104366329092338,
        -2.888973377345706e-06,
        1.0409613197744505e-05,
        -0.0015127741923731208,
        0.005521037043201286,
        5.109269554731269e-05,
        -0.00018409833820147523,
        0.0004500285825749967,
        -0.0016418018572186776,
        1.5278872895674987e-05,
        -5.505317500973527e-05,
        0.002483273710501397,
        -0.009062982574139875,
        -8.478289299267398e-05,
        0.00030549160776634205
      ],
      [
        -0.0001466538810439709,
        2.888973377345706e-06,
        0.00030275696105007876,
        -6.191233983618795e-06,
        -0.0025936348717396918,
        5.109269554731269e-05,
        0.005588817152954819,
        -0.00010604273923633977,
        0.0007756063194278922,
        -1.5278872895674984e-05,
        -0.0016011864845964742,
        3.274349215014432e-05,
        0.004303861157396692,
        -8.478289299267398e-05,
        -0.009174246082926869,
        0.00017407300300520143
      ],
      [
        -2.888973377345706e-06,
        -1.0409613197744505e-05,
        -6.191233983618795e-06,
        2.1761047404807734e-05,
        -5.109269554731269e-05,
        -0.00018409833820147523,
        -0.00010604273923633977,
        0.000401703447479563,
        1.5278872895674987e-05,
        5.505317500973527e-05,
        3.274349215014432e-05,
        -0.00011508734555397351,
        8.478289299267398e-05,
        0.00030549160776634205,
        0.0001740730030052015,
        -0.0006594107802559189
      ],
      [
        -0.004243072788542309,
        8.356407027285825e-05,
        0.0004691318560398896,
        9.241551828810183e-06,
        -0.022842050370612387,
        0.0004500285825749968,
        0.0007756063194278922,
        1.5278872895674984e-05,
        0.07710578495234932,
        -0.0015185394060646259,
        -0.0008037465449207056,
        -1.5833214599437103e-05,
        0.1267730393637983,
        -0.002497651930888588,
        -0.004304603521501071,
        -8.479751701843162e-05
      ],
      [
        8.356407027285832e-05,
        -0.00030497633406435885,
        -9.241551828810183e-06,
        3.329936531751933e-05,
        0.0004500285825749967,
        -0.0016418018572186776,
        -1.5278872895674987e-05,
        5.505317500973527e-05,
        -0.0015185394060646259,
        0.00554207782940272,
        1.5833214599437103e-05,
        -5.7050591379436866e-05,
        -0.002497651930888588,
        0.009111975855745412,
        8.479751701843162e-05,
        -0.00030554430138156357
      ],
      [
        0.0004691318560398896,
        -9.241551828810183e-06,
        -0.0003087204367090908,
        5.857690432681742e-06,
        -0.0007756063194278922,
        1.5278872895674984e-05,
        -0.0016011864845964742,
        3.274349215014432e-05,
        -0.0008037465449207056,
        1.5833214599437103e-05,
        0.005610116250554432,
        -0.00010644687030574346,
        0.004304603521501071,
        -8.479751701843162e-05,
        0.008886561142588388,
        -0.0001817258937752347
      ],
      [
        9.241551828810183e-06,
        3.329936531751933e-05,
        5.857690432681747e-06,
        -2.2189679916057284e-05,
        -1.5278872895674987e-05,
        -5.505317500973527e-05,
        3.274349215014432e-05,
        -0.00011508734555397351,
        -1.5833214599437103e-05,
        -5.7050591379436866e-05,
        -0.00010644687030574346,
        0.00040323434761456645,
        8.479751701843162e-05,
        0.00030554430138156357,
        -0.0001817258937752347,
        0.0006387330537962471
      ],
      [
        0.022842050370612387,
        -0.0004500285825749968,
        0.0007756063194278922,
        1.5278872895674984e-05,
        -0.12609140594906268,
        0.0024832737105013967,
        0.004303861157396692,
        8.478289299267398e-05,
        0.1267730393637983,
        -0.002497651930888588,
        0.004304603521501071,
        8.479751701843162e-05,
        0.707375951120193,
        -0.013931227823467333,
        -0.023884938328048326,
        -0.00047051568262681506
      ],
      [
        -0.0004500285825749967,
        0.0016418018572186776,
        -1.5278872895674987e-05,
        5.505317500973527e-05,
        0.002483273710501397,
        -0.009062982574139875,
        -8.478289299267398e-05,
        0.00030549160776634205,
        -0.002497651930888588,
        0.009111975855745412,
        -8.479751701843162e-05,
        0.00030554430138156357,
        -0.013931227823467333,
        0.05084355963924903,
        0.00047051568262681506,
        -0.0016953725839169464
      ],
      [
        -0.0007756063194278922,
        1.5278872895674984e-05,
        0.0016011864845964742,
        -3.274349215014432e-05,
        0.004303861157396692,
        -8.478289299267398e-05,
        -0.009174246082926869,
        0.00017407300300520143,
        -0.004304603521501071,
        8.479751701843162e-05,
        0.008886561142588388,
        -0.0001817258937752347,
        -0.023884938328048326,
        0.00047051568262681506,
        0.051467750715244856,
        -0.0009765539145062404
      ],
      [
        -1.5278872895674987e-05,
        -5.505317500973527e-05,
        -3.274349215014432e-05,
        0.00011508734555397351,
        8.478289299267398e-05,
        0.00030549160776634205,
        0.0001740730030052015,
        -0.0006594107802559189,
        -8.479751701843162e-05,
        -0.00030554430138156357,
        -0.0001817258937752347,
        0.0006387330537962471,
        -0.00047051568262681506,
        -0.0016953725839169464,
        -0.0009765539145062404,
        0.0036993110224409122
      ]
    ],
    "final_state_imag": [
      [
        0.0,
        0.0,
        0.0,
        0.0,
        0.0,
        0.0,
        0.0,
        0.0,
        0.0,
        0.0,
        0.0,
        0.0,
        0.0,
        0.0,
        0.0,
        0.0
      ],
      [
        0.0,
        0.0,
        0.0,
        0.0,
        0.0,
        0.0,
        0.0,
        0.0,
        0.0,
        0.0,
        0.0,
        0.0,
        0.0,
        0.0,
        0.0,
        0.0
      ],
      [
        0.0,
        0.0,
        0.0,
        0.0,
        0.0,
        0.0,
        0.0,
        0.0,
        0.0,
        0.0,
        0.0,
        0.0,
        0.0,
        0.0,
        0.0,
        0.0
      ],
      [
        0.0,
        0.0,
        0.0,
        0.0,
        0.0,
        0.0,
        0.0,
        0.0,
        0.0,
        0.0,
        0.0,
        0.0,
        0.0,
        0.0,
        0.0,
        0.0
      ],
      [
        0.0,
        0.0,
        0.0,
        0.0,
        0.0,
        0.0,
        0.0,
        0.0,
        0.0,
        0.0,
        0.0,
        0.0,
        0.0,
        0.0,
        0.0,
        0.0
      ],
      [
        0.0,
        0.0,
        0.0,
        0.0,
        0.0,
        0.0,
        0.0,
        0.0,
        0.0,
        0.0,
        0.0,
        0.0,
        0.0,
        0.0,
        0.0,
        0.0
      ],
      [
        0.0,
        0.0,
        0.0,
        0.0,
        0.0,
        0.0,
        0.0,
        0.0,
        0.0,
        0.0,
        0.0,
        0.0,
        0.0,
        0.0,
        0.0,
        0.0
      ],
      [
        0.0,
        0.0,
        0.0,
        0.0,
        0.0,
        0.0,
        0.0,
        0.0,
        0.0,
        0.0,
        0.0,
        0.0,
        0.0,
        0.0,
        0.0,
        0.0
      ],
      [
        0.0,
        0.0,
        0.0,
        0.0,
        0.0,
        0.0,
        0.0,
        0.0,
        0.0,
        0.0,
        0.0,
        0.0,
        0.0,
        0.0,
        0.0,
        0.0
      ],
      [
        0.0,
        0.0,
        0.0,
        0.0,
        0.0,
        0.0,
        0.0,
        0.0,
        0.0,
        0.0,
        0.0,
        0.0,
        0.0,
        0.0,
        0.0,
        0.0
      ],
      [
        0.0,
        0.0,
        0.0,
        0.0,
        0.0,
        0.0,
        0.0,
        0.0,
        0.0,
        0.0,
        0.0,
        0.0,
        0.0,
        0.0,
        0.0,
        0.0
      ],
      [
        0.0,
        0.0,
        0.0,
        0.0,
        0.0,
        0.0,
        0.0,
        0.0,
        0.0,
        0.0,
        0.0,
        0.0,
        0.0,
        0.0,
        0.0,
        0.0
      ],
      [
        0.0,
        0.0,
        0.0,
        0.0,
        0.0,
        0.0,
        0.0,
        0.0,
        0.0,
        0.0,
        0.0,
        0.0,
        0.0,
        0.0,
        0.0,
        0.0
      ],
      [
        0.0,
        0.0,
        0.0,
        0.0,
        0.0,
        0.0,
        0.0,
        0.0,
        0.0,
        0.0,
        0.0,
        0.0,
        0.0,
        0.0,
        0.0,
        0.0
      ],
      [
        0.0,
        0.0,
        0.0,
        0.0,
        0.0,
        0.0,
        0.0,
        0.0,
        0.0,
        0.0,
        0.0,
        0.0,
        0.0,
        0.0,
        0.0,
        0.0
      ],
      [
        0.0,
        0.0,
        0.0,
        0.0,
        0.0,
        0.0,
        0.0,
        0.0,
        0.0,
        0.0,
        0.0,
        0.0,
        0.0,
        0.0,
        0.0,
        0.0
      ]
    ],
    "num_qubits": 4
  }
}