{
  "config": {
    "symbols": [
      "H",
      "H"
    ],
    "geometry": [
      [
        0.0,
        0.0,
        0.0
      ],
      [
        0.0,
        0.0,
        0.7414
      ]
    ],
    "basis": "sto-3g",
    "ansatz": "RY-CZ",
    "optimizer": {
      "name": "Adam",
      "stepsize": 0.2,
      "iterations_planned": 30
    },
    "optimizer_name": "Adam",
    "seed": 4,
    "noisy": true,
    "depolarizing_prob": 0.04,
    "amplitude_damping_prob": 0.0,
    "mapping": "jordan_wigner",
    "molecule": "H2"
  },
  "result": {
    "energy": -0.9691452295064078,
    "energies": [
      0.6241548585325422,
      0.6241548585325422,
      0.5923922727845272,
      0.5303825387248411,
      0.429146947550523,
      0.29845019740552886,
      0.1547922022722168,
      0.020191648783712393,
      -0.08648413561405635,
      -0.1727321286980626,
      -0.26287433797706583,
      -0.3653693918469546,
      -0.4789017424006536,
      -0.5991181523480001,
      -0.7197381497560499,
      -0.8326975979282348,
      -0.928838614254463,
      -0.9995833880161156,
      -1.0393900746753468,
      -1.0480144214687024,
      -1.0311370924537546,
      -0.9985921262957246,
      -0.9611044982470718,
      -0.9274400902320293,
      -0.903141578203437,
      -0.8906731837845937,
      -0.8901918049314168,
      -0.9003390799979364,
      -0.918822833434505,
      -0.9427979736174841,
      -0.9691452295064078
    ],
    "steps": 30,
    "final_state_real": [
      [
        0.0034428038487245034,
        -0.00039120105949819206,
        6.434539848261177e-05,
        7.3229075122051446e-06,
        -0.0015991834293678955,
        0.00018200842361904452,
        0.00018929820967952013,
        2.154331645150576e-05,
        -0.0015777030099550342,
        0.000179272220023966,
        -0.00118089429787278,
        -0.00013439313344760262,
        -0.02894167769883526,
        0.003293949298197504,
        0.0034258782781889643,
        0.0003898863068822221
      ],
      [
        -0.00039120105949819206,
        0.00014137331464519044,
        -7.3229075122051446e-06,
        8.828733935982796e-07,
        0.00018200842361904438,
        -6.566794742580569e-05,
        -2.154331645150576e-05,
        2.5973318484770803e-06,
        0.000179272220023966,
        -6.478588785291132e-05,
        0.00013439313344760262,
        -1.6202870458958106e-05,
        0.003293949298197503,
        -0.0011884443864534967,
        -0.00038988630688222204,
        4.700595307272313e-05
      ],
      [
        6.434539848261178e-05,
        -7.3229075122051446e-06,
        0.0001452956273434484,
        -4.92122640192665e-06,
        -0.00018929820967952018,
        2.154331645150576e-05,
        -2.01173885475258e-05,
        7.681247394131558e-06,
        -0.00118089429787278,
        0.00013439313344760262,
        -6.658333110612458e-05,
        2.2552065258862674e-06,
        -0.0034258782781889634,
        0.00038988630688222204,
        -0.0003640801704122636,
        0.00013901356299936434
      ],
      [
        7.3229075122051446e-06,
        8.828733935982795e-07,
        -4.92122640192665e-06,
        5.966335970202226e-06,
        -2.154331645150576e-05,
        -2.5973318484770803e-06,
        7.681247394131553e-06,
        -8.26088858365425e-07,
        -0.00013439313344760262,
        -1.6202870458958106e-05,
        2.2552065258862674e-06,
        -2.7341395653657214e-06,
        -0.00038988630688222193,
        -4.7005953072723106e-05,
        0.00013901356299936434,
        -1.495037845587301e-05
      ],
      [
        -0.0015991834293678955,
        0.00018200842361904452,
        -0.00018929820967952013,
        -2.154331645150576e-05,
        0.05295725626332837,
        -0.0060174600902710654,
        -0.006250637014557968,
        -0.0007113614621928786,
        0.02894167769883526,
        -0.003293949298197503,
        0.0034258782781889634,
        0.00038988630688222204,
        0.15326113544342096,
        -0.017414851731263975,
        -0.018164532369603578,
        -0.0020672370314251654
      ],
      [
        0.00018200842361904438,
        -6.566794742580569e-05,
        2.154331645150576e-05,
        -2.5973318484770803e-06,
        -0.006017460090271065,
        0.0021746062748347417,
        0.0007113614621928786,
        -8.5764036641798e-05,
        -0.0032939492981975027,
        0.0011884443864534965,
        -0.00038988630688222193,
        4.7005953072723106e-05,
        -0.017414851731263975,
        0.006293427007742293,
        0.0020672370314251654,
        -0.0002492327767713088
      ],
      [
        0.00018929820967952018,
        -2.154331645150576e-05,
        -2.01173885475258e-05,
        7.681247394131558e-06,
        -0.0062506370145579675,
        0.0007113614621928786,
        0.002234939342832068,
        -7.569837235811157e-05,
        -0.003425878278188963,
        0.00038988630688222193,
        0.0003640801704122636,
        -0.0001390135629993643,
        -0.018164532369603578,
        0.0020672370314251654,
        0.006468034137312535,
        -0.00021907514318971407
      ],
      [
        2.154331645150576e-05,
        2.5973318484770803e-06,
        7.681247394131553e-06,
        -8.26088858365425e-07,
        -0.0007113614621928786,
        -8.576403664179797e-05,
        -7.569837235811154e-05,
        9.177426214513235e-05,
        -0.00038988630688222193,
        -4.7005953072723106e-05,
        -0.0001390135629993643,
        1.4950378455873008e-05,
        -0.0020672370314251654,
        -0.0002492327767713088,
        -0.00021907514318971407,
        0.0002655996290839774
      ],
      [
        -0.0015777030099550342,
        0.000179272220023966,
        -0.00118089429787278,
        -0.00013439313344760262,
        0.02894167769883526,
        -0.003293949298197504,
        -0.0034258782781889643,
        -0.0003898863068822221,
        0.05281766269436224,
        -0.006001598265294049,
        0.000987152827265494,
        0.00011234414620076527,
        0.15278705470191817,
        -0.017389206556926745,
        -0.018085677594040638,
        -0.0020582628663417197
      ],
      [
        0.000179272220023966,
        -6.478588785291132e-05,
        0.00013439313344760262,
        -1.6202870458958106e-05,
        -0.003293949298197503,
        0.0011884443864534967,
        0.00038988630688222204,
        -4.700595307272313e-05,
        -0.0060015982652940475,
        0.0021688740849061163,
        -0.00011234414620076535,
        1.3544573305324073e-05,
        -0.017389206556926745,
        0.0062739596291809105,
        0.0020582628663417197,
        -0.0002481508224288939
      ],
      [
        -0.00118089429787278,
        0.00013439313344760262,
        -6.658333110612458e-05,
        2.2552065258862674e-06,
        0.0034258782781889634,
        -0.00038988630688222204,
        0.0003640801704122636,
        -0.00013901356299936434,
        0.0009871528272654949,
        -0.00011234414620076535,
        0.0022290481169396745,
        -7.549883396228061e-05,
        0.018085677594040638,
        -0.0020582628663417192,
        0.0019220287604440021,
        -0.0007338715148205524
      ],
      [
        -0.00013439313344760262,
        -1.6202870458958106e-05,
        2.2552065258862674e-06,
        -2.7341395653657214e-06,
        0.00038988630688222193,
        4.7005953072723106e-05,
        -0.00013901356299936434,
        1.495037845587301e-05,
        0.00011234414620076535,
        1.354457330532409e-05,
        -7.549883396228055e-05,
        9.153234823765257e-05,
        0.0020582628663417192,
        0.00024815082242889396,
        -0.0007338715148205524,
        7.892508218498245e-05
      ],
      [
        -0.02894167769883526,
        0.003293949298197503,
        -0.0034258782781889634,
        -0.00038988630688222204,
        0.15326113544342096,
        -0.017414851731263975,
        -0.018164532369603578,
        -0.0020672370314251654,
        0.15278705470191817,
        -0.017389206556926745,
        0.018085677594040638,
        0.0020582628663417197,
        0.8124420157052068,
        -0.0923166672543582,
        -0.09589394341537373,
        -0.010913328616671472
      ],
      [
        0.0032939492981975027,
        -0.0011884443864534965,
        0.00038988630688222193,
        -4.7005953072723106e-05,
        -0.017414851731263975,
        0.006293427007742293,
        0.0020672370314251654,
        -0.0002492327767713088,
        -0.017389206556926745,
        0.0062739596291809105,
        -0.0020582628663417197,
        0.0002481508224288939,
        -0.09231666725435819,
        0.033361651073969156,
        0.010913328616671472,
        -0.0013157461643746107
      ],
      [
        0.003425878278188963,
        -0.00038988630688222193,
        -0.0003640801704122636,
        0.0001390135629993643,
        -0.018164532369603578,
        0.0020672370314251654,
        0.006468034137312535,
        -0.00021907514318971407,
        -0.018085677594040638,
        0.0020582628663417192,
        0.0019220287604440021,
        -0.0007338715148205524,
        -0.0958939434153737,
        0.01091332861667147,
        0.03428724886426426,
        -0.0011613241048293347
      ],
      [
        0.00038988630688222193,
        4.7005953072723106e-05,
        0.0001390135629993643,
        -1.4950378455873008e-05,
        -0.0020672370314251654,
        -0.0002492327767713088,
        -0.00021907514318971407,
        0.0002655996290839774,
        -0.0020582628663417192,
        -0.00024815082242889396,
        -0.0007338715148205524,
        7.892508218498245e-05,
        -0.01091332861667147,
        -0.0013157461643746099,
        -0.0011613241048293343,
        0.0014079518424499893
      ]
    ],
    "final_state_imag": [
      [
        0.0,
        0.0,
        0.0,
        0.0,
        0.0,
        0.0,
        0.0,
        0.0,
        0.0,
        0.0,
        0.0,
        0.0,
        0.0,
        0.0,
        0.0,
        0.0
      ],
      [
        0.0,
        0.0,
        0.0,
        0.0,
        0.0,
        0.0,
        0.0,
        0.0,
        0.0,
        0.0,
        0.0,
        0.0,
        0.0,
        0.0,
        0.0,
        0.0
      ],
      [
        0.0,
        0.0,
        0.0,
        0.0,
        0.0,
        0.0,
        0.0,
        0.0,
        0.0,
        0.0,
        0.0,
        0.0,
        0.0,
        0.0,
        0.0,
        0.0
      ],
      [
        0.0,
        0.0,
        0.0,
        0.0,
        0.0,
        0.0,
        0.0,
        0.0,
        0.0,
        0.0,
        0.0,
        0.0,
        0.0,
        0.0,
        0.0,
        0.0
      ],
      [
        0.0,
        0.0,
        0.0,
        0.0,
        0.0,
        0.0,
        0.0,
        0.0,
        0.0,
        0.0,
        0.0,
        0.0,
        0.0,
        0.0,
        0.0,
        0.0
      ],
      [
        0.0,
        0.0,
        0.0,
        0.0,
        0.0,
        0.0,
        0.0,
        0.0,
        0.0,
        0.0,
        0.0,
        0.0,
        0.0,
        0.0,
        0.0,
        0.0
      ],
      [
        0.0,
        0.0,
        0.0,
        0.0,
        0.0,
        0.0,
        0.0,
        0.0,
        0.0,
        0.0,
        0.0,
        0.0,
        0.0,
        0.0,
        0.0,
        0.0
      ],
      [
        0.0,
        0.0,
        0.0,
        0.0,
        0.0,
        0.0,
        0.0,
        0.0,
        0.0,
        0.0,
        0.0,
        0.0,
        0.0,
        0.0,
        0.0,
        0.0
      ],
      [
        0.0,
        0.0,
        0.0,
        0.0,
        0.0,
        0.0,
        0.0,
        0.0,
        0.0,
        0.0,
        0.0,
        0.0,
        0.0,
        0.0,
        0.0,
        0.0
      ],
      [
        0.0,
        0.0,
        0.0,
        0.0,
        0.0,
        0.0,
        0.0,
        0.0,
        0.0,
        0.0,
        0.0,
        0.0,
        0.0,
        0.0,
        0.0,
        0.0
      ],
      [
        0.0,
        0.0,
        0.0,
        0.0,
        0.0,
        0.0,
        0.0,
        0.0,
        0.0,
        0.0,
        0.0,
        0.0,
        0.0,
        0.0,
        0.0,
        0.0
      ],
      [
        0.0,
        0.0,
        0.0,
        0.0,
        0.0,
        0.0,
        0.0,
        0.0,
        0.0,
        0.0,
        0.0,
        0.0,
        0.0,
        0.0,
        0.0,
        0.0
      ],
      [
        0.0,
        0.0,
        0.0,
        0.0,
        0.0,
        0.0,
        0.0,
        0.0,
        0.0,
        0.0,
        0.0,
        0.0,
        0.0,
        0.0,
        0.0,
        0.0
      ],
      [
        0.0,
        0.0,
        0.0,
        0.0,
        0.0,
        0.0,
        0.0,
        0.0,
        0.0,
        0.0,
        0.0,
        0.0,
        0.0,
        0.0,
        0.0,
        0.0
      ],
      [
        0.0,
        0.0,
        0.0,
        0.0,
        0.0,
        0.0,
        0.0,
        0.0,
        0.0,
        0.0,
        0.0,
        0.0,
        0.0,
        0.0,
        0.0,
        0.0
      ],
      [
        0.0,
        0.0,
        0.0,
        0.0,
        0.0,
        0.0,
        0.0,
        0.0,
        0.0,
        0.0,
        0.0,
        0.0,
        0.0,
        0.0,
        0.0,
        0.0
      ]
    ],
    "num_qubits": 4
  }
}