{
  "config": {
    "symbols": [
      "H",
      "H"
    ],
    "geometry": [
      [
        0.0,
        0.0,
        0.0
      ],
      [
        0.0,
        0.0,
        0.7414
      ]
    ],
    "basis": "sto-3g",
    "ansatz": "RY-CZ",
    "optimizer": {
      "name": "Adam",
      "stepsize": 0.2,
      "iterations_planned": 30
    },
    "optimizer_name": "Adam",
    "seed": 1,
    "noisy": true,
    "depolarizing_prob": 0.02,
    "amplitude_damping_prob": 0.0,
    "mapping": "jordan_wigner",
    "molecule": "H2"
  },
  "result": {
    "energy": -0.9961844211895856,
    "energies": [
      0.6682084864538421,
      0.6682084864538421,
      0.6326112579632395,
      0.5635097991018743,
      0.453006648164905,
      0.31175631852807917,
      0.15758561112440456,
      0.014195826189755258,
      -0.09776148445290707,
      -0.1851504781731008,
      -0.2746412187142382,
      -0.3766590446014448,
      -0.4905341259185302,
      -0.6120927410660945,
      -0.7350332690476444,
      -0.8511278921419936,
      -0.9509396883863318,
      -1.0255192657245467,
      -1.0688918597481196,
      -1.0803762012204106,
      -1.065302818019987,
      -1.0333451623875505,
      -0.995317100088002,
      -0.9602913778063241,
      -0.9342233880964499,
      -0.9199710439665015,
      -0.9179892233208448,
      -0.9271044416053438,
      -0.9451140850459941,
      -0.9691923020770981,
      -0.9961844211895856
    ],
    "steps": 30,
    "final_state_real": [
      [
        0.0021460918676287945,
        0.0002870115152830787,
        0.00012500068675130164,
        -1.6732872942672105e-05,
        0.0037075172517700454,
        0.0004962680888765464,
        -0.00046651790430642657,
        6.244913544972828e-05,
        -0.00374519340108276,
        -0.0005008702792675023,
        -0.0010171810799690431,
        0.00013616214609024743,
        0.030400109364723163,
        0.0040691932502448964,
        -0.003825254030779211,
        0.0005120571041167205
      ],
      [
        0.0002870115152830787,
        6.848140040161494e-05,
        1.6732872942672102e-05,
        -6.114963038438196e-07,
        0.0004962680888765464,
        0.00011830619986221177,
        -6.24491354497283e-05,
        2.2821792549661684e-06,
        -0.0005008702792675023,
        -0.00011950843892084335,
        -0.00013616214609024743,
        4.975992427773257e-06,
        0.0040691932502448964,
        0.0009700619498450021,
        -0.0005120571041167205,
        1.8712926799666546e-05
      ],
      [
        0.0001250006867513017,
        1.6732872942672102e-05,
        6.392350628610664e-05,
        -7.939141793093403e-07,
        0.00046651790430642657,
        6.244913544972828e-05,
        -1.0255513662269321e-05,
        1.4781844513461966e-05,
        -0.0010171810799690431,
        -0.00013616214609024743,
        -0.00011155435493137453,
        1.3854775698211976e-06,
        0.003825254030779211,
        0.0005120571041167205,
        -8.40909740273102e-05,
        0.00012120501653958282
      ],
      [
        -1.6732872942672105e-05,
        -6.114963038438196e-07,
        -7.939141793093403e-07,
        2.0397874364487357e-06,
        -6.244913544972828e-05,
        -2.2821792549661646e-06,
        1.4781844513461966e-05,
        -3.272515720429423e-07,
        0.00013616214609024743,
        4.975992427773257e-06,
        1.3854775698211976e-06,
        -3.5596791366811594e-06,
        -0.0005120571041167205,
        -1.8712926799666546e-05,
        0.00012120501653958282,
        -2.6833276568392e-06
      ],
      [
        0.0037075172517700454,
        0.0004962680888765464,
        0.00046651790430642657,
        -6.244913544972828e-05,
        0.042654376576104665,
        0.005704460950261791,
        -0.005359514064663394,
        0.0007174366014236544,
        -0.030400109364723163,
        -0.0040691932502448964,
        -0.003825254030779211,
        0.0005120571041167205,
        0.1605784514442162,
        0.02147525246518781,
        -0.02021685347469617,
        0.0027062734556471337
      ],
      [
        0.0004962680888765464,
        0.00011830619986221177,
        6.24491354497283e-05,
        -2.2821792549661684e-06,
        0.005704460950261791,
        0.0013610933833959867,
        -0.0007174366014236544,
        2.621844028314109e-05,
        -0.0040691932502448964,
        -0.0009700619498450021,
        -0.0005120571041167205,
        1.8712926799666546e-05,
        0.021475252465187805,
        0.005124029122468451,
        -0.0027062734556471337,
        9.889970604501541e-05
      ],
      [
        -0.00046651790430642657,
        -6.244913544972828e-05,
        -1.0255513662269321e-05,
        1.4781844513461966e-05,
        -0.005359514064663394,
        -0.0007174366014236544,
        0.0012705035372997389,
        -1.5779340523192857e-05,
        0.003825254030779211,
        0.0005120571041167205,
        8.40909740273102e-05,
        -0.00012120501653958282,
        -0.020216853474696168,
        -0.0027062734556471332,
        0.0047829907960319894,
        -5.9403565810049624e-05
      ],
      [
        6.244913544972828e-05,
        2.2821792549661646e-06,
        1.4781844513461966e-05,
        -3.272515720429423e-07,
        0.0007174366014236544,
        2.621844028314109e-05,
        -1.5779340523192857e-05,
        4.054153634421243e-05,
        -0.0005120571041167205,
        -1.8712926799666546e-05,
        -0.00012120501653958282,
        2.6833276568392e-06,
        0.0027062734556471332,
        9.889970604501541e-05,
        -5.940356581004968e-05,
        0.00015262436467000328
      ],
      [
        -0.00374519340108276,
        -0.0005008702792675023,
        -0.0010171810799690431,
        0.00013616214609024743,
        -0.030400109364723163,
        -0.0040691932502448964,
        0.003825254030779211,
        -0.0005120571041167205,
        0.04293319356871512,
        0.005741749049966587,
        0.0025006751861212594,
        -0.0003347460021840578,
        -0.16122623891345156,
        -0.0215808672027441,
        0.02028714149912627,
        -0.00271568236861191
      ],
      [
        -0.0005008702792675023,
        -0.00011950843892084335,
        -0.00013616214609024743,
        4.975992427773257e-06,
        -0.0040691932502448964,
        -0.0009700619498450021,
        0.0005120571041167205,
        -1.8712926799666546e-05,
        0.005741749049966587,
        0.0013699903828197932,
        0.0003347460021840579,
        -1.2233161858298186e-05,
        -0.021580867202744103,
        -0.005144699902561788,
        0.0027156823686119097,
        -9.9243551093075e-05
      ],
      [
        -0.0010171810799690431,
        -0.00013616214609024743,
        -0.00011155435493137453,
        1.3854775698211976e-06,
        -0.003825254030779211,
        -0.0005120571041167205,
        8.40909740273102e-05,
        -0.00012120501653958282,
        0.0025006751861212594,
        0.0003347460021840578,
        0.0012788083820496983,
        -1.5882484646333504e-05,
        -0.020287141499126273,
        -0.0027156823686119106,
        0.0004459744307605866,
        -0.0006428078504479282
      ],
      [
        0.00013616214609024743,
        4.975992427773257e-06,
        1.3854775698211976e-06,
        -3.5596791366811594e-06,
        0.0005120571041167205,
        1.8712926799666546e-05,
        -0.00012120501653958282,
        2.6833276568392e-06,
        -0.0003347460021840579,
        -1.2233161858298186e-05,
        -1.588248464633349e-05,
        4.080654242674496e-05,
        0.0027156823686119106,
        9.924355109307505e-05,
        -0.0006428078504479285,
        1.4230962813135554e-05
      ],
      [
        0.030400109364723163,
        0.0040691932502448964,
        0.003825254030779211,
        -0.0005120571041167205,
        0.1605784514442162,
        0.02147525246518781,
        -0.02021685347469617,
        0.0027062734556471337,
        -0.16122623891345156,
        -0.0215808672027441,
        -0.02028714149912627,
        0.00271568236861191,
        0.8533132405548647,
        0.1141194046149415,
        -0.10721864158903975,
        0.014352528401421915
      ],
      [
        0.0040691932502448964,
        0.0009700619498450021,
        0.0005120571041167205,
        -1.8712926799666546e-05,
        0.021475252465187805,
        0.005124029122468451,
        -0.0027062734556471337,
        9.889970604501541e-05,
        -0.021580867202744103,
        -0.005144699902561788,
        -0.0027156823686119097,
        9.9243551093075e-05,
        0.1141194046149415,
        0.027229070002023237,
        -0.014352528401421913,
        0.0005245075426289227
      ],
      [
        -0.003825254030779211,
        -0.0005120571041167205,
        -8.40909740273102e-05,
        0.00012120501653958282,
        -0.020216853474696168,
        -0.0027062734556471332,
        0.0047829907960319894,
        -5.9403565810049624e-05,
        0.020287141499126273,
        0.0027156823686119106,
        0.0004459744307605866,
        -0.0006428078504479282,
        -0.10721864158903975,
        -0.014352528401421915,
        0.025416793716708578,
        -0.0003156703081016883
      ],
      [
        0.0005120571041167205,
        1.8712926799666546e-05,
        0.00012120501653958282,
        -2.6833276568392e-06,
        0.0027062734556471332,
        9.889970604501541e-05,
        -5.940356581004968e-05,
        0.00015262436467000328,
        -0.0027156823686119106,
        -9.924355109307505e-05,
        -0.0006428078504479285,
        1.4230962813135554e-05,
        0.014352528401421913,
        0.0005245075426289227,
        -0.0003156703081016883,
        0.0008110452556545613
      ]
    ],
    "final_state_imag": [
      [
        0.0,
        0.0,
        0.0,
        0.0,
        0.0,
        0.0,
        0.0,
        0.0,
        0.0,
        0.0,
        0.0,
        0.0,
        0.0,
        0.0,
        0.0,
        0.0
      ],
      [
        0.0,
        0.0,
        0.0,
        0.0,
        0.0,
        0.0,
        0.0,
        0.0,
        0.0,
        0.0,
        0.0,
        0.0,
        0.0,
        0.0,
        0.0,
        0.0
      ],
      [
        0.0,
        0.0,
        0.0,
        0.0,
        0.0,
        0.0,
        0.0,
        0.0,
        0.0,
        0.0,
        0.0,
        0.0,
        0.0,
        0.0,
        0.0,
        0.0
      ],
      [
        0.0,
        0.0,
        0.0,
        0.0,
        0.0,
        0.0,
        0.0,
        0.0,
        0.0,
        0.0,
        0.0,
        0.0,
        0.0,
        0.0,
        0.0,
        0.0
      ],
      [
        0.0,
        0.0,
        0.0,
        0.0,
        0.0,
        0.0,
        0.0,
        0.0,
        0.0,
        0.0,
        0.0,
        0.0,
        0.0,
        0.0,
        0.0,
        0.0
      ],
      [
        0.0,
        0.0,
        0.0,
        0.0,
        0.0,
        0.0,
        0.0,
        0.0,
        0.0,
        0.0,
        0.0,
        0.0,
        0.0,
        0.0,
        0.0,
        0.0
      ],
      [
        0.0,
        0.0,
        0.0,
        0.0,
        0.0,
        0.0,
        0.0,
        0.0,
        0.0,
        0.0,
        0.0,
        0.0,
        0.0,
        0.0,
        0.0,
        0.0
      ],
      [
        0.0,
        0.0,
        0.0,
        0.0,
        0.0,
        0.0,
        0.0,
        0.0,
        0.0,
        0.0,
        0.0,
        0.0,
        0.0,
        0.0,
        0.0,
        0.0
      ],
      [
        0.0,
        0.0,
        0.0,
        0.0,
        0.0,
        0.0,
        0.0,
        0.0,
        0.0,
        0.0,
        0.0,
        0.0,
        0.0,
        0.0,
        0.0,
        0.0
      ],
      [
        0.0,
        0.0,
        0.0,
        0.0,
        0.0,
        0.0,
        0.0,
        0.0,
        0.0,
        0.0,
        0.0,
        0.0,
        0.0,
        0.0,
        0.0,
        0.0
      ],
      [
        0.0,
        0.0,
        0.0,
        0.0,
        0.0,
        0.0,
        0.0,
        0.0,
        0.0,
        0.0,
        0.0,
        0.0,
        0.0,
        0.0,
        0.0,
        0.0
      ],
      [
        0.0,
        0.0,
        0.0,
        0.0,
        0.0,
        0.0,
        0.0,
        0.0,
        0.0,
        0.0,
        0.0,
        0.0,
        0.0,
        0.0,
        0.0,
        0.0
      ],
      [
        0.0,
        0.0,
        0.0,
        0.0,
        0.0,
        0.0,
        0.0,
        0.0,
        0.0,
        0.0,
        0.0,
        0.0,
        0.0,
        0.0,
        0.0,
        0.0
      ],
      [
        0.0,
        0.0,
        0.0,
        0.0,
        0.0,
        0.0,
        0.0,
        0.0,
        0.0,
        0.0,
        0.0,
        0.0,
        0.0,
        0.0,
        0.0,
        0.0
      ],
      [
        0.0,
        0.0,
        0.0,
        0.0,
        0.0,
        0.0,
        0.0,
        0.0,
        0.0,
        0.0,
        0.0,
        0.0,
        0.0,
        0.0,
        0.0,
        0.0
      ],
      [
        0.0,
        0.0,
        0.0,
        0.0,
        0.0,
        0.0,
        0.0,
        0.0,
        0.0,
        0.0,
        0.0,
        0.0,
        0.0,
        0.0,
        0.0,
        0.0
      ]
    ],
    "num_qubits": 4
  }
}