{
  "config": {
    "symbols": [
      "H",
      "H"
    ],
    "geometry": [
      [
        0.0,
        0.0,
        0.0
      ],
      [
        0.0,
        0.0,
        0.7414
      ]
    ],
    "basis": "sto-3g",
    "ansatz": "RY-CZ",
    "optimizer": {
      "name": "Adam",
      "stepsize": 0.2,
      "iterations_planned": 30
    },
    "optimizer_name": "Adam",
    "seed": 6,
    "noisy": true,
    "depolarizing_prob": 0.0,
    "amplitude_damping_prob": 0.1,
    "mapping": "jordan_wigner",
    "molecule": "H2"
  },
  "result": {
    "energy": -0.9094420040618794,
    "energies": [
      0.7137271134310419,
      0.7137271134310419,
      0.6814744456249814,
      0.6190282926771147,
      0.5186207284296963,
      0.3909920057783419,
      0.2522548281523338,
      0.1213619759444543,
      0.01302050602334352,
      -0.0769634630922541,
      -0.1691913491803807,
      -0.2753391510000844,
      -0.39561344954848443,
      -0.5244298258071086,
      -0.6529218859648289,
      -0.7706933734161874,
      -0.867859517155877,
      -0.9371221367706333,
      -0.9753115628213418,
      -0.9839825024376607,
      -0.9689378304406787,
      -0.9387847948430571,
      -0.9028980144357943,
      -0.8694699071835252,
      -0.8443026128162018,
      -0.8305225843930983,
      -0.8289254708355648,
      -0.8385450409648652,
      -0.8571967119752166,
      -0.8819327016795745,
      -0.9094420040618794
    ],
    "steps": 30,
    "final_state_real": [
      [
        0.014815739810486726,
        0.0023722882961640193,
        0.0012266154092552138,
        -0.0001985328894204048,
        0.010347686711677734,
        0.0016734777916874036,
        0.0015452009502511014,
        -0.00025009730602909623,
        -0.010229490078361273,
        -0.0016379404538034456,
        -0.0027278453415135197,
        0.00044151330030290666,
        0.022753382326328297,
        0.0036797867069082698,
        0.0033977205699889817,
        -0.0005499354378832086
      ],
      [
        0.0023722882961640193,
        0.00038476818229252365,
        0.0001985328894204048,
        -3.2040395602701e-05,
        0.0016734777916874034,
        0.00026873181210746073,
        0.00025009730602909623,
        -4.0362161895370276e-05,
        -0.0016379404538034456,
        -0.0002656622182609165,
        -0.00044151330030290666,
        7.125399145127907e-05,
        0.0036797867069082698,
        0.0005909105904054454,
        0.0005499354378832086,
        -8.875178836696893e-05
      ],
      [
        0.0012266154092552138,
        0.0001985328894204048,
        0.00033172885675370394,
        -5.338185420349431e-05,
        -0.001545200950251101,
        -0.0002500973060290961,
        -0.00023284636369003318,
        3.7469669536599275e-05,
        -0.0027278453415135197,
        -0.00044151330030290666,
        -0.0002290413500962166,
        3.685736621485889e-05,
        -0.0033977205699889817,
        -0.0005499354378832086,
        -0.0005120025841481634,
        8.239152772621856e-05
      ],
      [
        -0.0001985328894204048,
        -3.2040395602701e-05,
        -5.338185420349431e-05,
        8.615074971602548e-06,
        0.0002500973060290961,
        4.036216189537026e-05,
        3.7469669536599275e-05,
        -6.04707380505049e-06,
        0.00044151330030290655,
        7.125399145127906e-05,
        3.685736621485889e-05,
        -5.948256723836974e-06,
        0.0005499354378832086,
        8.875178836696893e-05,
        8.239152772621856e-05,
        -1.3296825278500345e-05
      ],
      [
        0.010347686711677734,
        0.0016734777916874036,
        -0.0015452009502511014,
        0.00025009730602909623,
        0.10381969111006364,
        0.01662355314565129,
        0.015426064696714474,
        -0.002496773783792906,
        -0.0227533823263283,
        -0.00367978670690827,
        0.003397720569988982,
        -0.0005499354378832087,
        -0.12864731241148727,
        -0.02059893852554781,
        -0.019115080608496184,
        0.0030938566041763317
      ],
      [
        0.0016734777916874034,
        0.00026873181210746073,
        -0.00025009730602909623,
        4.0362161895370276e-05,
        0.01662355314565129,
        0.0026962213393026744,
        0.002496773783792906,
        -0.0004029439152209074,
        -0.00367978670690827,
        -0.0005909105904054455,
        0.0005499354378832087,
        -8.875178836696895e-05,
        -0.02059893852554781,
        -0.0033410003946175017,
        -0.0030938566041763317,
        0.000499304623154548
      ],
      [
        0.001545200950251101,
        0.0002500973060290961,
        -0.00023284636369003318,
        3.7469669536599275e-05,
        0.015426064696714474,
        0.002496773783792906,
        0.0023245540135692134,
        -0.0003740675582306386,
        -0.003397720569988982,
        -0.0005499354378832087,
        0.0005120025841481636,
        -8.239152772621858e-05,
        -0.019115080608496184,
        -0.003093856604176331,
        -0.0028804518988982757,
        0.0004635227239857819
      ],
      [
        -0.0002500973060290961,
        -4.036216189537026e-05,
        3.7469669536599275e-05,
        -6.04707380505049e-06,
        -0.002496773783792906,
        -0.0004029439152209074,
        -0.0003740675582306386,
        6.0369204230270124e-05,
        0.0005499354378832087,
        8.875178836696895e-05,
        -8.239152772621858e-05,
        1.3296825278500347e-05,
        0.003093856604176331,
        0.000499304623154548,
        0.0004635227239857819,
        -7.480600061130041e-05
      ],
      [
        -0.010229490078361273,
        -0.0016379404538034456,
        -0.0027278453415135197,
        0.00044151330030290666,
        -0.022753382326328297,
        -0.0036797867069082698,
        -0.0033977205699889817,
        0.0005499354378832086,
        0.10424194975655053,
        0.016691164973196067,
        0.008630333921745083,
        -0.001396856029378715,
        0.129194540743032,
        0.020893964106656157,
        0.01929238221892593,
        -0.003122553619354774
      ],
      [
        -0.0016379404538034456,
        -0.0002656622182609165,
        -0.00044151330030290666,
        7.125399145127907e-05,
        -0.0036797867069082698,
        -0.0005909105904054454,
        -0.0005499354378832086,
        8.875178836696893e-05,
        0.016691164973196067,
        0.0027071874938075654,
        0.0013968560293787144,
        -0.00022543277293738038,
        0.020893964106656154,
        0.0033552120406858546,
        0.003122553619354774,
        -0.0005039359148343212
      ],
      [
        -0.0027278453415135197,
        -0.00044151330030290666,
        -0.0002290413500962166,
        3.685736621485889e-05,
        0.0033977205699889817,
        0.0005499354378832086,
        0.0005120025841481634,
        -8.239152772621856e-05,
        0.008630333921745083,
        0.001396856029378715,
        0.002334008511275384,
        -0.0003755889773289257,
        -0.019292382218925926,
        -0.0031225536193547733,
        -0.002907169482302714,
        0.00046782212125836946
      ],
      [
        0.00044151330030290655,
        7.125399145127906e-05,
        3.685736621485889e-05,
        -5.948256723836974e-06,
        -0.0005499354378832086,
        -8.875178836696893e-05,
        -8.239152772621856e-05,
        1.3296825278500345e-05,
        -0.0013968560293787144,
        -0.00022543277293738038,
        -0.0003755889773289257,
        6.061473971776005e-05,
        0.0031225536193547733,
        0.0005039359148343211,
        0.00046782212125836946,
        -7.549986241862634e-05
      ],
      [
        0.0227533823263283,
        0.00367978670690827,
        -0.003397720569988982,
        0.0005499354378832087,
        -0.12864731241148727,
        -0.02059893852554781,
        -0.019115080608496184,
        0.0030938566041763317,
        0.129194540743032,
        0.020893964106656157,
        -0.01929238221892593,
        0.003122553619354774,
        0.730464166006457,
        0.11696152969410178,
        0.10853612992839001,
        -0.017567031457949345
      ],
      [
        0.00367978670690827,
        0.0005909105904054455,
        -0.0005499354378832087,
        8.875178836696895e-05,
        -0.02059893852554781,
        -0.0033410003946175017,
        -0.0030938566041763317,
        0.000499304623154548,
        0.020893964106656154,
        0.0033552120406858546,
        -0.003122553619354774,
        0.0005039359148343212,
        0.11696152969410178,
        0.018970322979429768,
        0.017567031457949342,
        -0.0028350699932942255
      ],
      [
        0.003397720569988982,
        0.0005499354378832087,
        -0.0005120025841481636,
        8.239152772621858e-05,
        -0.019115080608496184,
        -0.003093856604176331,
        -0.0028804518988982757,
        0.0004635227239857819,
        0.019292382218925926,
        0.0031225536193547733,
        -0.002907169482302714,
        0.00046782212125836946,
        0.10853612992839001,
        0.017567031457949345,
        0.016355311701502492,
        -0.0026318990552894137
      ],
      [
        -0.0005499354378832087,
        -8.875178836696895e-05,
        8.239152772621858e-05,
        -1.3296825278500347e-05,
        0.003093856604176331,
        0.000499304623154548,
        0.0004635227239857819,
        -7.480600061130041e-05,
        -0.0031225536193547733,
        -0.0005039359148343211,
        0.00046782212125836946,
        -7.549986241862634e-05,
        -0.017567031457949342,
        -0.0028350699932942255,
        -0.0026318990552894137,
        0.00042475121962930987
      ]
    ],
    "final_state_imag": [
      [
        0.0,
        0.0,
        0.0,
        0.0,
        0.0,
        0.0,
        0.0,
        0.0,
        0.0,
        0.0,
        0.0,
        0.0,
        0.0,
        0.0,
        0.0,
        0.0
      ],
      [
        0.0,
        0.0,
        0.0,
        0.0,
        0.0,
        0.0,
        0.0,
        0.0,
        0.0,
        0.0,
        0.0,
        0.0,
        0.0,
        0.0,
        0.0,
        0.0
      ],
      [
        0.0,
        0.0,
        0.0,
        0.0,
        0.0,
        0.0,
        0.0,
        0.0,
        0.0,
        0.0,
        0.0,
        0.0,
        0.0,
        0.0,
        0.0,
        0.0
      ],
      [
        0.0,
        0.0,
        0.0,
        0.0,
        0.0,
        0.0,
        0.0,
        0.0,
        0.0,
        0.0,
        0.0,
        0.0,
        0.0,
        0.0,
        0.0,
        0.0
      ],
      [
        0.0,
        0.0,
        0.0,
        0.0,
        0.0,
        0.0,
        0.0,
        0.0,
        0.0,
        0.0,
        0.0,
        0.0,
        0.0,
        0.0,
        0.0,
        0.0
      ],
      [
        0.0,
        0.0,
        0.0,
        0.0,
        0.0,
        0.0,
        0.0,
        0.0,
        0.0,
        0.0,
        0.0,
        0.0,
        0.0,
        0.0,
        0.0,
        0.0
      ],
      [
        0.0,
        0.0,
        0.0,
        0.0,
        0.0,
        0.0,
        0.0,
        0.0,
        0.0,
        0.0,
        0.0,
        0.0,
        0.0,
        0.0,
        0.0,
        0.0
      ],
      [
        0.0,
        0.0,
        0.0,
        0.0,
        0.0,
        0.0,
        0.0,
        0.0,
        0.0,
        0.0,
        0.0,
        0.0,
        0.0,
        0.0,
        0.0,
        0.0
      ],
      [
        0.0,
        0.0,
        0.0,
        0.0,
        0.0,
        0.0,
        0.0,
        0.0,
        0.0,
        0.0,
        0.0,
        0.0,
        0.0,
        0.0,
        0.0,
        0.0
      ],
      [
        0.0,
        0.0,
        0.0,
        0.0,
        0.0,
        0.0,
        0.0,
        0.0,
        0.0,
        0.0,
        0.0,
        0.0,
        0.0,
        0.0,
        0.0,
        0.0
      ],
      [
        0.0,
        0.0,
        0.0,
        0.0,
        0.0,
        0.0,
        0.0,
        0.0,
        0.0,
        0.0,
        0.0,
        0.0,
        0.0,
        0.0,
        0.0,
        0.0
      ],
      [
        0.0,
        0.0,
        0.0,
        0.0,
        0.0,
        0.0,
        0.0,
        0.0,
        0.0,
        0.0,
        0.0,
        0.0,
        0.0,
        0.0,
        0.0,
        0.0
      ],
      [
        0.0,
        0.0,
        0.0,
        0.0,
        0.0,
        0.0,
        0.0,
        0.0,
        0.0,
        0.0,
        0.0,
        0.0,
        0.0,
        0.0,
        0.0,
        0.0
      ],
      [
        0.0,
        0.0,
        0.0,
        0.0,
        0.0,
        0.0,
        0.0,
        0.0,
        0.0,
        0.0,
        0.0,
        0.0,
        0.0,
        0.0,
        0.0,
        0.0
      ],
      [
        0.0,
        0.0,
        0.0,
        0.0,
        0.0,
        0.0,
        0.0,
        0.0,
        0.0,
        0.0,
        0.0,
        0.0,
        0.0,
        0.0,
        0.0,
        0.0
      ],
      [
        0.0,
        0.0,
        0.0,
        0.0,
        0.0,
        0.0,
        0.0,
        0.0,
        0.0,
        0.0,
        0.0,
        0.0,
        0.0,
        0.0,
        0.0,
        0.0
      ]
    ],
    "num_qubits": 4
  }
}