{
  "config": {
    "symbols": [
      "H",
      "H"
    ],
    "geometry": [
      [
        0.0,
        0.0,
        0.0
      ],
      [
        0.0,
        0.0,
        0.7414
      ]
    ],
    "basis": "sto-3g",
    "ansatz": "RY-CZ",
    "optimizer": {
      "name": "Adam",
      "stepsize": 0.2,
      "iterations_planned": 30
    },
    "optimizer_name": "Adam",
    "seed": 8,
    "noisy": true,
    "depolarizing_prob": 0.08,
    "amplitude_damping_prob": 0.0,
    "mapping": "jordan_wigner",
    "molecule": "H2"
  },
  "result": {
    "energy": -0.9346118736904692,
    "energies": [
      0.5397305997672088,
      0.5397305997672088,
      0.5105265138716816,
      0.4544927680202708,
      0.3662319715308671,
      0.25656092595564794,
      0.14145654263110002,
      0.037902531217204535,
      -0.05160568182950313,
      -0.14663001996555858,
      -0.2579481460566291,
      -0.3840522564376351,
      -0.5184278895212148,
      -0.6517895998746126,
      -0.7734726612252273,
      -0.8732175789875308,
      -0.943173017233063,
      -0.9796819317215074,
      -0.9844371306361734,
      -0.9645005651074348,
      -0.9305944353760233,
      -0.8938786209389269,
      -0.862919203783956,
      -0.8424945988819766,
      -0.8341080569131473,
      -0.8370677614611889,
      -0.8493798112666805,
      -0.8683199805229979,
      -0.8908202556946255,
      -0.91381527118126,
      -0.9346118736904692
    ],
    "steps": 30,
    "final_state_real": [
      [
        0.006373855607258349,
        -2.1372407848208563e-05,
        -9.00873543438559e-06,
        -3.020772039625357e-08,
        0.0027418516431640975,
        -9.193898901702463e-06,
        -1.7620971157288957e-05,
        -5.908591430026128e-08,
        0.0027171167749022165,
        -9.110863418099625e-06,
        -7.939879815948917e-05,
        -2.662367778551598e-07,
        -0.023957872573699582,
        8.033485651626173e-05,
        0.0001539693012434439,
        5.162835156436918e-07
      ],
      [
        -2.1372407848208563e-05,
        0.0003591706792106077,
        3.020772039625356e-08,
        -5.074210049857469e-07,
        -9.193898901702463e-06,
        0.0001545050245331128,
        5.908591430026128e-08,
        -9.925089884789398e-07,
        -9.110863418099625e-06,
        0.00015311119951083149,
        2.662367778551598e-07,
        -4.4721723986887405e-06,
        8.033485651626172e-05,
        -0.0013500408379094441,
        -5.162835156436918e-07,
        8.67238894325793e-06
      ],
      [
        -9.00873543438559e-06,
        3.020772039625357e-08,
        0.00035938514192283486,
        -1.203091190611268e-06,
        1.7620971157288957e-05,
        -5.908591430026128e-08,
        0.00015434374925285977,
        -5.183912007435293e-07,
        -7.939879815948917e-05,
        2.662367778551598e-07,
        0.00015320262301787163,
        -5.128668512704287e-07,
        -0.0001539693012434439,
        5.162835156436918e-07,
        -0.0013486316396316223,
        4.529621564939392e-06
      ],
      [
        -3.020772039625356e-08,
        -5.074210049857469e-07,
        -1.203091190611268e-06,
        2.0251573533550438e-05,
        5.908591430026128e-08,
        9.925089884789398e-07,
        -5.183912007435295e-07,
        8.697365090594909e-06,
        -2.662367778551598e-07,
        -4.4721723986887405e-06,
        -5.128668512704287e-07,
        8.633061926208975e-06,
        -5.162835156436918e-07,
        -8.67238894325793e-06,
        4.529621564939392e-06,
        -7.599622141734718e-05
      ],
      [
        0.002741851643164099,
        -9.193898901702463e-06,
        1.7620971157288963e-05,
        5.908591430026133e-08,
        0.0691488346191055,
        -0.00023186548092254955,
        -0.0004425940951953843,
        -1.4840882801001972e-06,
        0.023957872573699582,
        -8.033485651626173e-05,
        0.0001539693012434439,
        5.162835156436918e-07,
        0.1334904159731343,
        -0.00044761158548303515,
        -0.0008613835488576229,
        -2.8883558172333367e-06
      ],
      [
        -9.193898901702463e-06,
        0.00015450502453311289,
        -5.908591430026133e-08,
        9.9250898847894e-07,
        -0.00023186548092254955,
        0.003896579311976156,
        1.4840882801001972e-06,
        -2.4929308027804904e-05,
        -8.033485651626172e-05,
        0.0013500408379094441,
        -5.162835156436918e-07,
        8.67238894325793e-06,
        -0.00044761158548303515,
        0.007522266949156798,
        2.8883558172333367e-06,
        -4.851780910017745e-05
      ],
      [
        -1.7620971157288963e-05,
        5.908591430026133e-08,
        0.00015434374925285985,
        -5.183912007435295e-07,
        -0.0004425940951953843,
        1.4840882801001972e-06,
        0.003898905980092527,
        -1.3052124004275277e-05,
        -0.0001539693012434439,
        5.162835156436918e-07,
        0.0013486316396316223,
        -4.529621564939392e-06,
        -0.0008613835488576228,
        2.8883558172333363e-06,
        0.0075267585345377575,
        -2.5196859386871596e-05
      ],
      [
        -5.908591430026133e-08,
        -9.9250898847894e-07,
        -5.183912007435296e-07,
        8.697365090594914e-06,
        -1.4840882801001972e-06,
        -2.4929308027804904e-05,
        -1.3052124004275277e-05,
        0.000219705747248719,
        -5.162835156436918e-07,
        -8.67238894325793e-06,
        -4.529621564939392e-06,
        7.599622141734718e-05,
        -2.8883558172333363e-06,
        -4.851780910017744e-05,
        -2.5196859386871596e-05,
        0.0004241374674420969
      ],
      [
        0.0027171167749022165,
        -9.110863418099625e-06,
        -7.939879815948917e-05,
        -2.662367778551598e-07,
        0.023957872573699582,
        -8.033485651626173e-05,
        -0.0001539693012434439,
        -5.162835156436918e-07,
        0.06925625882387779,
        -0.00023222568894397833,
        -9.788601301371754e-05,
        -3.282273448209091e-07,
        0.133758425228673,
        -0.0004485149449531133,
        -0.0008596210370736593,
        -2.8824458353548764e-06
      ],
      [
        -9.110863418099625e-06,
        0.00015311119951083149,
        2.662367778551598e-07,
        -4.4721723986887405e-06,
        -8.033485651626172e-05,
        0.0013500408379094441,
        5.162835156436918e-07,
        -8.67238894325793e-06,
        -0.00023222568894397833,
        0.003902632731910519,
        3.2822734482090857e-07,
        -5.513472946256634e-06,
        -0.0004485149449531133,
        0.007537369435356352,
        2.8824458353548764e-06,
        -4.841853484495797e-05
      ],
      [
        -7.939879815948917e-05,
        2.662367778551598e-07,
        0.00015320262301787163,
        -5.128668512704287e-07,
        0.0001539693012434439,
        -5.162835156436918e-07,
        0.0013486316396316223,
        -4.529621564939392e-06,
        -9.788601301371754e-05,
        3.282273448209091e-07,
        0.0039049630145559476,
        -1.3072400760195635e-05,
        0.0008596210370736593,
        -2.8824458353548764e-06,
        0.007529501785927275,
        -2.5289183985110883e-05
      ],
      [
        -2.662367778551598e-07,
        -4.4721723986887405e-06,
        -5.128668512704287e-07,
        8.633061926208975e-06,
        5.162835156436918e-07,
        8.67238894325793e-06,
        -4.529621564939392e-06,
        7.599622141734718e-05,
        -3.282273448209088e-07,
        -5.513472946256634e-06,
        -1.3072400760195635e-05,
        0.0002200470648618371,
        2.8824458353548764e-06,
        4.841853484495797e-05,
        -2.5289183985110883e-05,
        0.00042429205134319694
      ],
      [
        -0.023957872573699582,
        8.033485651626173e-05,
        -0.0001539693012434439,
        -5.162835156436918e-07,
        0.1334904159731343,
        -0.00044761158548303515,
        -0.0008613835488576229,
        -2.8883558172333367e-06,
        0.13375842522867304,
        -0.0004485149449531133,
        0.0008596210370736595,
        2.8824458353548772e-06,
        0.7513489295704687,
        -0.0025193755159449304,
        -0.004809084657623171,
        -1.6125624484975398e-05
      ],
      [
        8.033485651626172e-05,
        -0.0013500408379094441,
        5.162835156436918e-07,
        -8.67238894325793e-06,
        -0.00044761158548303515,
        0.007522266949156798,
        2.8883558172333367e-06,
        -4.851780910017745e-05,
        -0.0004485149449531133,
        0.007537369435356354,
        -2.8824458353548772e-06,
        4.841853484495798e-05,
        -0.0025193755159449304,
        0.04233897376819727,
        1.612562448497539e-05,
        -0.00027087381884015934
      ],
      [
        0.0001539693012434439,
        -5.162835156436918e-07,
        -0.0013486316396316223,
        4.529621564939392e-06,
        -0.0008613835488576228,
        2.8883558172333363e-06,
        0.0075267585345377575,
        -2.5196859386871596e-05,
        -0.0008596210370736595,
        2.8824458353548772e-06,
        0.007529501785927278,
        -2.5289183985110883e-05,
        -0.004809084657623171,
        1.6125624484975398e-05,
        0.042364254593367054,
        -0.00014182016881776502
      ],
      [
        5.162835156436918e-07,
        8.67238894325793e-06,
        4.529621564939392e-06,
        -7.599622141734718e-05,
        -2.8883558172333363e-06,
        -4.851780910017744e-05,
        -2.5196859386871596e-05,
        0.0004241374674420969,
        -2.8824458353548772e-06,
        -4.841853484495798e-05,
        -2.5289183985110883e-05,
        0.00042429205134319716,
        -1.612562448497539e-05,
        -0.00027087381884015934,
        -0.00014182016881776502,
        0.0023872517725728286
      ]
    ],
    "final_state_imag": [
      [
        0.0,
        0.0,
        0.0,
        0.0,
        0.0,
        0.0,
        0.0,
        0.0,
        0.0,
        0.0,
        0.0,
        0.0,
        0.0,
        0.0,
        0.0,
        0.0
      ],
      [
        0.0,
        0.0,
        0.0,
        0.0,
        0.0,
        0.0,
        0.0,
        0.0,
        0.0,
        0.0,
        0.0,
        0.0,
        0.0,
        0.0,
        0.0,
        0.0
      ],
      [
        0.0,
        0.0,
        0.0,
        0.0,
        0.0,
        0.0,
        0.0,
        0.0,
        0.0,
        0.0,
        0.0,
        0.0,
        0.0,
        0.0,
        0.0,
        0.0
      ],
      [
        0.0,
        0.0,
        0.0,
        0.0,
        0.0,
        0.0,
        0.0,
        0.0,
        0.0,
        0.0,
        0.0,
        0.0,
        0.0,
        0.0,
        0.0,
        0.0
      ],
      [
        0.0,
        0.0,
        0.0,
        0.0,
        0.0,
        0.0,
        0.0,
        0.0,
        0.0,
        0.0,
        0.0,
        0.0,
        0.0,
        0.0,
        0.0,
        0.0
      ],
      [
        0.0,
        0.0,
        0.0,
        0.0,
        0.0,
        0.0,
        0.0,
        0.0,
        0.0,
        0.0,
        0.0,
        0.0,
        0.0,
        0.0,
        0.0,
        0.0
      ],
      [
        0.0,
        0.0,
        0.0,
        0.0,
        0.0,
        0.0,
        0.0,
        0.0,
        0.0,
        0.0,
        0.0,
        0.0,
        0.0,
        0.0,
        0.0,
        0.0
      ],
      [
        0.0,
        0.0,
        0.0,
        0.0,
        0.0,
        0.0,
        0.0,
        0.0,
        0.0,
        0.0,
        0.0,
        0.0,
        0.0,
        0.0,
        0.0,
        0.0
      ],
      [
        0.0,
        0.0,
        0.0,
        0.0,
        0.0,
        0.0,
        0.0,
        0.0,
        0.0,
        0.0,
        0.0,
        0.0,
        0.0,
        0.0,
        0.0,
        0.0
      ],
      [
        0.0,
        0.0,
        0.0,
        0.0,
        0.0,
        0.0,
        0.0,
        0.0,
        0.0,
        0.0,
        0.0,
        0.0,
        0.0,
        0.0,
        0.0,
        0.0
      ],
      [
        0.0,
        0.0,
        0.0,
        0.0,
        0.0,
        0.0,
        0.0,
        0.0,
        0.0,
        0.0,
        0.0,
        0.0,
        0.0,
        0.0,
        0.0,
        0.0
      ],
      [
        0.0,
        0.0,
        0.0,
        0.0,
        0.0,
        0.0,
        0.0,
        0.0,
        0.0,
        0.0,
        0.0,
        0.0,
        0.0,
        0.0,
        0.0,
        0.0
      ],
      [
        0.0,
        0.0,
        0.0,
        0.0,
        0.0,
        0.0,
        0.0,
        0.0,
        0.0,
        0.0,
        0.0,
        0.0,
        0.0,
        0.0,
        0.0,
        0.0
      ],
      [
        0.0,
        0.0,
        0.0,
        0.0,
        0.0,
        0.0,
        0.0,
        0.0,
        0.0,
        0.0,
        0.0,
        0.0,
        0.0,
        0.0,
        0.0,
        0.0
      ],
      [
        0.0,
        0.0,
        0.0,
        0.0,
        0.0,
        0.0,
        0.0,
        0.0,
        0.0,
        0.0,
        0.0,
        0.0,
        0.0,
        0.0,
        0.0,
        0.0
      ],
      [
        0.0,
        0.0,
        0.0,
        0.0,
        0.0,
        0.0,
        0.0,
        0.0,
        0.0,
        0.0,
        0.0,
        0.0,
        0.0,
        0.0,
        0.0,
        0.0
      ]
    ],
    "num_qubits": 4
  }
}