{
  "config": {
    "symbols": [
      "H",
      "H"
    ],
    "geometry": [
      [
        0.0,
        0.0,
        0.0
      ],
      [
        0.0,
        0.0,
        0.7414
      ]
    ],
    "basis": "sto-3g",
    "ansatz": "RY-CZ",
    "optimizer": {
      "name": "Adam",
      "stepsize": 0.4,
      "iterations_planned": 50
    },
    "seed": 0,
    "noisy": true,
    "depolarizing_prob": 0.02,
    "amplitude_damping_prob": 0.02
  },
  "result": {
    "energy": -1.055716083680192,
    "energies": [
      0.669049974129299,
      0.5418241581292498,
      0.33213500611495217,
      0.09100526866715444,
      -0.08154687734234434,
      -0.2742085851339133,
      -0.5177163242111995,
      -0.768032010471644,
      -0.959980770982014,
      -1.042747295371251,
      -1.011534824662451,
      -0.9129484274440692,
      -0.8112453619359447,
      -0.7476049708105437,
      -0.733786862611647,
      -0.7649514436162681,
      -0.8285311998612744,
      -0.9074146599416214,
      -0.9823414550274396,
      -1.0361235600651797,
      -1.0588592352351913,
      -1.0513329648405259,
      -1.0241172830918683,
      -0.9922432761701968,
      -0.9686234369126394,
      -0.9601984377451153,
      -0.9676580461104121,
      -0.987002714351838,
      -1.0115498833931973,
      -1.034087027273996,
      -1.0490643956976407,
      -1.0542646023426676,
      -1.0511603854318647,
      -1.0437027462797963,
      -1.0362685202277429,
      -1.0319659747195116,
      -1.0319640906419754,
      -1.0356933438921523,
      -1.041481125811781,
      -1.047337049596932,
      -1.0517091662846705,
      -1.053976741288728,
      -1.0544656859840604,
      -1.0540202742535842,
      -1.053451662478643,
      -1.0532078502120081,
      -1.0533633851530064,
      -1.0537921563962553,
      -1.0543499170515076,
      -1.0549790175966158,
      -1.055716083680192
    ],
    "steps": 50,
    "final_state_real": [
      [
        0.0012724399369880826,
        -4.1459898786280994e-05,
        4.237011649194994e-05,
        1.3808052252791545e-06,
        -0.0015499944510802732,
        5.05149443021138e-05,
        -6.234334037737739e-05,
        -2.031715210667288e-06,
        -0.001629673591497892,
        5.309963967188058e-05,
        -7.915882188051081e-05,
        -2.5797171197373994e-06,
        -0.002943320618491912,
        9.592400605225265e-05,
        -0.00011838522326999677,
        -3.858071405541417e-06
      ],
      [
        -4.1459898786280994e-05,
        1.8234944120998102e-05,
        -1.3808052252791547e-06,
        5.147357756560588e-07,
        5.05149443021138e-05,
        -2.221249222199682e-05,
        2.0317152106672886e-06,
        -7.573816246702083e-07,
        5.309963967188058e-05,
        -2.3354349398032666e-05,
        2.5797171197373985e-06,
        -9.616654603351395e-07,
        9.592400605225265e-05,
        -4.217981961130813e-05,
        3.858071405541417e-06,
        -1.4382096338506684e-06
      ],
      [
        4.237011649194994e-05,
        -1.3808052252791545e-06,
        1.8961561208483894e-05,
        -4.799981254020045e-07,
        6.234334037737739e-05,
        -2.031715210667288e-06,
        -1.79449167190979e-05,
        7.52760252554582e-07,
        -7.915882188051081e-05,
        2.5797171197373994e-06,
        -2.4284962029863154e-05,
        6.147561438441922e-07,
        0.00011838522326999677,
        -3.858071405541417e-06,
        -3.407602094293283e-05,
        1.4294340025416876e-06
      ],
      [
        1.3808052252791547e-06,
        5.147357756560588e-07,
        -4.799981254020045e-07,
        2.7173228301999404e-07,
        2.0317152106672886e-06,
        7.573816246702083e-07,
        7.52760252554582e-07,
        -2.571630645319642e-07,
        -2.5797171197373985e-06,
        -9.616654603351395e-07,
        6.147561438441922e-07,
        -3.4802029763646345e-07,
        3.858071405541417e-06,
        1.4382096338506684e-06,
        1.4294340025416876e-06,
        -4.883329418527682e-07
      ],
      [
        -0.001549994451080273,
        5.05149443021138e-05,
        6.234334037737739e-05,
        2.031715210667288e-06,
        0.03400945929647138,
        -0.0011081299000606992,
        0.0013676445723017699,
        4.4570346463827925e-05,
        0.002943320618491912,
        -9.592400605225265e-05,
        -0.00011838522326999677,
        -3.858071405541417e-06,
        -0.05260344852861297,
        0.001713977680524547,
        -0.0021157373738789485,
        -6.895003986419297e-05
      ],
      [
        5.05149443021138e-05,
        -2.221249222199682e-05,
        -2.0317152106672886e-06,
        7.573816246702083e-07,
        -0.0011081299000606992,
        0.00048737906743516755,
        -4.4570346463827925e-05,
        1.6614908053870968e-05,
        -9.592400605225265e-05,
        4.217981961130813e-05,
        3.858071405541417e-06,
        -1.4382096338506684e-06,
        0.001713977680524547,
        -0.0007538437898778726,
        6.895003986419296e-05,
        -2.5703156101423635e-05
      ],
      [
        -6.234334037737739e-05,
        2.031715210667288e-06,
        -1.79449167190979e-05,
        7.52760252554582e-07,
        0.0013676445723017699,
        -4.4570346463827925e-05,
        0.0005067999088773677,
        -1.2829270941371701e-05,
        0.00011838522326999677,
        -3.858071405541417e-06,
        3.407602094293283e-05,
        -1.4294340025416876e-06,
        -0.0021157373738789485,
        6.895003986419297e-05,
        -0.0007838825865632733,
        1.984341731931316e-05
      ],
      [
        -2.0317152106672886e-06,
        -7.573816246702083e-07,
        7.52760252554582e-07,
        -2.571630645319642e-07,
        4.4570346463827925e-05,
        1.6614908053870968e-05,
        -1.2829270941371701e-05,
        7.262793119163381e-06,
        3.858071405541417e-06,
        1.4382096338506684e-06,
        -1.4294340025416876e-06,
        4.883329418527682e-07,
        -6.895003986419296e-05,
        -2.5703156101423635e-05,
        1.984341731931316e-05,
        -1.1233579478210471e-05
      ],
      [
        -0.001629673591497892,
        5.309963967188058e-05,
        -7.915882188051081e-05,
        -2.5797171197373994e-06,
        0.002943320618491912,
        -9.592400605225265e-05,
        0.00011838522326999677,
        3.858071405541417e-06,
        0.03376091872423241,
        -0.001100031704876962,
        0.0011241819889801045,
        3.663611273864125e-05,
        -0.050480408068848535,
        0.0016451768586452822,
        -0.0020304055026982466,
        -6.616914843965443e-05
      ],
      [
        5.309963967188058e-05,
        -2.3354349398032666e-05,
        2.5797171197373985e-06,
        -9.616654603351395e-07,
        -9.592400605225265e-05,
        4.217981961130813e-05,
        -3.858071405541417e-06,
        1.4382096338506684e-06,
        -0.001100031704876962,
        0.00048381730918251,
        -3.663611273864125e-05,
        1.3657188980969313e-05,
        0.0016451768586452822,
        -0.0007234191521208566,
        6.616914843965444e-05,
        -2.4666496999749306e-05
      ],
      [
        -7.915882188051081e-05,
        2.5797171197373994e-06,
        -2.4284962029863154e-05,
        6.147561438441922e-07,
        -0.00011838522326999677,
        3.858071405541417e-06,
        3.407602094293283e-05,
        -1.4294340025416876e-06,
        0.0011241819889801045,
        -3.663611273864125e-05,
        0.0005030962234331209,
        -1.2735514839183151e-05,
        0.0020304055026982466,
        -6.616914843965443e-05,
        -0.0005844322333607182,
        2.451598758981418e-05
      ],
      [
        -2.5797171197373985e-06,
        -9.616654603351395e-07,
        6.147561438441922e-07,
        -3.4802029763646345e-07,
        -3.858071405541417e-06,
        -1.4382096338506684e-06,
        -1.4294340025416876e-06,
        4.883329418527682e-07,
        3.663611273864125e-05,
        1.3657188980969313e-05,
        -1.2735514839183151e-05,
        7.209716745847516e-06,
        6.616914843965444e-05,
        2.4666496999749306e-05,
        2.451598758981418e-05,
        -8.375318007597738e-06
      ],
      [
        -0.002943320618491912,
        9.592400605225265e-05,
        0.00011838522326999677,
        3.858071405541417e-06,
        -0.05260344852861297,
        0.001713977680524547,
        -0.0021157373738789485,
        -6.895003986419297e-05,
        -0.05048040806884853,
        0.001645176858645282,
        0.0020304055026982466,
        6.616914843965443e-05,
        0.9023534689433552,
        -0.029401374795257982,
        0.03628692868475261,
        0.0011825594283357264
      ],
      [
        9.592400605225265e-05,
        -4.217981961130813e-05,
        -3.858071405541417e-06,
        1.4382096338506684e-06,
        0.001713977680524547,
        -0.0007538437898778726,
        6.895003986419296e-05,
        -2.5703156101423635e-05,
        0.001645176858645282,
        -0.0007234191521208564,
        -6.616914843965444e-05,
        2.4666496999749306e-05,
        -0.029401374795257982,
        0.012931349138977071,
        -0.0011825594283357264,
        0.00044083382178736663
      ],
      [
        -0.00011838522326999677,
        3.858071405541417e-06,
        -3.407602094293283e-05,
        1.4294340025416876e-06,
        -0.0021157373738789485,
        6.895003986419297e-05,
        -0.0007838825865632733,
        1.984341731931316e-05,
        -0.0020304055026982466,
        6.616914843965443e-05,
        -0.0005844322333607182,
        2.4515987589814172e-05,
        0.03628692868475261,
        -0.0011825594283357264,
        0.013446631181317163,
        -0.00034039168447356225
      ],
      [
        -3.858071405541417e-06,
        -1.4382096338506684e-06,
        1.4294340025416876e-06,
        -4.883329418527682e-07,
        -6.895003986419296e-05,
        -2.5703156101423635e-05,
        1.984341731931316e-05,
        -1.1233579478210471e-05,
        -6.616914843965444e-05,
        -2.4666496999749306e-05,
        2.4515987589814172e-05,
        -8.375318007597738e-06,
        0.0011825594283357264,
        0.00044083382178736663,
        -0.00034039168447356225,
        0.00019269952245241868
      ]
    ],
    "final_state_imag": [
      [
        0.0,
        0.0,
        0.0,
        0.0,
        0.0,
        0.0,
        0.0,
        0.0,
        0.0,
        0.0,
        0.0,
        0.0,
        0.0,
        0.0,
        0.0,
        0.0
      ],
      [
        0.0,
        0.0,
        0.0,
        0.0,
        0.0,
        0.0,
        0.0,
        0.0,
        0.0,
        0.0,
        0.0,
        0.0,
        0.0,
        0.0,
        0.0,
        0.0
      ],
      [
        0.0,
        0.0,
        0.0,
        0.0,
        0.0,
        0.0,
        0.0,
        0.0,
        0.0,
        0.0,
        0.0,
        0.0,
        0.0,
        0.0,
        0.0,
        0.0
      ],
      [
        0.0,
        0.0,
        0.0,
        0.0,
        0.0,
        0.0,
        0.0,
        0.0,
        0.0,
        0.0,
        0.0,
        0.0,
        0.0,
        0.0,
        0.0,
        0.0
      ],
      [
        0.0,
        0.0,
        0.0,
        0.0,
        0.0,
        0.0,
        0.0,
        0.0,
        0.0,
        0.0,
        0.0,
        0.0,
        0.0,
        0.0,
        0.0,
        0.0
      ],
      [
        0.0,
        0.0,
        0.0,
        0.0,
        0.0,
        0.0,
        0.0,
        0.0,
        0.0,
        0.0,
        0.0,
        0.0,
        0.0,
        0.0,
        0.0,
        0.0
      ],
      [
        0.0,
        0.0,
        0.0,
        0.0,
        0.0,
        0.0,
        0.0,
        0.0,
        0.0,
        0.0,
        0.0,
        0.0,
        0.0,
        0.0,
        0.0,
        0.0
      ],
      [
        0.0,
        0.0,
        0.0,
        0.0,
        0.0,
        0.0,
        0.0,
        0.0,
        0.0,
        0.0,
        0.0,
        0.0,
        0.0,
        0.0,
        0.0,
        0.0
      ],
      [
        0.0,
        0.0,
        0.0,
        0.0,
        0.0,
        0.0,
        0.0,
        0.0,
        0.0,
        0.0,
        0.0,
        0.0,
        0.0,
        0.0,
        0.0,
        0.0
      ],
      [
        0.0,
        0.0,
        0.0,
        0.0,
        0.0,
        0.0,
        0.0,
        0.0,
        0.0,
        0.0,
        0.0,
        0.0,
        0.0,
        0.0,
        0.0,
        0.0
      ],
      [
        0.0,
        0.0,
        0.0,
        0.0,
        0.0,
        0.0,
        0.0,
        0.0,
        0.0,
        0.0,
        0.0,
        0.0,
        0.0,
        0.0,
        0.0,
        0.0
      ],
      [
        0.0,
        0.0,
        0.0,
        0.0,
        0.0,
        0.0,
        0.0,
        0.0,
        0.0,
        0.0,
        0.0,
        0.0,
        0.0,
        0.0,
        0.0,
        0.0
      ],
      [
        0.0,
        0.0,
        0.0,
        0.0,
        0.0,
        0.0,
        0.0,
        0.0,
        0.0,
        0.0,
        0.0,
        0.0,
        0.0,
        0.0,
        0.0,
        0.0
      ],
      [
        0.0,
        0.0,
        0.0,
        0.0,
        0.0,
        0.0,
        0.0,
        0.0,
        0.0,
        0.0,
        0.0,
        0.0,
        0.0,
        0.0,
        0.0,
        0.0
      ],
      [
        0.0,
        0.0,
        0.0,
        0.0,
        0.0,
        0.0,
        0.0,
        0.0,
        0.0,
        0.0,
        0.0,
        0.0,
        0.0,
        0.0,
        0.0,
        0.0
      ],
      [
        0.0,
        0.0,
        0.0,
        0.0,
        0.0,
        0.0,
        0.0,
        0.0,
        0.0,
        0.0,
        0.0,
        0.0,
        0.0,
        0.0,
        0.0,
        0.0
      ]
    ]
  }
}