{
  "config": {
    "symbols": [
      "H",
      "H"
    ],
    "geometry": [
      [
        0.0,
        0.0,
        0.0
      ],
      [
        0.0,
        0.0,
        0.7414
      ]
    ],
    "basis": "sto-3g",
    "ansatz": "RY-CZ",
    "optimizer": {
      "name": "Adam",
      "stepsize": 0.4,
      "iterations_planned": 50
    },
    "seed": 0,
    "noisy": true,
    "depolarizing_prob": 0.1,
    "amplitude_damping_prob": 0.1
  },
  "result": {
    "energy": -0.8496754327674513,
    "energies": [
      0.5194164197668012,
      0.42549555775658,
      0.2674805598988066,
      0.07659287353631916,
      -0.07642869511686831,
      -0.24572429466384355,
      -0.4454120907395976,
      -0.6406713109722625,
      -0.7839541457249015,
      -0.8394812141402201,
      -0.8075773952859502,
      -0.7279168433617712,
      -0.6501083827308264,
      -0.6035671795568512,
      -0.5956724588996352,
      -0.6220151123760397,
      -0.6727124213633267,
      -0.7346146346036972,
      -0.7930285411977388,
      -0.8348201537759746,
      -0.8523665031159793,
      -0.8462620680832533,
      -0.8247095835854013,
      -0.799406236269388,
      -0.7804663942712645,
      -0.7734388444469361,
      -0.7790268920161668,
      -0.7942240563452819,
      -0.8138350039256127,
      -0.8321400643635923,
      -0.8446107583715515,
      -0.8492587051030567,
      -0.8470118964095201,
      -0.8408780672694769,
      -0.8343960533362704,
      -0.830266745866523,
      -0.8297046477148511,
      -0.8324651186204268,
      -0.8372717816201721,
      -0.8424369134080817,
      -0.8465133259412332,
      -0.84876780795875,
      -0.8492849350401589,
      -0.84869791066115,
      -0.8477662723641041,
      -0.8470596646041167,
      -0.8468500365087507,
      -0.8471553553987226,
      -0.8478424527943298,
      -0.8487325842371877,
      -0.8496754327674513
    ],
    "steps": 50,
    "final_state_real": [
      [
        0.023208536995102086,
        -0.0006655099657829539,
        0.0008032743640450464,
        2.305565351479922e-05,
        -0.005994976104883766,
        0.00017210339379936367,
        -0.00021456588398802197,
        -6.158489426219287e-06,
        -0.006199485433211659,
        0.00017777162513084397,
        -0.00022918740628939481,
        -6.578157682955114e-06,
        -0.0017141795586545928,
        4.921055805136872e-05,
        -6.135211314975734e-05,
        -1.7609339056440222e-06
      ],
      [
        -0.0006655099657829539,
        0.0015034447303567185,
        -2.305565351479922e-05,
        5.050941919709984e-05,
        0.00017210339379936367,
        -0.0003883534423304695,
        6.15848942621929e-06,
        -1.3491776489881278e-05,
        0.00017777162513084397,
        -0.0004016015187623553,
        6.578157682955114e-06,
        -1.4411169205840499e-05,
        4.921055805136872e-05,
        -0.0001110442344938993,
        1.7609339056440222e-06,
        -3.857784762486476e-06
      ],
      [
        0.0008032743640450464,
        -2.305565351479922e-05,
        0.0015156955724357091,
        -4.149525014528142e-05,
        0.00021456588398802197,
        -6.158489426219287e-06,
        -0.0003737930998440782,
        1.1239672368745423e-05,
        -0.0002291874062893949,
        6.578157682955114e-06,
        -0.00040487397479994653,
        1.108424882091602e-05,
        6.135211314975734e-05,
        -1.7609339056440222e-06,
        -0.00010688090823195651,
        3.2138270917848495e-06
      ],
      [
        2.305565351479922e-05,
        5.050941919709984e-05,
        -4.149525014528142e-05,
        9.81864786084701e-05,
        6.15848942621929e-06,
        1.3491776489881278e-05,
        1.1239672368745423e-05,
        -2.4214247814193607e-05,
        -6.578157682955114e-06,
        -1.4411169205840503e-05,
        1.108424882091602e-05,
        -2.622766114038207e-05,
        1.7609339056440222e-06,
        3.857784762486476e-06,
        3.2138270917848495e-06,
        -6.92372545029387e-06
      ],
      [
        -0.005994976104883766,
        0.00017210339379936367,
        0.00021456588398802197,
        6.158489426219287e-06,
        0.11989421557778569,
        -0.003437993326489528,
        0.0042869645775179665,
        0.0001230448453897493,
        0.0017141795586545926,
        -4.9210558051368704e-05,
        -6.135211314975731e-05,
        -1.7609339056440218e-06,
        -0.033085799373931746,
        0.0009487426636971494,
        -0.0011839714111739684,
        -3.3982454624836144e-05
      ],
      [
        0.00017210339379936367,
        -0.0003883534423304695,
        -6.15848942621929e-06,
        1.3491776489881278e-05,
        -0.003437993326489528,
        0.00776672509123324,
        -0.0001230448453897493,
        0.0002695618092908915,
        -4.9210558051368704e-05,
        0.00011104423449389928,
        1.7609339056440218e-06,
        -3.857784762486472e-06,
        0.0009487426636971496,
        -0.0021432919588544068,
        3.3982454624836144e-05,
        -7.444742543907979e-05
      ],
      [
        -0.00021456588398802197,
        6.158489426219287e-06,
        -0.0003737930998440782,
        1.1239672368745423e-05,
        0.0042869645775179665,
        -0.0001230448453897493,
        0.007830012367873635,
        -0.0002143625195945115,
        6.135211314975732e-05,
        -1.7609339056440222e-06,
        0.00010688090823195651,
        -3.2138270917848495e-06,
        -0.0011839714111739684,
        3.398245462483616e-05,
        -0.002160756605732956,
        5.9155108379629014e-05
      ],
      [
        -6.15848942621929e-06,
        -1.3491776489881278e-05,
        1.1239672368745423e-05,
        -2.4214247814193607e-05,
        0.0001230448453897493,
        0.0002695618092908915,
        -0.0002143625195945115,
        0.0005072267517591439,
        1.7609339056440222e-06,
        3.857784762486474e-06,
        -3.2138270917848495e-06,
        6.92372545029387e-06,
        -3.398245462483616e-05,
        -7.44474254390798e-05,
        5.915510837962903e-05,
        -0.000139973412936725
      ],
      [
        -0.006199485433211659,
        0.00017777162513084397,
        -0.00022918740628939481,
        -6.578157682955114e-06,
        0.0017141795586545928,
        -4.921055805136872e-05,
        6.135211314975734e-05,
        1.7609339056440222e-06,
        0.11976804543454356,
        -0.0034343753695399095,
        0.004145310863397145,
        0.00011897908766357471,
        -0.032029247762146947,
        0.000919493613363292,
        -0.0011463571729598552,
        -3.2902847354512394e-05
      ],
      [
        0.00017777162513084397,
        -0.0004016015187623553,
        6.578157682955114e-06,
        -1.4411169205840499e-05,
        -4.921055805136872e-05,
        0.0001110442344938993,
        -1.7609339056440222e-06,
        3.857784762486476e-06,
        -0.0034343753695399095,
        0.007758551812709663,
        -0.00011897908766357471,
        0.0002606547071255429,
        0.000919493613363292,
        -0.0020748487410237014,
        3.290284735451241e-05,
        -7.208226428023363e-05
      ],
      [
        -0.0002291874062893949,
        6.578157682955114e-06,
        -0.00040487397479994653,
        1.108424882091602e-05,
        -6.135211314975734e-05,
        1.7609339056440222e-06,
        0.00010688090823195651,
        -3.2138270917848495e-06,
        0.004145310863397145,
        -0.00011897908766357471,
        0.00782177248926664,
        -0.00021413693615270283,
        0.0011463571729598552,
        -3.2902847354512394e-05,
        -0.0019970574689920375,
        6.004998931866209e-05
      ],
      [
        -6.578157682955114e-06,
        -1.4411169205840503e-05,
        1.108424882091602e-05,
        -2.622766114038207e-05,
        -1.7609339056440222e-06,
        -3.857784762486476e-06,
        -3.2138270917848495e-06,
        6.92372545029387e-06,
        0.00011897908766357471,
        0.0002606547071255429,
        -0.00021413693615270283,
        0.0005066929739482857,
        3.290284735451241e-05,
        7.208226428023363e-05,
        6.004998931866209e-05,
        -0.00012936901316137436
      ],
      [
        -0.0017141795586545926,
        4.9210558051368704e-05,
        6.135211314975731e-05,
        1.7609339056440218e-06,
        -0.033085799373931746,
        0.0009487426636971494,
        -0.0011839714111739684,
        -3.3982454624836144e-05,
        -0.032029247762146947,
        0.000919493613363292,
        0.0011463571729598552,
        3.2902847354512394e-05,
        0.6187161156125272,
        -0.01774182237413557,
        0.022122952791242607,
        0.0006349749937376894
      ],
      [
        4.9210558051368704e-05,
        -0.00011104423449389928,
        -1.7609339056440218e-06,
        3.857784762486472e-06,
        0.0009487426636971496,
        -0.0021432919588544068,
        3.3982454624836144e-05,
        -7.444742543907979e-05,
        0.000919493613363292,
        -0.0020748487410237014,
        -3.290284735451241e-05,
        7.208226428023363e-05,
        -0.01774182237413557,
        0.04008031543740746,
        -0.0006349749937376894,
        0.00139107824975709
      ],
      [
        -6.135211314975732e-05,
        1.7609339056440222e-06,
        -0.00010688090823195651,
        3.2138270917848495e-06,
        -0.0011839714111739684,
        3.398245462483616e-05,
        -0.002160756605732956,
        5.9155108379629014e-05,
        -0.0011463571729598552,
        3.2902847354512394e-05,
        -0.0019970574689920375,
        6.004998931866209e-05,
        0.022122952791242607,
        -0.0006349749937376894,
        0.040406910492739714,
        -0.0011062213870558439
      ],
      [
        -1.7609339056440222e-06,
        -3.857784762486474e-06,
        3.2138270917848495e-06,
        -6.92372545029387e-06,
        -3.398245462483616e-05,
        -7.44474254390798e-05,
        5.915510837962903e-05,
        -0.000139973412936725,
        -3.290284735451241e-05,
        -7.208226428023363e-05,
        6.004998931866209e-05,
        -0.00012936901316137436,
        0.0006349749937376894,
        0.00139107824975709,
        -0.0011062213870558439,
        0.0026175521819029645
      ]
    ],
    "final_state_imag": [
      [
        0.0,
        0.0,
        0.0,
        0.0,
        0.0,
        0.0,
        0.0,
        0.0,
        0.0,
        0.0,
        0.0,
        0.0,
        0.0,
        0.0,
        0.0,
        0.0
      ],
      [
        0.0,
        0.0,
        0.0,
        0.0,
        0.0,
        0.0,
        0.0,
        0.0,
        0.0,
        0.0,
        0.0,
        0.0,
        0.0,
        0.0,
        0.0,
        0.0
      ],
      [
        0.0,
        0.0,
        0.0,
        0.0,
        0.0,
        0.0,
        0.0,
        0.0,
        0.0,
        0.0,
        0.0,
        0.0,
        0.0,
        0.0,
        0.0,
        0.0
      ],
      [
        0.0,
        0.0,
        0.0,
        0.0,
        0.0,
        0.0,
        0.0,
        0.0,
        0.0,
        0.0,
        0.0,
        0.0,
        0.0,
        0.0,
        0.0,
        0.0
      ],
      [
        0.0,
        0.0,
        0.0,
        0.0,
        0.0,
        0.0,
        0.0,
        0.0,
        0.0,
        0.0,
        0.0,
        0.0,
        0.0,
        0.0,
        0.0,
        0.0
      ],
      [
        0.0,
        0.0,
        0.0,
        0.0,
        0.0,
        0.0,
        0.0,
        0.0,
        0.0,
        0.0,
        0.0,
        0.0,
        0.0,
        0.0,
        0.0,
        0.0
      ],
      [
        0.0,
        0.0,
        0.0,
        0.0,
        0.0,
        0.0,
        0.0,
        0.0,
        0.0,
        0.0,
        0.0,
        0.0,
        0.0,
        0.0,
        0.0,
        0.0
      ],
      [
        0.0,
        0.0,
        0.0,
        0.0,
        0.0,
        0.0,
        0.0,
        0.0,
        0.0,
        0.0,
        0.0,
        0.0,
        0.0,
        0.0,
        0.0,
        0.0
      ],
      [
        0.0,
        0.0,
        0.0,
        0.0,
        0.0,
        0.0,
        0.0,
        0.0,
        0.0,
        0.0,
        0.0,
        0.0,
        0.0,
        0.0,
        0.0,
        0.0
      ],
      [
        0.0,
        0.0,
        0.0,
        0.0,
        0.0,
        0.0,
        0.0,
        0.0,
        0.0,
        0.0,
        0.0,
        0.0,
        0.0,
        0.0,
        0.0,
        0.0
      ],
      [
        0.0,
        0.0,
        0.0,
        0.0,
        0.0,
        0.0,
        0.0,
        0.0,
        0.0,
        0.0,
        0.0,
        0.0,
        0.0,
        0.0,
        0.0,
        0.0
      ],
      [
        0.0,
        0.0,
        0.0,
        0.0,
        0.0,
        0.0,
        0.0,
        0.0,
        0.0,
        0.0,
        0.0,
        0.0,
        0.0,
        0.0,
        0.0,
        0.0
      ],
      [
        0.0,
        0.0,
        0.0,
        0.0,
        0.0,
        0.0,
        0.0,
        0.0,
        0.0,
        0.0,
        0.0,
        0.0,
        0.0,
        0.0,
        0.0,
        0.0
      ],
      [
        0.0,
        0.0,
        0.0,
        0.0,
        0.0,
        0.0,
        0.0,
        0.0,
        0.0,
        0.0,
        0.0,
        0.0,
        0.0,
        0.0,
        0.0,
        0.0
      ],
      [
        0.0,
        0.0,
        0.0,
        0.0,
        0.0,
        0.0,
        0.0,
        0.0,
        0.0,
        0.0,
        0.0,
        0.0,
        0.0,
        0.0,
        0.0,
        0.0
      ],
      [
        0.0,
        0.0,
        0.0,
        0.0,
        0.0,
        0.0,
        0.0,
        0.0,
        0.0,
        0.0,
        0.0,
        0.0,
        0.0,
        0.0,
        0.0,
        0.0
      ]
    ]
  }
}